BlockStat;28;   0;   0;16; 8;Depth;4
BlockStat;28;   0;   0;16; 8;QT_Depth;2
BlockStat;28;   0;   0;16; 8;BT_Depth;3
BlockStat;28;   0;   0;16; 8;MT_Depth;2
BlockStat;28;   0;   0;16; 8;ChromaQPAdj;0
BlockStat;28;   0;   0;16; 8;QP;38
BlockStat;28;   0;   0;16; 8;SplitSeries;102433
BlockStat;28;   0;   0;16; 8;SkipFlag;0
BlockStat;28;   0;   0;16; 8;PredMode;0
BlockStat;28;   0;   0;16; 8;MergeFlag;0
BlockStat;28;   0;   0;16; 8;InterDir;1
BlockStat;28;   0;   0;16; 8;MVPIdxL0;0
BlockStat;28;   0;   0;16; 8;RefIdxL0;0
BlockStat;28;   0;   0;16; 8;MVDL0; 240;   4
BlockStat;28;   0;   0;16; 8;MVL0; 240;   4
BlockStat;28;   0;   0;16; 8;IMVMode;1
BlockStat;28;   0;   0;16; 8;RootCbf;0
BlockStat;28;  16;   0;16; 8;Depth;4
BlockStat;28;  16;   0;16; 8;QT_Depth;2
BlockStat;28;  16;   0;16; 8;BT_Depth;3
BlockStat;28;  16;   0;16; 8;MT_Depth;2
BlockStat;28;  16;   0;16; 8;ChromaQPAdj;0
BlockStat;28;  16;   0;16; 8;QP;38
BlockStat;28;  16;   0;16; 8;SplitSeries;102433
BlockStat;28;  16;   0;16; 8;SkipFlag;0
BlockStat;28;  16;   0;16; 8;PredMode;0
BlockStat;28;  16;   0;16; 8;MergeFlag;0
BlockStat;28;  16;   0;16; 8;InterDir;1
BlockStat;28;  16;   0;16; 8;MVPIdxL0;0
BlockStat;28;  16;   0;16; 8;RefIdxL0;1
BlockStat;28;  16;   0;16; 8;MVDL0;  64; -16
BlockStat;28;  16;   0;16; 8;MVL0; 592;  64
BlockStat;28;  16;   0;16; 8;IMVMode;2
BlockStat;28;  16;   0;16; 8;RootCbf;1
BlockStat;28;  16;   0;16; 8;Cbf_Y;1
BlockStat;28;  16;   0;16; 8;TransformSkipFlag_Y;0
BlockStat;28;  16;   0;16; 8;Cbf_Cb;0
BlockStat;28;  16;   0;16; 8;Cbf_Cr;0
BlockStat;28;   0;   8;32;16;Depth;3
BlockStat;28;   0;   8;32;16;QT_Depth;2
BlockStat;28;   0;   8;32;16;BT_Depth;1
BlockStat;28;   0;   8;32;16;MT_Depth;1
BlockStat;28;   0;   8;32;16;ChromaQPAdj;0
BlockStat;28;   0;   8;32;16;QP;38
BlockStat;28;   0;   8;32;16;SplitSeries;4129
BlockStat;28;   0;   8;32;16;SkipFlag;0
BlockStat;28;   0;   8;32;16;PredMode;0
BlockStat;28;   0;   8;32;16;MergeFlag;0
BlockStat;28;   0;   8;32;16;InterDir;1
BlockStat;28;   0;   8;32;16;AffineFlag;1
BlockStat;28;   0;   8;32;16;AffineType;0
BlockStat;28;   0;   8;32;16;MVPIdxL0;0
BlockStat;28;   0;   8;32;16;RefIdxL0;1
BlockStat;28;   0;   8;32;16;AffineMVL0; 591;  64; 590;  63; 591;  64
BlockStat;28;   0;   8;32;16;RootCbf;1
BlockStat;28;   0;   8;16;16;Cbf_Y;0
BlockStat;28;   0;   8;16;16;TransformSkipFlag_Y;0
BlockStat;28;   0;   8;16;16;Cbf_Cb;0
BlockStat;28;   0;   8;16;16;Cbf_Cr;0
BlockStat;28;  16;   8;16;16;Cbf_Y;2
BlockStat;28;  16;   8;16;16;TransformSkipFlag_Y;0
BlockStat;28;  16;   8;16;16;Cbf_Cb;0
BlockStat;28;  16;   8;16;16;Cbf_Cr;0
BlockStat;28;   0;  24;32; 8;Depth;3
BlockStat;28;   0;  24;32; 8;QT_Depth;2
BlockStat;28;   0;  24;32; 8;BT_Depth;2
BlockStat;28;   0;  24;32; 8;MT_Depth;1
BlockStat;28;   0;  24;32; 8;ChromaQPAdj;0
BlockStat;28;   0;  24;32; 8;QP;38
BlockStat;28;   0;  24;32; 8;SplitSeries;4129
BlockStat;28;   0;  24;32; 8;SkipFlag;0
BlockStat;28;   0;  24;32; 8;PredMode;0
BlockStat;28;   0;  24;32; 8;MergeFlag;1
BlockStat;28;   0;  24;32; 8;MergeIdx;2
BlockStat;28;   0;  24;32; 8;MergeType;0
BlockStat;28;   0;  24;32; 8;MMVDMergeFlag;0
BlockStat;28;   0;  24;32; 8;AffineFlag;0
BlockStat;28;   0;  24;32; 8;MHIntraFlag;0
BlockStat;28;   0;  24;32; 8;MVPIdxL0;255
BlockStat;28;   0;  24;32; 8;RefIdxL0;0
BlockStat: POC 28 @(   0,  24) [32x 8] TrianglePartitioning={   0,   0,  32,   8}
BlockStat: POC 28 @[(0, 24)--(32, 24)--(32, 32)--] TriangleMVL0={ 591,  63}
BlockStat: POC 28 @[(0, 24)--(0, 32)--(32, 32)--] TriangleMVL0={ 240,   4}
BlockStat;28;   0;  24;32; 8;Cbf_Y;1
BlockStat;28;   0;  24;32; 8;TransformSkipFlag_Y;0
BlockStat;28;   0;  24;32; 8;Cbf_Cb;0
BlockStat;28;   0;  24;32; 8;Cbf_Cr;0
BlockStat;28;  32;   0;32;32;Depth;2
BlockStat;28;  32;   0;32;32;QT_Depth;2
BlockStat;28;  32;   0;32;32;BT_Depth;0
BlockStat;28;  32;   0;32;32;MT_Depth;0
BlockStat;28;  32;   0;32;32;ChromaQPAdj;0
BlockStat;28;  32;   0;32;32;QP;38
BlockStat;28;  32;   0;32;32;SplitSeries;33
BlockStat;28;  32;   0;32;32;SkipFlag;0
BlockStat;28;  32;   0;32;32;PredMode;0
BlockStat;28;  32;   0;32;32;MergeFlag;0
BlockStat;28;  32;   0;32;32;InterDir;1
BlockStat;28;  32;   0;32;32;AffineFlag;1
BlockStat;28;  32;   0;32;32;AffineType;1
BlockStat;28;  32;   0;32;32;MVPIdxL0;0
BlockStat;28;  32;   0;32;32;RefIdxL0;0
BlockStat;28;  32;   0;32;32;AffineMVL0; 244;  11; 238;   5; 242;   8
BlockStat;28;  32;   0;32;32;RootCbf;1
BlockStat;28;  32;   0;32;32;Cbf_Y;1
BlockStat;28;  32;   0;32;32;TransformSkipFlag_Y;0
BlockStat;28;  32;   0;32;32;Cbf_Cb;0
BlockStat;28;  32;   0;32;32;Cbf_Cr;0
BlockStat;28;   0;  32;32;32;Depth;2
BlockStat;28;   0;  32;32;32;QT_Depth;2
BlockStat;28;   0;  32;32;32;BT_Depth;0
BlockStat;28;   0;  32;32;32;MT_Depth;0
BlockStat;28;   0;  32;32;32;ChromaQPAdj;0
BlockStat;28;   0;  32;32;32;QP;38
BlockStat;28;   0;  32;32;32;SplitSeries;33
BlockStat;28;   0;  32;32;32;SkipFlag;0
BlockStat;28;   0;  32;32;32;PredMode;0
BlockStat;28;   0;  32;32;32;MergeFlag;1
BlockStat;28;   0;  32;32;32;MergeIdx;0
BlockStat;28;   0;  32;32;32;MergeType;0
BlockStat;28;   0;  32;32;32;MMVDMergeFlag;0
BlockStat;28;   0;  32;32;32;AffineFlag;0
BlockStat;28;   0;  32;32;32;MHIntraFlag;0
BlockStat;28;   0;  32;32;32;MVPIdxL0;255
BlockStat;28;   0;  32;32;32;RefIdxL0;0
BlockStat;28;   0;  32;32;32;MVDL0;   0;   0
BlockStat;28;   0;  32;32;32;MVL0; 240;   4
BlockStat;28;   0;  32;32;32;Cbf_Y;1
BlockStat;28;   0;  32;32;32;TransformSkipFlag_Y;0
BlockStat;28;   0;  32;32;32;Cbf_Cb;0
BlockStat;28;   0;  32;32;32;Cbf_Cr;0
BlockStat;28;  32;  32;16;16;Depth;4
BlockStat;28;  32;  32;16;16;QT_Depth;2
BlockStat;28;  32;  32;16;16;BT_Depth;2
BlockStat;28;  32;  32;16;16;MT_Depth;2
BlockStat;28;  32;  32;16;16;ChromaQPAdj;0
BlockStat;28;  32;  32;16;16;QP;38
BlockStat;28;  32;  32;16;16;SplitSeries;100385
BlockStat;28;  32;  32;16;16;SkipFlag;0
BlockStat;28;  32;  32;16;16;PredMode;0
BlockStat;28;  32;  32;16;16;MergeFlag;1
BlockStat;28;  32;  32;16;16;MergeIdx;39
BlockStat;28;  32;  32;16;16;MergeType;0
BlockStat;28;  32;  32;16;16;MMVDMergeFlag;1
BlockStat;28;  32;  32;16;16;MMVDMergeIdx;39
BlockStat;28;  32;  32;16;16;MVPIdxL0;255
BlockStat;28;  32;  32;16;16;RefIdxL0;0
BlockStat;28;  32;  32;16;16;MVDL0;   0;   0
BlockStat;28;  32;  32;16;16;MVL0; 239;   4
BlockStat;28;  32;  32;16;16;Cbf_Y;1
BlockStat;28;  32;  32;16;16;TransformSkipFlag_Y;0
BlockStat;28;  32;  32;16;16;Cbf_Cb;0
BlockStat;28;  32;  32;16;16;Cbf_Cr;0
BlockStat;28;  48;  32;16;16;Depth;4
BlockStat;28;  48;  32;16;16;QT_Depth;2
BlockStat;28;  48;  32;16;16;BT_Depth;2
BlockStat;28;  48;  32;16;16;MT_Depth;2
BlockStat;28;  48;  32;16;16;ChromaQPAdj;0
BlockStat;28;  48;  32;16;16;QP;38
BlockStat;28;  48;  32;16;16;SplitSeries;100385
BlockStat;28;  48;  32;16;16;SkipFlag;0
BlockStat;28;  48;  32;16;16;PredMode;0
BlockStat;28;  48;  32;16;16;MergeFlag;0
BlockStat;28;  48;  32;16;16;InterDir;1
BlockStat;28;  48;  32;16;16;AffineFlag;0
BlockStat;28;  48;  32;16;16;MVPIdxL0;1
BlockStat;28;  48;  32;16;16;RefIdxL0;0
BlockStat;28;  48;  32;16;16;MVDL0;   0;   0
BlockStat;28;  48;  32;16;16;MVL0; 235;   2
BlockStat;28;  48;  32;16;16;RootCbf;1
BlockStat;28;  48;  32; 8;16;Cbf_Y;0
BlockStat;28;  48;  32; 8;16;TransformSkipFlag_Y;0
BlockStat;28;  48;  32; 8;16;Cbf_Cb;0
BlockStat;28;  48;  32; 8;16;Cbf_Cr;0
BlockStat;28;  56;  32; 8;16;Cbf_Y;2
BlockStat;28;  56;  32; 8;16;TransformSkipFlag_Y;0
BlockStat;28;  56;  32; 8;16;Cbf_Cb;0
BlockStat;28;  56;  32; 8;16;Cbf_Cr;0
BlockStat;28;  32;  48;16; 8;Depth;5
BlockStat;28;  32;  48;16; 8;QT_Depth;2
BlockStat;28;  32;  48;16; 8;BT_Depth;3
BlockStat;28;  32;  48;16; 8;MT_Depth;3
BlockStat;28;  32;  48;16; 8;ChromaQPAdj;0
BlockStat;28;  32;  48;16; 8;QP;38
BlockStat;28;  32;  48;16; 8;SplitSeries;3213345
BlockStat;28;  32;  48;16; 8;SkipFlag;1
BlockStat;28;  32;  48;16; 8;MMVDSkipFlag;0
BlockStat;28;  32;  48;16; 8;PredMode;0
BlockStat;28;  32;  48;16; 8;MergeIdx;2
BlockStat;28;  32;  48;16; 8;MergeType;0
BlockStat;28;  32;  48;16; 8;MMVDMergeFlag;0
BlockStat;28;  32;  48;16; 8;AffineFlag;0
BlockStat;28;  32;  48;16; 8;MVPIdxL0;255
BlockStat;28;  32;  48;16; 8;RefIdxL0;0
BlockStat: POC 28 @(  32,  48) [16x 8] TrianglePartitioning={   0,   8,  16,   0}
BlockStat: POC 28 @[(32, 48)--(48, 48)--(32, 56)--] TriangleMVL0={ 240,   4}
BlockStat: POC 28 @[(48, 48)--(32, 56)--(48, 56)--] TriangleMVL0={ 235,   2}
BlockStat;28;  48;  48;16; 8;Depth;5
BlockStat;28;  48;  48;16; 8;QT_Depth;2
BlockStat;28;  48;  48;16; 8;BT_Depth;3
BlockStat;28;  48;  48;16; 8;MT_Depth;3
BlockStat;28;  48;  48;16; 8;ChromaQPAdj;0
BlockStat;28;  48;  48;16; 8;QP;38
BlockStat;28;  48;  48;16; 8;SplitSeries;3213345
BlockStat;28;  48;  48;16; 8;SkipFlag;0
BlockStat;28;  48;  48;16; 8;PredMode;0
BlockStat;28;  48;  48;16; 8;MergeFlag;0
BlockStat;28;  48;  48;16; 8;InterDir;1
BlockStat;28;  48;  48;16; 8;MVPIdxL0;0
BlockStat;28;  48;  48;16; 8;RefIdxL0;0
BlockStat;28;  48;  48;16; 8;MVDL0;  -4;   2
BlockStat;28;  48;  48;16; 8;MVL0; 230;   4
BlockStat;28;  48;  48;16; 8;IMVMode;3
BlockStat;28;  48;  48;16; 8;RootCbf;1
BlockStat;28;  48;  48;16; 8;Cbf_Y;1
BlockStat;28;  48;  48;16; 8;TransformSkipFlag_Y;0
BlockStat;28;  48;  48;16; 8;Cbf_Cb;0
BlockStat;28;  48;  48;16; 8;Cbf_Cr;0
BlockStat;28;  32;  56;16; 8;Depth;5
BlockStat;28;  32;  56;16; 8;QT_Depth;2
BlockStat;28;  32;  56;16; 8;BT_Depth;3
BlockStat;28;  32;  56;16; 8;MT_Depth;3
BlockStat;28;  32;  56;16; 8;ChromaQPAdj;0
BlockStat;28;  32;  56;16; 8;QP;38
BlockStat;28;  32;  56;16; 8;SplitSeries;3213345
BlockStat;28;  32;  56;16; 8;SkipFlag;1
BlockStat;28;  32;  56;16; 8;MMVDSkipFlag;0
BlockStat;28;  32;  56;16; 8;PredMode;0
BlockStat;28;  32;  56;16; 8;MergeIdx;2
BlockStat;28;  32;  56;16; 8;MergeType;0
BlockStat;28;  32;  56;16; 8;MMVDMergeFlag;0
BlockStat;28;  32;  56;16; 8;AffineFlag;0
BlockStat;28;  32;  56;16; 8;MVPIdxL0;255
BlockStat;28;  32;  56;16; 8;RefIdxL0;0
BlockStat: POC 28 @(  32,  56) [16x 8] TrianglePartitioning={   0,   8,  16,   0}
BlockStat: POC 28 @[(32, 56)--(48, 56)--(32, 64)--] TriangleMVL0={ 240,   4}
BlockStat: POC 28 @[(48, 56)--(32, 64)--(48, 64)--] TriangleMVL0={ 230,   4}
BlockStat;28;  48;  56;16; 8;Depth;5
BlockStat;28;  48;  56;16; 8;QT_Depth;2
BlockStat;28;  48;  56;16; 8;BT_Depth;3
BlockStat;28;  48;  56;16; 8;MT_Depth;3
BlockStat;28;  48;  56;16; 8;ChromaQPAdj;0
BlockStat;28;  48;  56;16; 8;QP;38
BlockStat;28;  48;  56;16; 8;SplitSeries;3213345
BlockStat;28;  48;  56;16; 8;SkipFlag;1
BlockStat;28;  48;  56;16; 8;MMVDSkipFlag;0
BlockStat;28;  48;  56;16; 8;PredMode;0
BlockStat;28;  48;  56;16; 8;MergeIdx;0
BlockStat;28;  48;  56;16; 8;MergeType;0
BlockStat;28;  48;  56;16; 8;MMVDMergeFlag;0
BlockStat;28;  48;  56;16; 8;AffineFlag;0
BlockStat;28;  48;  56;16; 8;MVPIdxL0;255
BlockStat;28;  48;  56;16; 8;RefIdxL0;0
BlockStat;28;  48;  56;16; 8;MVDL0;   0;   0
BlockStat;28;  48;  56;16; 8;MVL0; 230;   4
BlockStat;28;  64;   0;16;32;Depth;3
BlockStat;28;  64;   0;16;32;QT_Depth;1
BlockStat;28;  64;   0;16;32;BT_Depth;3
BlockStat;28;  64;   0;16;32;MT_Depth;2
BlockStat;28;  64;   0;16;32;ChromaQPAdj;0
BlockStat;28;  64;   0;16;32;QP;38
BlockStat;28;  64;   0;16;32;SplitSeries;2209
BlockStat;28;  64;   0;16;32;SkipFlag;0
BlockStat;28;  64;   0;16;32;PredMode;0
BlockStat;28;  64;   0;16;32;MergeFlag;0
BlockStat;28;  64;   0;16;32;InterDir;1
BlockStat;28;  64;   0;16;32;AffineFlag;1
BlockStat;28;  64;   0;16;32;AffineType;1
BlockStat;28;  64;   0;16;32;MVPIdxL0;0
BlockStat;28;  64;   0;16;32;RefIdxL0;0
BlockStat;28;  64;   0;16;32;AffineMVL0; 235;   3; 229;   0; 231;   0
BlockStat;28;  64;   0;16;32;RootCbf;1
BlockStat;28;  64;   0;16;32;Cbf_Y;1
BlockStat;28;  64;   0;16;32;TransformSkipFlag_Y;0
BlockStat;28;  64;   0;16;32;Cbf_Cb;0
BlockStat;28;  64;   0;16;32;Cbf_Cr;0
BlockStat;28;  64;  32;16; 8;Depth;4
BlockStat;28;  64;  32;16; 8;QT_Depth;1
BlockStat;28;  64;  32;16; 8;BT_Depth;5
BlockStat;28;  64;  32;16; 8;MT_Depth;3
BlockStat;28;  64;  32;16; 8;ChromaQPAdj;0
BlockStat;28;  64;  32;16; 8;QP;38
BlockStat;28;  64;  32;16; 8;SplitSeries;133281
BlockStat;28;  64;  32;16; 8;SkipFlag;0
BlockStat;28;  64;  32;16; 8;PredMode;1
BlockStat;28;  64;  32;16; 8;Luma_IntraMode;50
BlockStat;28;  64;  32;16; 8;Chroma_IntraMode;50
BlockStat;28;  64;  32;16; 8;MultiRefIdx;0
BlockStat;28;  64;  32;16; 8;Cbf_Y;1
BlockStat;28;  64;  32;16; 8;TransformSkipFlag_Y;0
BlockStat;28;  64;  32;16; 8;Cbf_Cb;0
BlockStat;28;  64;  32;16; 8;Cbf_Cr;0
BlockStat;28;  64;  40;16;16;Depth;4
BlockStat;28;  64;  40;16;16;QT_Depth;1
BlockStat;28;  64;  40;16;16;BT_Depth;4
BlockStat;28;  64;  40;16;16;MT_Depth;3
BlockStat;28;  64;  40;16;16;ChromaQPAdj;0
BlockStat;28;  64;  40;16;16;QP;38
BlockStat;28;  64;  40;16;16;SplitSeries;133281
BlockStat;28;  64;  40;16;16;SkipFlag;0
BlockStat;28;  64;  40;16;16;PredMode;0
BlockStat;28;  64;  40;16;16;MergeFlag;0
BlockStat;28;  64;  40;16;16;InterDir;1
BlockStat;28;  64;  40;16;16;AffineFlag;0
BlockStat;28;  64;  40;16;16;MVPIdxL0;0
BlockStat;28;  64;  40;16;16;RefIdxL0;0
BlockStat;28;  64;  40;16;16;MVDL0;-492;   0
BlockStat;28;  64;  40;16;16;MVL0;-264;   4
BlockStat;28;  64;  40;16;16;IMVMode;1
BlockStat;28;  64;  40;16;16;RootCbf;0
BlockStat;28;  64;  56;16; 8;Depth;4
BlockStat;28;  64;  56;16; 8;QT_Depth;1
BlockStat;28;  64;  56;16; 8;BT_Depth;5
BlockStat;28;  64;  56;16; 8;MT_Depth;3
BlockStat;28;  64;  56;16; 8;ChromaQPAdj;0
BlockStat;28;  64;  56;16; 8;QP;38
BlockStat;28;  64;  56;16; 8;SplitSeries;133281
BlockStat;28;  64;  56;16; 8;SkipFlag;0
BlockStat;28;  64;  56;16; 8;PredMode;0
BlockStat;28;  64;  56;16; 8;MergeFlag;0
BlockStat;28;  64;  56;16; 8;InterDir;1
BlockStat;28;  64;  56;16; 8;MVPIdxL0;0
BlockStat;28;  64;  56;16; 8;RefIdxL0;0
BlockStat;28;  64;  56;16; 8;MVDL0;  -4;  -4
BlockStat;28;  64;  56;16; 8;MVL0; 224;   0
BlockStat;28;  64;  56;16; 8;IMVMode;1
BlockStat;28;  64;  56;16; 8;RootCbf;1
BlockStat;28;  64;  56;16; 8;Cbf_Y;1
BlockStat;28;  64;  56;16; 8;TransformSkipFlag_Y;0
BlockStat;28;  64;  56;16; 8;Cbf_Cb;0
BlockStat;28;  64;  56;16; 8;Cbf_Cr;0
BlockStat;28;  80;   0; 8;32;Depth;4
BlockStat;28;  80;   0; 8;32;QT_Depth;1
BlockStat;28;  80;   0; 8;32;BT_Depth;4
BlockStat;28;  80;   0; 8;32;MT_Depth;3
BlockStat;28;  80;   0; 8;32;ChromaQPAdj;0
BlockStat;28;  80;   0; 8;32;QP;38
BlockStat;28;  80;   0; 8;32;SplitSeries;166049
BlockStat;28;  80;   0; 8;32;SkipFlag;0
BlockStat;28;  80;   0; 8;32;PredMode;1
BlockStat;28;  80;   0; 8;32;Luma_IntraMode;60
BlockStat;28;  80;   0; 8;32;Chroma_IntraMode;67
BlockStat;28;  80;   0; 8;32;MultiRefIdx;0
BlockStat;28;  80;   0; 8;32;Cbf_Y;1
BlockStat;28;  80;   0; 8;32;TransformSkipFlag_Y;0
BlockStat;28;  80;   0; 8;32;Cbf_Cb;0
BlockStat;28;  80;   0; 8;32;Cbf_Cr;0
BlockStat;28;  88;   0;16;32;Depth;4
BlockStat;28;  88;   0;16;32;QT_Depth;1
BlockStat;28;  88;   0;16;32;BT_Depth;3
BlockStat;28;  88;   0;16;32;MT_Depth;3
BlockStat;28;  88;   0;16;32;ChromaQPAdj;0
BlockStat;28;  88;   0;16;32;QP;38
BlockStat;28;  88;   0;16;32;SplitSeries;166049
BlockStat;28;  88;   0;16;32;SkipFlag;0
BlockStat;28;  88;   0;16;32;PredMode;1
BlockStat;28;  88;   0;16;32;Luma_IntraMode;62
BlockStat;28;  88;   0;16;32;Chroma_IntraMode;62
BlockStat;28;  88;   0;16;32;MultiRefIdx;0
BlockStat;28;  88;   0;16;32;Cbf_Y;1
BlockStat;28;  88;   0;16;32;TransformSkipFlag_Y;2
BlockStat;28;  88;   0;16;32;Cbf_Cb;0
BlockStat;28;  88;   0;16;32;Cbf_Cr;0
BlockStat;28; 104;   0; 8;32;Depth;4
BlockStat;28; 104;   0; 8;32;QT_Depth;1
BlockStat;28; 104;   0; 8;32;BT_Depth;4
BlockStat;28; 104;   0; 8;32;MT_Depth;3
BlockStat;28; 104;   0; 8;32;ChromaQPAdj;0
BlockStat;28; 104;   0; 8;32;QP;38
BlockStat;28; 104;   0; 8;32;SplitSeries;166049
BlockStat;28; 104;   0; 8;32;SkipFlag;0
BlockStat;28; 104;   0; 8;32;PredMode;1
BlockStat;28; 104;   0; 8;32;Luma_IntraMode;62
BlockStat;28; 104;   0; 8;32;Chroma_IntraMode;62
BlockStat;28; 104;   0; 8;32;MultiRefIdx;0
BlockStat;28; 104;   0; 8; 8;Cbf_Y;2
BlockStat;28; 104;   0; 8; 8;TransformSkipFlag_Y;0
BlockStat;28;   0;   0; 0; 0;Cbf_Cb;0
BlockStat;28;   0;   0; 0; 0;Cbf_Cr;0
BlockStat;28; 104;   8; 8; 8;Cbf_Y;2
BlockStat;28; 104;   8; 8; 8;TransformSkipFlag_Y;0
BlockStat;28;   0;   0; 0; 0;Cbf_Cb;0
BlockStat;28;   0;   0; 0; 0;Cbf_Cr;0
BlockStat;28; 104;  16; 8; 8;Cbf_Y;0
BlockStat;28; 104;  16; 8; 8;TransformSkipFlag_Y;0
BlockStat;28;   0;   0; 0; 0;Cbf_Cb;0
BlockStat;28;   0;   0; 0; 0;Cbf_Cr;0
BlockStat;28; 104;  24; 8; 8;Cbf_Y;0
BlockStat;28; 104;  24; 8; 8;TransformSkipFlag_Y;0
BlockStat;28; 104;   0; 8;32;Cbf_Cb;0
BlockStat;28; 104;   0; 8;32;Cbf_Cr;0
BlockStat;28;  80;  32;16;32;Depth;4
BlockStat;28;  80;  32;16;32;QT_Depth;1
BlockStat;28;  80;  32;16;32;BT_Depth;3
BlockStat;28;  80;  32;16;32;MT_Depth;3
BlockStat;28;  80;  32;16;32;ChromaQPAdj;0
BlockStat;28;  80;  32;16;32;QP;38
BlockStat;28;  80;  32;16;32;SplitSeries;100513
BlockStat;28;  80;  32;16;32;SkipFlag;0
BlockStat;28;  80;  32;16;32;PredMode;1
BlockStat;28;  80;  32;16;32;Luma_IntraMode;0
BlockStat;28;  80;  32;16;32;Chroma_IntraMode;67
BlockStat;28;  80;  32;16;32;MultiRefIdx;0
BlockStat;28;  80;  32;16;32;Cbf_Y;1
BlockStat;28;  80;  32;16;32;TransformSkipFlag_Y;2
BlockStat;28;  80;  32;16;32;Cbf_Cb;0
BlockStat;28;  80;  32;16;32;Cbf_Cr;0
BlockStat;28;  96;  32;16;32;Depth;4
BlockStat;28;  96;  32;16;32;QT_Depth;1
BlockStat;28;  96;  32;16;32;BT_Depth;3
BlockStat;28;  96;  32;16;32;MT_Depth;3
BlockStat;28;  96;  32;16;32;ChromaQPAdj;0
BlockStat;28;  96;  32;16;32;QP;38
BlockStat;28;  96;  32;16;32;SplitSeries;100513
BlockStat;28;  96;  32;16;32;SkipFlag;0
BlockStat;28;  96;  32;16;32;PredMode;1
BlockStat;28;  96;  32;16;32;Luma_IntraMode;62
BlockStat;28;  96;  32;16;32;Chroma_IntraMode;62
BlockStat;28;  96;  32;16;32;MultiRefIdx;0
BlockStat;28;  96;  32;16;32;Cbf_Y;1
BlockStat;28;  96;  32;16;32;TransformSkipFlag_Y;0
BlockStat;28;  96;  32;16;32;Cbf_Cb;0
BlockStat;28;  96;  32;16;32;Cbf_Cr;0
BlockStat;28; 112;   0; 8;32;Depth;4
BlockStat;28; 112;   0; 8;32;QT_Depth;1
BlockStat;28; 112;   0; 8;32;BT_Depth;4
BlockStat;28; 112;   0; 8;32;MT_Depth;3
BlockStat;28; 112;   0; 8;32;ChromaQPAdj;0
BlockStat;28; 112;   0; 8;32;QP;38
BlockStat;28; 112;   0; 8;32;SplitSeries;100513
BlockStat;28; 112;   0; 8;32;SkipFlag;0
BlockStat;28; 112;   0; 8;32;PredMode;1
BlockStat;28; 112;   0; 8;32;Luma_IntraMode;63
BlockStat;28; 112;   0; 8;32;Chroma_IntraMode;63
BlockStat;28; 112;   0; 8;32;MultiRefIdx;0
BlockStat;28; 112;   0; 8;32;Cbf_Y;1
BlockStat;28; 112;   0; 8;32;TransformSkipFlag_Y;0
BlockStat;28; 112;   0; 8;32;Cbf_Cb;0
BlockStat;28; 112;   0; 8;32;Cbf_Cr;0
BlockStat;28; 120;   0; 8;32;Depth;4
BlockStat;28; 120;   0; 8;32;QT_Depth;1
BlockStat;28; 120;   0; 8;32;BT_Depth;4
BlockStat;28; 120;   0; 8;32;MT_Depth;3
BlockStat;28; 120;   0; 8;32;ChromaQPAdj;0
BlockStat;28; 120;   0; 8;32;QP;38
BlockStat;28; 120;   0; 8;32;SplitSeries;100513
BlockStat;28; 120;   0; 8;32;SkipFlag;0
BlockStat;28; 120;   0; 8;32;PredMode;1
BlockStat;28; 120;   0; 8;32;Luma_IntraMode;0
BlockStat;28; 120;   0; 8;32;Chroma_IntraMode;0
BlockStat;28; 120;   0; 8;32;MultiRefIdx;0
BlockStat;28; 120;   0; 8; 8;Cbf_Y;2
BlockStat;28; 120;   0; 8; 8;TransformSkipFlag_Y;0
BlockStat;28;   0;   0; 0; 0;Cbf_Cb;0
BlockStat;28;   0;   0; 0; 0;Cbf_Cr;0
BlockStat;28; 120;   8; 8; 8;Cbf_Y;0
BlockStat;28; 120;   8; 8; 8;TransformSkipFlag_Y;0
BlockStat;28;   0;   0; 0; 0;Cbf_Cb;0
BlockStat;28;   0;   0; 0; 0;Cbf_Cr;0
BlockStat;28; 120;  16; 8; 8;Cbf_Y;2
BlockStat;28; 120;  16; 8; 8;TransformSkipFlag_Y;0
BlockStat;28;   0;   0; 0; 0;Cbf_Cb;0
BlockStat;28;   0;   0; 0; 0;Cbf_Cr;0
BlockStat;28; 120;  24; 8; 8;Cbf_Y;2
BlockStat;28; 120;  24; 8; 8;TransformSkipFlag_Y;0
BlockStat;28; 120;   0; 8;32;Cbf_Cb;2
BlockStat;28; 120;   0; 8;32;Cbf_Cr;2
BlockStat;28; 112;  32; 4;32;Depth;4
BlockStat;28; 112;  32; 4;32;QT_Depth;1
BlockStat;28; 112;  32; 4;32;BT_Depth;5
BlockStat;28; 112;  32; 4;32;MT_Depth;3
BlockStat;28; 112;  32; 4;32;ChromaQPAdj;0
BlockStat;28; 112;  32; 4;32;QP;38
BlockStat;28; 112;  32; 4;32;SplitSeries;166049
BlockStat;28; 112;  32; 4;32;SkipFlag;0
BlockStat;28; 112;  32; 4;32;PredMode;1
BlockStat;28; 112;  32; 4;32;Luma_IntraMode;0
BlockStat;28; 112;  32; 4;32;Chroma_IntraMode;0
BlockStat;28; 112;  32; 4;32;MultiRefIdx;0
BlockStat;28; 112;  32; 4;32;Cbf_Y;1
BlockStat;28; 112;  32; 4;32;TransformSkipFlag_Y;2
BlockStat;28; 112;  32; 4;32;Cbf_Cb;0
BlockStat;28; 112;  32; 4;32;Cbf_Cr;0
BlockStat;28; 116;  32; 8;32;Depth;4
BlockStat;28; 116;  32; 8;32;QT_Depth;1
BlockStat;28; 116;  32; 8;32;BT_Depth;4
BlockStat;28; 116;  32; 8;32;MT_Depth;3
BlockStat;28; 116;  32; 8;32;ChromaQPAdj;0
BlockStat;28; 116;  32; 8;32;QP;38
BlockStat;28; 116;  32; 8;32;SplitSeries;166049
BlockStat;28; 116;  32; 8;32;SkipFlag;0
BlockStat;28; 116;  32; 8;32;PredMode;0
BlockStat;28; 116;  32; 8;32;MergeFlag;0
BlockStat;28; 116;  32; 8;32;InterDir;1
BlockStat;28; 116;  32; 8;32;MVPIdxL0;1
BlockStat;28; 116;  32; 8;32;RefIdxL0;1
BlockStat;28; 116;  32; 8;32;MVDL0;-448; -86
BlockStat;28; 116;  32; 8;32;MVL0;-448; -86
BlockStat;28; 116;  32; 8;32;IMVMode;0
BlockStat;28; 116;  32; 8;32;RootCbf;1
BlockStat;28; 116;  32; 8;32;Cbf_Y;1
BlockStat;28; 116;  32; 8;32;TransformSkipFlag_Y;0
BlockStat;28; 116;  32; 8;32;Cbf_Cb;0
BlockStat;28; 116;  32; 8;32;Cbf_Cr;0
BlockStat;28; 124;  32; 4;32;Depth;4
BlockStat;28; 124;  32; 4;32;QT_Depth;1
BlockStat;28; 124;  32; 4;32;BT_Depth;5
BlockStat;28; 124;  32; 4;32;MT_Depth;3
BlockStat;28; 124;  32; 4;32;ChromaQPAdj;0
BlockStat;28; 124;  32; 4;32;QP;38
BlockStat;28; 124;  32; 4;32;SplitSeries;166049
BlockStat;28; 124;  32; 4;32;SkipFlag;0
BlockStat;28; 124;  32; 4;32;PredMode;0
BlockStat;28; 124;  32; 4;32;MergeFlag;0
BlockStat;28; 124;  32; 4;32;InterDir;1
BlockStat;28; 124;  32; 4;32;MVPIdxL0;0
BlockStat;28; 124;  32; 4;32;RefIdxL0;1
BlockStat;28; 124;  32; 4;32;MVDL0;   5;  -3
BlockStat;28; 124;  32; 4;32;MVL0;-443; -89
BlockStat;28; 124;  32; 4;32;IMVMode;0
BlockStat;28; 124;  32; 4;32;RootCbf;1
BlockStat;28; 124;  32; 4;32;Cbf_Y;1
BlockStat;28; 124;  32; 4;32;TransformSkipFlag_Y;0
BlockStat;28; 124;  32; 4;32;Cbf_Cb;0
BlockStat;28; 124;  32; 4;32;Cbf_Cr;0
BlockStat;28;   0;  64; 8; 8;Depth;5
BlockStat;28;   0;  64; 8; 8;QT_Depth;2
BlockStat;28;   0;  64; 8; 8;BT_Depth;4
BlockStat;28;   0;  64; 8; 8;MT_Depth;3
BlockStat;28;   0;  64; 8; 8;ChromaQPAdj;0
BlockStat;28;   0;  64; 8; 8;QP;38
BlockStat;28;   0;  64; 8; 8;SplitSeries;4295713
BlockStat;28;   0;  64; 8; 8;SkipFlag;1
BlockStat;28;   0;  64; 8; 8;MMVDSkipFlag;0
BlockStat;28;   0;  64; 8; 8;PredMode;0
BlockStat;28;   0;  64; 8; 8;MergeIdx;0
BlockStat;28;   0;  64; 8; 8;MergeType;0
BlockStat;28;   0;  64; 8; 8;MMVDMergeFlag;0
BlockStat;28;   0;  64; 8; 8;AffineFlag;0
BlockStat;28;   0;  64; 8; 8;MVPIdxL0;255
BlockStat;28;   0;  64; 8; 8;RefIdxL0;0
BlockStat;28;   0;  64; 8; 8;MVDL0;   0;   0
BlockStat;28;   0;  64; 8; 8;MVL0; 240;   4
BlockStat;28;   0;  72; 8;16;Depth;5
BlockStat;28;   0;  72; 8;16;QT_Depth;2
BlockStat;28;   0;  72; 8;16;BT_Depth;3
BlockStat;28;   0;  72; 8;16;MT_Depth;3
BlockStat;28;   0;  72; 8;16;ChromaQPAdj;0
BlockStat;28;   0;  72; 8;16;QP;38
BlockStat;28;   0;  72; 8;16;SplitSeries;4295713
BlockStat;28;   0;  72; 8;16;SkipFlag;0
BlockStat;28;   0;  72; 8;16;PredMode;0
BlockStat;28;   0;  72; 8;16;MergeFlag;0
BlockStat;28;   0;  72; 8;16;InterDir;1
BlockStat;28;   0;  72; 8;16;MVPIdxL0;0
BlockStat;28;   0;  72; 8;16;RefIdxL0;0
BlockStat;28;   0;  72; 8;16;MVDL0; -32;   0
BlockStat;28;   0;  72; 8;16;MVL0; 208;   0
BlockStat;28;   0;  72; 8;16;IMVMode;2
BlockStat;28;   0;  72; 8;16;RootCbf;1
BlockStat;28;   0;  72; 8;16;Cbf_Y;1
BlockStat;28;   0;  72; 8;16;TransformSkipFlag_Y;0
BlockStat;28;   0;  72; 8;16;Cbf_Cb;0
BlockStat;28;   0;  72; 8;16;Cbf_Cr;0
BlockStat;28;   0;  88; 8; 8;Depth;5
BlockStat;28;   0;  88; 8; 8;QT_Depth;2
BlockStat;28;   0;  88; 8; 8;BT_Depth;4
BlockStat;28;   0;  88; 8; 8;MT_Depth;3
BlockStat;28;   0;  88; 8; 8;ChromaQPAdj;0
BlockStat;28;   0;  88; 8; 8;QP;38
BlockStat;28;   0;  88; 8; 8;SplitSeries;4295713
BlockStat;28;   0;  88; 8; 8;SkipFlag;1
BlockStat;28;   0;  88; 8; 8;MMVDSkipFlag;0
BlockStat;28;   0;  88; 8; 8;PredMode;0
BlockStat;28;   0;  88; 8; 8;MergeIdx;0
BlockStat;28;   0;  88; 8; 8;MergeType;0
BlockStat;28;   0;  88; 8; 8;MMVDMergeFlag;0
BlockStat;28;   0;  88; 8; 8;AffineFlag;0
BlockStat;28;   0;  88; 8; 8;MVPIdxL0;255
BlockStat;28;   0;  88; 8; 8;RefIdxL0;0
BlockStat;28;   0;  88; 8; 8;MVDL0;   0;   0
BlockStat;28;   0;  88; 8; 8;MVL0; 208;   0
BlockStat;28;   8;  64; 4;32;Depth;5
BlockStat;28;   8;  64; 4;32;QT_Depth;2
BlockStat;28;   8;  64; 4;32;BT_Depth;3
BlockStat;28;   8;  64; 4;32;MT_Depth;3
BlockStat;28;   8;  64; 4;32;ChromaQPAdj;0
BlockStat;28;   8;  64; 4;32;QP;38
BlockStat;28;   8;  64; 4;32;SplitSeries;3247137
BlockStat;28;   8;  64; 4;32;SkipFlag;0
BlockStat;28;   8;  64; 4;32;PredMode;0
BlockStat;28;   8;  64; 4;32;MergeFlag;0
BlockStat;28;   8;  64; 4;32;InterDir;1
BlockStat;28;   8;  64; 4;32;MVPIdxL0;0
BlockStat;28;   8;  64; 4;32;RefIdxL0;0
BlockStat;28;   8;  64; 4;32;MVDL0;   2;   0
BlockStat;28;   8;  64; 4;32;MVL0; 210;   0
BlockStat;28;   8;  64; 4;32;IMVMode;3
BlockStat;28;   8;  64; 4;32;RootCbf;1
BlockStat;28;   8;  64; 4;32;Cbf_Y;1
BlockStat;28;   8;  64; 4;32;TransformSkipFlag_Y;0
BlockStat;28;   8;  64; 4;32;Cbf_Cb;0
BlockStat;28;   8;  64; 4;32;Cbf_Cr;0
BlockStat;28;  12;  64; 4;32;Depth;5
BlockStat;28;  12;  64; 4;32;QT_Depth;2
BlockStat;28;  12;  64; 4;32;BT_Depth;3
BlockStat;28;  12;  64; 4;32;MT_Depth;3
BlockStat;28;  12;  64; 4;32;ChromaQPAdj;0
BlockStat;28;  12;  64; 4;32;QP;38
BlockStat;28;  12;  64; 4;32;SplitSeries;3247137
BlockStat;28;  12;  64; 4;32;SkipFlag;1
BlockStat;28;  12;  64; 4;32;MMVDSkipFlag;0
BlockStat;28;  12;  64; 4;32;PredMode;0
BlockStat;28;  12;  64; 4;32;MergeIdx;49
BlockStat;28;  12;  64; 4;32;MergeType;0
BlockStat;28;  12;  64; 4;32;MMVDMergeFlag;1
BlockStat;28;  12;  64; 4;32;MMVDMergeIdx;49
BlockStat;28;  12;  64; 4;32;MVPIdxL0;255
BlockStat;28;  12;  64; 4;32;RefIdxL0;0
BlockStat;28;  12;  64; 4;32;MVDL0;   0;   0
BlockStat;28;  12;  64; 4;32;MVL0; 224;   4
BlockStat;28;  16;  64;16;32;Depth;3
BlockStat;28;  16;  64;16;32;QT_Depth;2
BlockStat;28;  16;  64;16;32;BT_Depth;1
BlockStat;28;  16;  64;16;32;MT_Depth;1
BlockStat;28;  16;  64;16;32;ChromaQPAdj;0
BlockStat;28;  16;  64;16;32;QP;38
BlockStat;28;  16;  64;16;32;SplitSeries;3105
BlockStat;28;  16;  64;16;32;SkipFlag;0
BlockStat;28;  16;  64;16;32;PredMode;0
BlockStat;28;  16;  64;16;32;MergeFlag;0
BlockStat;28;  16;  64;16;32;InterDir;1
BlockStat;28;  16;  64;16;32;AffineFlag;1
BlockStat;28;  16;  64;16;32;AffineType;1
BlockStat;28;  16;  64;16;32;MVPIdxL0;0
BlockStat;28;  16;  64;16;32;RefIdxL0;0
BlockStat;28;  16;  64;16;32;AffineMVL0; 239;   3; 242;   0; 218;  -8
BlockStat;28;  16;  64;16;32;RootCbf;0
BlockStat;28;  32;  64;32;16;Depth;3
BlockStat;28;  32;  64;32;16;QT_Depth;2
BlockStat;28;  32;  64;32;16;BT_Depth;1
BlockStat;28;  32;  64;32;16;MT_Depth;1
BlockStat;28;  32;  64;32;16;ChromaQPAdj;0
BlockStat;28;  32;  64;32;16;QP;38
BlockStat;28;  32;  64;32;16;SplitSeries;2081
BlockStat;28;  32;  64;32;16;SkipFlag;1
BlockStat;28;  32;  64;32;16;MMVDSkipFlag;0
BlockStat;28;  32;  64;32;16;PredMode;0
BlockStat;28;  32;  64;32;16;MergeIdx;0
BlockStat;28;  32;  64;32;16;MergeType;0
BlockStat;28;  32;  64;32;16;MMVDMergeFlag;1
BlockStat;28;  32;  64;32;16;MMVDMergeIdx;0
BlockStat;28;  32;  64;32;16;MVPIdxL0;255
BlockStat;28;  32;  64;32;16;RefIdxL0;0
BlockStat;28;  32;  64;32;16;MVDL0;   0;   0
BlockStat;28;  32;  64;32;16;MVL0; 234;  -5
BlockStat;28;  32;  80;32;16;Depth;3
BlockStat;28;  32;  80;32;16;QT_Depth;2
BlockStat;28;  32;  80;32;16;BT_Depth;1
BlockStat;28;  32;  80;32;16;MT_Depth;1
BlockStat;28;  32;  80;32;16;ChromaQPAdj;0
BlockStat;28;  32;  80;32;16;QP;38
BlockStat;28;  32;  80;32;16;SplitSeries;2081
BlockStat;28;  32;  80;32;16;SkipFlag;1
BlockStat;28;  32;  80;32;16;MMVDSkipFlag;0
BlockStat;28;  32;  80;32;16;PredMode;0
BlockStat;28;  32;  80;32;16;MergeIdx;3
BlockStat;28;  32;  80;32;16;MergeType;0
BlockStat;28;  32;  80;32;16;MMVDMergeFlag;0
BlockStat;28;  32;  80;32;16;AffineFlag;1
BlockStat;28;  32;  80;32;16;MVPIdxL0;0
BlockStat;28;  32;  80;32;16;RefIdxL0;0
BlockStat;28;  32;  80;32;16;AffineMVL0; 232;  -6; 233;  -6; 223; -10
BlockStat;28;   0;  96;16;32;Depth;3
BlockStat;28;   0;  96;16;32;QT_Depth;2
BlockStat;28;   0;  96;16;32;BT_Depth;1
BlockStat;28;   0;  96;16;32;MT_Depth;1
BlockStat;28;   0;  96;16;32;ChromaQPAdj;0
BlockStat;28;   0;  96;16;32;QP;38
BlockStat;28;   0;  96;16;32;SplitSeries;3105
BlockStat;28;   0;  96;16;32;SkipFlag;0
BlockStat;28;   0;  96;16;32;PredMode;0
BlockStat;28;   0;  96;16;32;MergeFlag;0
BlockStat;28;   0;  96;16;32;InterDir;1
BlockStat;28;   0;  96;16;32;AffineFlag;0
BlockStat;28;   0;  96;16;32;MVPIdxL0;0
BlockStat;28;   0;  96;16;32;RefIdxL0;0
BlockStat;28;   0;  96;16;32;MVDL0;  -8;   4
BlockStat;28;   0;  96;16;32;MVL0; 208;  -4
BlockStat;28;   0;  96;16;32;IMVMode;1
BlockStat;28;   0;  96;16;32;RootCbf;1
BlockStat;28;   0;  96;16;32;Cbf_Y;1
BlockStat;28;   0;  96;16;32;TransformSkipFlag_Y;0
BlockStat;28;   0;  96;16;32;Cbf_Cb;0
BlockStat;28;   0;  96;16;32;Cbf_Cr;0
BlockStat;28;  16;  96;16;32;Depth;3
BlockStat;28;  16;  96;16;32;QT_Depth;2
BlockStat;28;  16;  96;16;32;BT_Depth;1
BlockStat;28;  16;  96;16;32;MT_Depth;1
BlockStat;28;  16;  96;16;32;ChromaQPAdj;0
BlockStat;28;  16;  96;16;32;QP;38
BlockStat;28;  16;  96;16;32;SplitSeries;3105
BlockStat;28;  16;  96;16;32;SkipFlag;0
BlockStat;28;  16;  96;16;32;PredMode;0
BlockStat;28;  16;  96;16;32;MergeFlag;0
BlockStat;28;  16;  96;16;32;InterDir;1
BlockStat;28;  16;  96;16;32;AffineFlag;0
BlockStat;28;  16;  96;16;32;MVPIdxL0;0
BlockStat;28;  16;  96;16;32;RefIdxL0;1
BlockStat;28;  16;  96;16;32;MVDL0; 572;  36
BlockStat;28;  16;  96;16;32;MVL0; 572;  36
BlockStat;28;  16;  96;16;32;IMVMode;1
BlockStat;28;  16;  96;16;32;RootCbf;0
BlockStat;28;  32;  96;32;32;Depth;2
BlockStat;28;  32;  96;32;32;QT_Depth;2
BlockStat;28;  32;  96;32;32;BT_Depth;0
BlockStat;28;  32;  96;32;32;MT_Depth;0
BlockStat;28;  32;  96;32;32;ChromaQPAdj;0
BlockStat;28;  32;  96;32;32;QP;38
BlockStat;28;  32;  96;32;32;SplitSeries;33
BlockStat;28;  32;  96;32;32;SkipFlag;0
BlockStat;28;  32;  96;32;32;PredMode;0
BlockStat;28;  32;  96;32;32;MergeFlag;0
BlockStat;28;  32;  96;32;32;InterDir;3
BlockStat;28;  32;  96;32;32;AffineFlag;0
BlockStat;28;  32;  96;32;32;MVPIdxL0;0
BlockStat;28;  32;  96;32;32;RefIdxL0;1
BlockStat;28;  32;  96;32;32;MVPIdxL1;0
BlockStat;28;  32;  96;32;32;RefIdxL1;0
BlockStat;28;  32;  96;32;32;MVDL0;   4;   0
BlockStat;28;  32;  96;32;32;MVL0; 576;  36
BlockStat;28;  32;  96;32;32;MVDL1;   0;   0
BlockStat;28;  32;  96;32;32;MVL1; 224;  -8
BlockStat;28;  32;  96;32;32;IMVMode;1
BlockStat;28;  32;  96;32;32;RootCbf;0
BlockStat;28;  64;  64;16;16;Depth;4
BlockStat;28;  64;  64;16;16;QT_Depth;2
BlockStat;28;  64;  64;16;16;BT_Depth;2
BlockStat;28;  64;  64;16;16;MT_Depth;2
BlockStat;28;  64;  64;16;16;ChromaQPAdj;0
BlockStat;28;  64;  64;16;16;QP;38
BlockStat;28;  64;  64;16;16;SplitSeries;100385
BlockStat;28;  64;  64;16;16;SkipFlag;1
BlockStat;28;  64;  64;16;16;MMVDSkipFlag;0
BlockStat;28;  64;  64;16;16;PredMode;0
BlockStat;28;  64;  64;16;16;MergeIdx;1
BlockStat;28;  64;  64;16;16;MergeType;0
BlockStat;28;  64;  64;16;16;MMVDMergeFlag;0
BlockStat;28;  64;  64;16;16;AffineFlag;0
BlockStat;28;  64;  64;16;16;MVPIdxL0;255
BlockStat;28;  64;  64;16;16;RefIdxL0;0
BlockStat;28;  64;  64;16;16;MVDL0;   0;   0
BlockStat;28;  64;  64;16;16;MVL0; 224;   0
BlockStat;28;  80;  64; 8;16;Depth;5
BlockStat;28;  80;  64; 8;16;QT_Depth;2
BlockStat;28;  80;  64; 8;16;BT_Depth;3
BlockStat;28;  80;  64; 8;16;MT_Depth;3
BlockStat;28;  80;  64; 8;16;ChromaQPAdj;0
BlockStat;28;  80;  64; 8;16;QP;38
BlockStat;28;  80;  64; 8;16;SplitSeries;3246113
BlockStat;28;  80;  64; 8;16;SkipFlag;0
BlockStat;28;  80;  64; 8;16;PredMode;0
BlockStat;28;  80;  64; 8;16;MergeFlag;0
BlockStat;28;  80;  64; 8;16;InterDir;1
BlockStat;28;  80;  64; 8;16;MVPIdxL0;1
BlockStat;28;  80;  64; 8;16;RefIdxL0;0
BlockStat;28;  80;  64; 8;16;MVDL0;  12; -40
BlockStat;28;  80;  64; 8;16;MVL0; 188; -16
BlockStat;28;  80;  64; 8;16;IMVMode;1
BlockStat;28;  80;  64; 8;16;RootCbf;1
BlockStat;28;  80;  64; 8; 4;Cbf_Y;2
BlockStat;28;  80;  64; 8; 4;TransformSkipFlag_Y;0
BlockStat;28;  80;  64; 8; 4;Cbf_Cb;0
BlockStat;28;  80;  64; 8; 4;Cbf_Cr;0
BlockStat;28;  80;  68; 8;12;Cbf_Y;0
BlockStat;28;  80;  68; 8;12;TransformSkipFlag_Y;0
BlockStat;28;  80;  68; 8;12;Cbf_Cb;0
BlockStat;28;  80;  68; 8;12;Cbf_Cr;0
BlockStat;28;  88;  64; 8;16;Depth;5
BlockStat;28;  88;  64; 8;16;QT_Depth;2
BlockStat;28;  88;  64; 8;16;BT_Depth;3
BlockStat;28;  88;  64; 8;16;MT_Depth;3
BlockStat;28;  88;  64; 8;16;ChromaQPAdj;0
BlockStat;28;  88;  64; 8;16;QP;38
BlockStat;28;  88;  64; 8;16;SplitSeries;3246113
BlockStat;28;  88;  64; 8;16;SkipFlag;0
BlockStat;28;  88;  64; 8;16;PredMode;1
BlockStat;28;  88;  64; 8;16;Luma_IntraMode;28
BlockStat;28;  88;  64; 8;16;Chroma_IntraMode;28
BlockStat;28;  88;  64; 8;16;MultiRefIdx;0
BlockStat;28;  88;  64; 8;16;Cbf_Y;0
BlockStat;28;  88;  64; 8;16;TransformSkipFlag_Y;0
BlockStat;28;  88;  64; 8;16;Cbf_Cb;0
BlockStat;28;  88;  64; 8;16;Cbf_Cr;0
BlockStat;28;  64;  80;32;16;Depth;3
BlockStat;28;  64;  80;32;16;QT_Depth;2
BlockStat;28;  64;  80;32;16;BT_Depth;1
BlockStat;28;  64;  80;32;16;MT_Depth;1
BlockStat;28;  64;  80;32;16;ChromaQPAdj;0
BlockStat;28;  64;  80;32;16;QP;38
BlockStat;28;  64;  80;32;16;SplitSeries;2081
BlockStat;28;  64;  80;32;16;SkipFlag;0
BlockStat;28;  64;  80;32;16;PredMode;0
BlockStat;28;  64;  80;32;16;MergeFlag;0
BlockStat;28;  64;  80;32;16;InterDir;3
BlockStat;28;  64;  80;32;16;AffineFlag;0
BlockStat;28;  64;  80;32;16;MVPIdxL0;1
BlockStat;28;  64;  80;32;16;RefIdxL0;0
BlockStat;28;  64;  80;32;16;MVPIdxL1;1
BlockStat;28;  64;  80;32;16;RefIdxL1;0
BlockStat;28;  64;  80;32;16;MVDL0;   8;   0
BlockStat;28;  64;  80;32;16;MVL0; 240;  -4
BlockStat;28;  64;  80;32;16;MVDL1;   0;   0
BlockStat;28;  64;  80;32;16;MVL1; 232;  -4
BlockStat;28;  64;  80;32;16;IMVMode;1
BlockStat;28;  64;  80;32;16;RootCbf;0
BlockStat;28;  96;  64; 4;16;Depth;4
BlockStat;28;  96;  64; 4;16;QT_Depth;3
BlockStat;28;  96;  64; 4;16;BT_Depth;2
BlockStat;28;  96;  64; 4;16;MT_Depth;1
BlockStat;28;  96;  64; 4;16;ChromaQPAdj;0
BlockStat;28;  96;  64; 4;16;QP;38
BlockStat;28;  96;  64; 4;16;SplitSeries;164897
BlockStat;28;  96;  64; 4;16;SkipFlag;0
BlockStat;28;  96;  64; 4;16;PredMode;1
BlockStat;28;  96;  64; 4;16;Luma_IntraMode;28
BlockStat;28;  96;  64; 4;16;Chroma_IntraMode;28
BlockStat;28;  96;  64; 4;16;MultiRefIdx;0
BlockStat;28;  96;  64; 4;16;Cbf_Y;1
BlockStat;28;  96;  64; 4;16;TransformSkipFlag_Y;2
BlockStat;28;  96;  64; 4;16;Cbf_Cb;0
BlockStat;28;  96;  64; 4;16;Cbf_Cr;0
BlockStat;28; 100;  64; 8;16;Depth;4
BlockStat;28; 100;  64; 8;16;QT_Depth;3
BlockStat;28; 100;  64; 8;16;BT_Depth;1
BlockStat;28; 100;  64; 8;16;MT_Depth;1
BlockStat;28; 100;  64; 8;16;ChromaQPAdj;0
BlockStat;28; 100;  64; 8;16;QP;38
BlockStat;28; 100;  64; 8;16;SplitSeries;164897
BlockStat;28; 100;  64; 8;16;SkipFlag;0
BlockStat;28; 100;  64; 8;16;PredMode;1
BlockStat;28; 100;  64; 8;16;Luma_IntraMode;33
BlockStat;28; 100;  64; 8;16;Chroma_IntraMode;33
BlockStat;28; 100;  64; 8;16;MultiRefIdx;0
BlockStat;28; 100;  64; 2;16;Cbf_Y;0
BlockStat;28; 100;  64; 2;16;TransformSkipFlag_Y;0
BlockStat;28;   0;   0; 0; 0;Cbf_Cb;0
BlockStat;28;   0;   0; 0; 0;Cbf_Cr;0
BlockStat;28; 102;  64; 2;16;Cbf_Y;0
BlockStat;28; 102;  64; 2;16;TransformSkipFlag_Y;0
BlockStat;28;   0;   0; 0; 0;Cbf_Cb;0
BlockStat;28;   0;   0; 0; 0;Cbf_Cr;0
BlockStat;28; 104;  64; 2;16;Cbf_Y;0
BlockStat;28; 104;  64; 2;16;TransformSkipFlag_Y;0
BlockStat;28;   0;   0; 0; 0;Cbf_Cb;0
BlockStat;28;   0;   0; 0; 0;Cbf_Cr;0
BlockStat;28; 106;  64; 2;16;Cbf_Y;2
BlockStat;28; 106;  64; 2;16;TransformSkipFlag_Y;0
BlockStat;28; 100;  64; 8;16;Cbf_Cb;0
BlockStat;28; 100;  64; 8;16;Cbf_Cr;0
BlockStat;28; 108;  64; 4;16;Depth;4
BlockStat;28; 108;  64; 4;16;QT_Depth;3
BlockStat;28; 108;  64; 4;16;BT_Depth;2
BlockStat;28; 108;  64; 4;16;MT_Depth;1
BlockStat;28; 108;  64; 4;16;ChromaQPAdj;0
BlockStat;28; 108;  64; 4;16;QP;38
BlockStat;28; 108;  64; 4;16;SplitSeries;164897
BlockStat;28; 108;  64; 4;16;SkipFlag;0
BlockStat;28; 108;  64; 4;16;PredMode;1
BlockStat;28; 108;  64; 4;16;Luma_IntraMode;0
BlockStat;28; 108;  64; 4;16;Chroma_IntraMode;0
BlockStat;28; 108;  64; 4;16;MultiRefIdx;0
BlockStat;28; 108;  64; 4;16;Cbf_Y;0
BlockStat;28; 108;  64; 4;16;TransformSkipFlag_Y;0
BlockStat;28; 108;  64; 4;16;Cbf_Cb;0
BlockStat;28; 108;  64; 4;16;Cbf_Cr;0
BlockStat;28; 112;  64; 4;16;Depth;5
BlockStat;28; 112;  64; 4;16;QT_Depth;3
BlockStat;28; 112;  64; 4;16;BT_Depth;2
BlockStat;28; 112;  64; 4;16;MT_Depth;2
BlockStat;28; 112;  64; 4;16;ChromaQPAdj;0
BlockStat;28; 112;  64; 4;16;QP;38
BlockStat;28; 112;  64; 4;16;SplitSeries;3245089
BlockStat;28; 112;  64; 4;16;SkipFlag;0
BlockStat;28; 112;  64; 4;16;PredMode;1
BlockStat;28; 112;  64; 4;16;Luma_IntraMode;2
BlockStat;28; 112;  64; 4;16;Chroma_IntraMode;0
BlockStat;28; 112;  64; 4;16;MultiRefIdx;0
BlockStat;28; 112;  64; 4;16;Cbf_Y;0
BlockStat;28; 112;  64; 4;16;TransformSkipFlag_Y;0
BlockStat;28; 112;  64; 4;16;Cbf_Cb;0
BlockStat;28; 112;  64; 4;16;Cbf_Cr;0
BlockStat;28; 116;  64; 4;16;Depth;5
BlockStat;28; 116;  64; 4;16;QT_Depth;3
BlockStat;28; 116;  64; 4;16;BT_Depth;2
BlockStat;28; 116;  64; 4;16;MT_Depth;2
BlockStat;28; 116;  64; 4;16;ChromaQPAdj;0
BlockStat;28; 116;  64; 4;16;QP;38
BlockStat;28; 116;  64; 4;16;SplitSeries;3245089
BlockStat;28; 116;  64; 4;16;SkipFlag;1
BlockStat;28; 116;  64; 4;16;MMVDSkipFlag;0
BlockStat;28; 116;  64; 4;16;PredMode;0
BlockStat;28; 116;  64; 4;16;MergeIdx;13
BlockStat;28; 116;  64; 4;16;MergeType;0
BlockStat;28; 116;  64; 4;16;MMVDMergeFlag;1
BlockStat;28; 116;  64; 4;16;MMVDMergeIdx;13
BlockStat;28; 116;  64; 4;16;MVPIdxL0;255
BlockStat;28; 116;  64; 4;16;RefIdxL0;1
BlockStat;28; 116;  64; 4;16;MVDL0;   0;   0
BlockStat;28; 116;  64; 4;16;MVL0;-456; -86
BlockStat;28; 120;  64; 8;16;Depth;4
BlockStat;28; 120;  64; 8;16;QT_Depth;3
BlockStat;28; 120;  64; 8;16;BT_Depth;1
BlockStat;28; 120;  64; 8;16;MT_Depth;1
BlockStat;28; 120;  64; 8;16;ChromaQPAdj;0
BlockStat;28; 120;  64; 8;16;QP;38
BlockStat;28; 120;  64; 8;16;SplitSeries;99361
BlockStat;28; 120;  64; 8;16;SkipFlag;0
BlockStat;28; 120;  64; 8;16;PredMode;0
BlockStat;28; 120;  64; 8;16;MergeFlag;1
BlockStat;28; 120;  64; 8;16;MergeIdx;45
BlockStat;28; 120;  64; 8;16;MergeType;0
BlockStat;28; 120;  64; 8;16;MMVDMergeFlag;1
BlockStat;28; 120;  64; 8;16;MMVDMergeIdx;45
BlockStat;28; 120;  64; 8;16;MVPIdxL0;255
BlockStat;28; 120;  64; 8;16;RefIdxL0;1
BlockStat;28; 120;  64; 8;16;MVDL0;   0;   0
BlockStat;28; 120;  64; 8;16;MVL0;-451; -89
BlockStat;28; 120;  64; 8;16;Cbf_Y;1
BlockStat;28; 120;  64; 8;16;TransformSkipFlag_Y;0
BlockStat;28; 120;  64; 8;16;Cbf_Cb;0
BlockStat;28; 120;  64; 8;16;Cbf_Cr;0
BlockStat;28;  96;  80;16; 8;Depth;4
BlockStat;28;  96;  80;16; 8;QT_Depth;3
BlockStat;28;  96;  80;16; 8;BT_Depth;1
BlockStat;28;  96;  80;16; 8;MT_Depth;1
BlockStat;28;  96;  80;16; 8;ChromaQPAdj;0
BlockStat;28;  96;  80;16; 8;QP;38
BlockStat;28;  96;  80;16; 8;SplitSeries;66593
BlockStat;28;  96;  80;16; 8;SkipFlag;0
BlockStat;28;  96;  80;16; 8;PredMode;1
BlockStat;28;  96;  80;16; 8;Luma_IntraMode;34
BlockStat;28;  96;  80;16; 8;Chroma_IntraMode;34
BlockStat;28;  96;  80;16; 8;MultiRefIdx;0
BlockStat;28;  96;  80; 4; 8;Cbf_Y;0
BlockStat;28;  96;  80; 4; 8;TransformSkipFlag_Y;0
BlockStat;28;   0;   0; 0; 0;Cbf_Cb;0
BlockStat;28;   0;   0; 0; 0;Cbf_Cr;0
BlockStat;28; 100;  80; 4; 8;Cbf_Y;0
BlockStat;28; 100;  80; 4; 8;TransformSkipFlag_Y;0
BlockStat;28;   0;   0; 0; 0;Cbf_Cb;0
BlockStat;28;   0;   0; 0; 0;Cbf_Cr;0
BlockStat;28; 104;  80; 4; 8;Cbf_Y;0
BlockStat;28; 104;  80; 4; 8;TransformSkipFlag_Y;0
BlockStat;28;   0;   0; 0; 0;Cbf_Cb;0
BlockStat;28;   0;   0; 0; 0;Cbf_Cr;0
BlockStat;28; 108;  80; 4; 8;Cbf_Y;2
BlockStat;28; 108;  80; 4; 8;TransformSkipFlag_Y;0
BlockStat;28;  96;  80;16; 8;Cbf_Cb;0
BlockStat;28;  96;  80;16; 8;Cbf_Cr;0
BlockStat;28;  96;  88;16; 8;Depth;4
BlockStat;28;  96;  88;16; 8;QT_Depth;3
BlockStat;28;  96;  88;16; 8;BT_Depth;1
BlockStat;28;  96;  88;16; 8;MT_Depth;1
BlockStat;28;  96;  88;16; 8;ChromaQPAdj;0
BlockStat;28;  96;  88;16; 8;QP;38
BlockStat;28;  96;  88;16; 8;SplitSeries;66593
BlockStat;28;  96;  88;16; 8;SkipFlag;0
BlockStat;28;  96;  88;16; 8;PredMode;0
BlockStat;28;  96;  88;16; 8;MergeFlag;0
BlockStat;28;  96;  88;16; 8;InterDir;1
BlockStat;28;  96;  88;16; 8;MVPIdxL0;0
BlockStat;28;  96;  88;16; 8;RefIdxL0;0
BlockStat;28;  96;  88;16; 8;MVDL0; -10;   3
BlockStat;28;  96;  88;16; 8;MVL0; 230;  -1
BlockStat;28;  96;  88;16; 8;IMVMode;0
BlockStat;28;  96;  88;16; 8;RootCbf;0
BlockStat;28; 112;  80; 8; 4;Depth;5
BlockStat;28; 112;  80; 8; 4;QT_Depth;3
BlockStat;28; 112;  80; 8; 4;BT_Depth;3
BlockStat;28; 112;  80; 8; 4;MT_Depth;2
BlockStat;28; 112;  80; 8; 4;ChromaQPAdj;0
BlockStat;28; 112;  80; 8; 4;QP;38
BlockStat;28; 112;  80; 8; 4;SplitSeries;4293665
BlockStat;28; 112;  80; 8; 4;SkipFlag;0
BlockStat;28; 112;  80; 8; 4;PredMode;1
BlockStat;28; 112;  80; 8; 4;Luma_IntraMode;34
BlockStat;28; 112;  80; 8; 4;MultiRefIdx;0
BlockStat;28; 112;  80; 8; 4;Cbf_Y;0
BlockStat;28; 112;  80; 8; 4;TransformSkipFlag_Y;0
BlockStat;28; 112;  84; 8; 8;Depth;5
BlockStat;28; 112;  84; 8; 8;QT_Depth;3
BlockStat;28; 112;  84; 8; 8;BT_Depth;2
BlockStat;28; 112;  84; 8; 8;MT_Depth;2
BlockStat;28; 112;  84; 8; 8;ChromaQPAdj;0
BlockStat;28; 112;  84; 8; 8;QP;38
BlockStat;28; 112;  84; 8; 8;SplitSeries;4293665
BlockStat;28; 112;  84; 8; 8;SkipFlag;0
BlockStat;28; 112;  84; 8; 8;PredMode;1
BlockStat;28; 112;  84; 8; 8;Luma_IntraMode;35
BlockStat;28; 112;  84; 8; 8;MultiRefIdx;0
BlockStat;28; 112;  84; 8; 8;Cbf_Y;1
BlockStat;28; 112;  84; 8; 8;TransformSkipFlag_Y;0
BlockStat;28; 112;  92; 4; 4;Depth;6
BlockStat;28; 112;  92; 4; 4;QT_Depth;3
BlockStat;28; 112;  92; 4; 4;BT_Depth;4
BlockStat;28; 112;  92; 4; 4;MT_Depth;3
BlockStat;28; 112;  92; 4; 4;ChromaQPAdj;0
BlockStat;28; 112;  92; 4; 4;QP;38
BlockStat;28; 112;  92; 4; 4;SplitSeries;104956961
BlockStat;28; 112;  92; 4; 4;SkipFlag;0
BlockStat;28; 112;  92; 4; 4;PredMode;1
BlockStat;28; 112;  92; 4; 4;Luma_IntraMode;34
BlockStat;28; 112;  92; 4; 4;MultiRefIdx;0
BlockStat;28; 112;  92; 4; 4;Cbf_Y;1
BlockStat;28; 112;  92; 4; 4;TransformSkipFlag_Y;0
BlockStat;28; 116;  92; 4; 4;Depth;6
BlockStat;28; 116;  92; 4; 4;QT_Depth;3
BlockStat;28; 116;  92; 4; 4;BT_Depth;4
BlockStat;28; 116;  92; 4; 4;MT_Depth;3
BlockStat;28; 116;  92; 4; 4;ChromaQPAdj;0
BlockStat;28; 116;  92; 4; 4;QP;38
BlockStat;28; 116;  92; 4; 4;SplitSeries;104956961
BlockStat;28; 116;  92; 4; 4;SkipFlag;0
BlockStat;28; 116;  92; 4; 4;PredMode;1
BlockStat;28; 116;  92; 4; 4;Luma_IntraMode;41
BlockStat;28; 116;  92; 4; 4;MultiRefIdx;0
BlockStat;28; 116;  92; 4; 4;Cbf_Y;0
BlockStat;28; 116;  92; 4; 4;TransformSkipFlag_Y;0
BlockStat;28;   0;   0; 0; 0;Depth;4
BlockStat;28;   0;   0; 0; 0;QT_Depth;3
BlockStat;28;   0;   0; 0; 0;BT_Depth;1
BlockStat;28;   0;   0; 0; 0;MT_Depth;1
BlockStat;28;   0;   0; 0; 0;ChromaQPAdj;0
BlockStat;28;   0;   0; 0; 0;QP;38
BlockStat;28;   0;   0; 0; 0;SplitSeries;99361
BlockStat;28;   0;   0; 0; 0;PredMode;1
BlockStat;28; 112;  80; 8;16;Chroma_IntraMode;35
BlockStat;28; 112;  80; 8;16;Cbf_Cb;0
BlockStat;28; 112;  80; 8;16;Cbf_Cr;0
BlockStat;28; 120;  80; 8;16;Depth;4
BlockStat;28; 120;  80; 8;16;QT_Depth;3
BlockStat;28; 120;  80; 8;16;BT_Depth;1
BlockStat;28; 120;  80; 8;16;MT_Depth;1
BlockStat;28; 120;  80; 8;16;ChromaQPAdj;0
BlockStat;28; 120;  80; 8;16;QP;38
BlockStat;28; 120;  80; 8;16;SplitSeries;99361
BlockStat;28; 120;  80; 8;16;SkipFlag;0
BlockStat;28; 120;  80; 8;16;PredMode;0
BlockStat;28; 120;  80; 8;16;MergeFlag;1
BlockStat;28; 120;  80; 8;16;MergeIdx;0
BlockStat;28; 120;  80; 8;16;MergeType;0
BlockStat;28; 120;  80; 8;16;MMVDMergeFlag;0
BlockStat;28; 120;  80; 8;16;AffineFlag;0
BlockStat;28; 120;  80; 8;16;MHIntraFlag;0
BlockStat;28; 120;  80; 8;16;MVPIdxL0;255
BlockStat;28; 120;  80; 8;16;RefIdxL0;1
BlockStat;28; 120;  80; 8;16;MVDL0;   0;   0
BlockStat;28; 120;  80; 8;16;MVL0;-451; -89
BlockStat;28; 120;  80; 8;16;Cbf_Y;1
BlockStat;28; 120;  80; 8;16;TransformSkipFlag_Y;0
BlockStat;28; 120;  80; 8;16;Cbf_Cb;0
BlockStat;28; 120;  80; 8;16;Cbf_Cr;0
BlockStat;28;  64;  96;32;32;Depth;2
BlockStat;28;  64;  96;32;32;QT_Depth;2
BlockStat;28;  64;  96;32;32;BT_Depth;0
BlockStat;28;  64;  96;32;32;MT_Depth;0
BlockStat;28;  64;  96;32;32;ChromaQPAdj;0
BlockStat;28;  64;  96;32;32;QP;38
BlockStat;28;  64;  96;32;32;SplitSeries;33
BlockStat;28;  64;  96;32;32;SkipFlag;0
BlockStat;28;  64;  96;32;32;PredMode;0
BlockStat;28;  64;  96;32;32;MergeFlag;0
BlockStat;28;  64;  96;32;32;InterDir;1
BlockStat;28;  64;  96;32;32;AffineFlag;1
BlockStat;28;  64;  96;32;32;AffineType;0
BlockStat;28;  64;  96;32;32;MVPIdxL0;1
BlockStat;28;  64;  96;32;32;RefIdxL0;0
BlockStat;28;  64;  96;32;32;AffineMVL0; 234; -10; 238;  -5; 229;  -6
BlockStat;28;  64;  96;32;32;RootCbf;0
BlockStat;28;  96;  96;16;32;Depth;3
BlockStat;28;  96;  96;16;32;QT_Depth;2
BlockStat;28;  96;  96;16;32;BT_Depth;1
BlockStat;28;  96;  96;16;32;MT_Depth;1
BlockStat;28;  96;  96;16;32;ChromaQPAdj;0
BlockStat;28;  96;  96;16;32;QP;38
BlockStat;28;  96;  96;16;32;SplitSeries;3105
BlockStat;28;  96;  96;16;32;SkipFlag;1
BlockStat;28;  96;  96;16;32;MMVDSkipFlag;0
BlockStat;28;  96;  96;16;32;PredMode;0
BlockStat;28;  96;  96;16;32;MergeIdx;0
BlockStat;28;  96;  96;16;32;MergeType;0
BlockStat;28;  96;  96;16;32;MMVDMergeFlag;0
BlockStat;28;  96;  96;16;32;AffineFlag;0
BlockStat;28;  96;  96;16;32;MVPIdxL0;255
BlockStat;28;  96;  96;16;32;RefIdxL0;0
BlockStat;28;  96;  96;16;32;MVDL0;   0;   0
BlockStat;28;  96;  96;16;32;MVL0; 233;  -1
BlockStat;28; 112;  96; 4;32;Depth;4
BlockStat;28; 112;  96; 4;32;QT_Depth;2
BlockStat;28; 112;  96; 4;32;BT_Depth;3
BlockStat;28; 112;  96; 4;32;MT_Depth;2
BlockStat;28; 112;  96; 4;32;ChromaQPAdj;0
BlockStat;28; 112;  96; 4;32;QP;38
BlockStat;28; 112;  96; 4;32;SplitSeries;166945
BlockStat;28; 112;  96; 4;32;SkipFlag;1
BlockStat;28; 112;  96; 4;32;MMVDSkipFlag;0
BlockStat;28; 112;  96; 4;32;PredMode;0
BlockStat;28; 112;  96; 4;32;MergeIdx;38
BlockStat;28; 112;  96; 4;32;MergeType;0
BlockStat;28; 112;  96; 4;32;MMVDMergeFlag;1
BlockStat;28; 112;  96; 4;32;MMVDMergeIdx;38
BlockStat;28; 112;  96; 4;32;MVPIdxL0;255
BlockStat;28; 112;  96; 4;32;RefIdxL0;0
BlockStat;28; 112;  96; 4;32;MVDL0;   0;   0
BlockStat;28; 112;  96; 4;32;MVL0; 230;   1
BlockStat;28; 116;  96; 8;16;Depth;5
BlockStat;28; 116;  96; 8;16;QT_Depth;2
BlockStat;28; 116;  96; 8;16;BT_Depth;3
BlockStat;28; 116;  96; 8;16;MT_Depth;3
BlockStat;28; 116;  96; 8;16;ChromaQPAdj;0
BlockStat;28; 116;  96; 8;16;QP;38
BlockStat;28; 116;  96; 8;16;SplitSeries;2264097
BlockStat;28; 116;  96; 8;16;SkipFlag;0
BlockStat;28; 116;  96; 8;16;PredMode;1
BlockStat;28; 116;  96; 8;16;Luma_IntraMode;4
BlockStat;28; 116;  96; 8;16;Chroma_IntraMode;0
BlockStat;28; 116;  96; 8;16;MultiRefIdx;0
BlockStat;28; 116;  96; 8;16;Cbf_Y;1
BlockStat;28; 116;  96; 8;16;TransformSkipFlag_Y;2
BlockStat;28; 116;  96; 8;16;Cbf_Cb;1
BlockStat;28; 116;  96; 8;16;Cbf_Cr;1
BlockStat;28; 116; 112; 8;16;Depth;5
BlockStat;28; 116; 112; 8;16;QT_Depth;2
BlockStat;28; 116; 112; 8;16;BT_Depth;3
BlockStat;28; 116; 112; 8;16;MT_Depth;3
BlockStat;28; 116; 112; 8;16;ChromaQPAdj;0
BlockStat;28; 116; 112; 8;16;QP;38
BlockStat;28; 116; 112; 8;16;SplitSeries;2264097
BlockStat;28; 116; 112; 8;16;SkipFlag;1
BlockStat;28; 116; 112; 8;16;MMVDSkipFlag;0
BlockStat;28; 116; 112; 8;16;PredMode;0
BlockStat;28; 116; 112; 8;16;MergeIdx;9
BlockStat;28; 116; 112; 8;16;MergeType;0
BlockStat;28; 116; 112; 8;16;MMVDMergeFlag;1
BlockStat;28; 116; 112; 8;16;MMVDMergeIdx;9
BlockStat;28; 116; 112; 8;16;MVPIdxL0;255
BlockStat;28; 116; 112; 8;16;RefIdxL0;0
BlockStat;28; 116; 112; 8;16;MVDL0;   0;   0
BlockStat;28; 116; 112; 8;16;MVL0; 226;   1
BlockStat;28; 124;  96; 4;16;Depth;5
BlockStat;28; 124;  96; 4;16;QT_Depth;2
BlockStat;28; 124;  96; 4;16;BT_Depth;4
BlockStat;28; 124;  96; 4;16;MT_Depth;3
BlockStat;28; 124;  96; 4;16;ChromaQPAdj;0
BlockStat;28; 124;  96; 4;16;QP;38
BlockStat;28; 124;  96; 4;16;SplitSeries;2264097
BlockStat;28; 124;  96; 4;16;SkipFlag;0
BlockStat;28; 124;  96; 4;16;PredMode;1
BlockStat;28; 124;  96; 4;16;Luma_IntraMode;43
BlockStat;28; 124;  96; 4;16;Chroma_IntraMode;43
BlockStat;28; 124;  96; 4;16;MultiRefIdx;0
BlockStat;28; 124;  96; 4;16;Cbf_Y;1
BlockStat;28; 124;  96; 4;16;TransformSkipFlag_Y;1
BlockStat;28; 124;  96; 4;16;Cbf_Cb;0
BlockStat;28; 124;  96; 4;16;Cbf_Cr;0
BlockStat;28; 124; 112; 4;16;Depth;5
BlockStat;28; 124; 112; 4;16;QT_Depth;2
BlockStat;28; 124; 112; 4;16;BT_Depth;4
BlockStat;28; 124; 112; 4;16;MT_Depth;3
BlockStat;28; 124; 112; 4;16;ChromaQPAdj;0
BlockStat;28; 124; 112; 4;16;QP;38
BlockStat;28; 124; 112; 4;16;SplitSeries;2264097
BlockStat;28; 124; 112; 4;16;SkipFlag;0
BlockStat;28; 124; 112; 4;16;PredMode;1
BlockStat;28; 124; 112; 4;16;Luma_IntraMode;0
BlockStat;28; 124; 112; 4;16;Chroma_IntraMode;0
BlockStat;28; 124; 112; 4;16;MultiRefIdx;0
BlockStat;28; 124; 112; 4;16;Cbf_Y;1
BlockStat;28; 124; 112; 4;16;TransformSkipFlag_Y;2
BlockStat;28; 124; 112; 4;16;Cbf_Cb;0
BlockStat;28; 124; 112; 4;16;Cbf_Cr;0
BlockStat;28; 128;   0; 8; 8;Depth;5
BlockStat;28; 128;   0; 8; 8;QT_Depth;2
BlockStat;28; 128;   0; 8; 8;BT_Depth;4
BlockStat;28; 128;   0; 8; 8;MT_Depth;3
BlockStat;28; 128;   0; 8; 8;ChromaQPAdj;0
BlockStat;28; 128;   0; 8; 8;QP;38
BlockStat;28; 128;   0; 8; 8;SplitSeries;4295713
BlockStat;28; 128;   0; 8; 8;SkipFlag;0
BlockStat;28; 128;   0; 8; 8;PredMode;1
BlockStat;28; 128;   0; 8; 8;Luma_IntraMode;1
BlockStat;28; 128;   0; 8; 8;Chroma_IntraMode;1
BlockStat;28; 128;   0; 8; 8;MultiRefIdx;0
BlockStat;28; 128;   0; 8; 8;Cbf_Y;0
BlockStat;28; 128;   0; 8; 8;TransformSkipFlag_Y;0
BlockStat;28; 128;   0; 8; 8;Cbf_Cb;0
BlockStat;28; 128;   0; 8; 8;Cbf_Cr;0
BlockStat;28; 128;   8; 8;16;Depth;5
BlockStat;28; 128;   8; 8;16;QT_Depth;2
BlockStat;28; 128;   8; 8;16;BT_Depth;3
BlockStat;28; 128;   8; 8;16;MT_Depth;3
BlockStat;28; 128;   8; 8;16;ChromaQPAdj;0
BlockStat;28; 128;   8; 8;16;QP;38
BlockStat;28; 128;   8; 8;16;SplitSeries;4295713
BlockStat;28; 128;   8; 8;16;SkipFlag;0
BlockStat;28; 128;   8; 8;16;PredMode;1
BlockStat;28; 128;   8; 8;16;Luma_IntraMode;4
BlockStat;28; 128;   8; 8;16;Chroma_IntraMode;4
BlockStat;28; 128;   8; 8;16;MultiRefIdx;0
BlockStat;28; 128;   8; 8;16;Cbf_Y;1
BlockStat;28; 128;   8; 8;16;TransformSkipFlag_Y;0
BlockStat;28; 128;   8; 8;16;Cbf_Cb;1
BlockStat;28; 128;   8; 8;16;Cbf_Cr;1
BlockStat;28; 128;  24; 8; 8;Depth;5
BlockStat;28; 128;  24; 8; 8;QT_Depth;2
BlockStat;28; 128;  24; 8; 8;BT_Depth;4
BlockStat;28; 128;  24; 8; 8;MT_Depth;3
BlockStat;28; 128;  24; 8; 8;ChromaQPAdj;0
BlockStat;28; 128;  24; 8; 8;QP;38
BlockStat;28; 128;  24; 8; 8;SplitSeries;4295713
BlockStat;28; 128;  24; 8; 8;SkipFlag;1
BlockStat;28; 128;  24; 8; 8;MMVDSkipFlag;0
BlockStat;28; 128;  24; 8; 8;PredMode;0
BlockStat;28; 128;  24; 8; 8;MergeIdx;8
BlockStat;28; 128;  24; 8; 8;MergeType;0
BlockStat;28; 128;  24; 8; 8;MMVDMergeFlag;1
BlockStat;28; 128;  24; 8; 8;MMVDMergeIdx;8
BlockStat;28; 128;  24; 8; 8;MVPIdxL0;255
BlockStat;28; 128;  24; 8; 8;RefIdxL0;1
BlockStat;28; 128;  24; 8; 8;MVDL0;   0;   0
BlockStat;28; 128;  24; 8; 8;MVL0;-439; -89
BlockStat;28; 136;   0; 8;32;Depth;4
BlockStat;28; 136;   0; 8;32;QT_Depth;2
BlockStat;28; 136;   0; 8;32;BT_Depth;2
BlockStat;28; 136;   0; 8;32;MT_Depth;2
BlockStat;28; 136;   0; 8;32;ChromaQPAdj;0
BlockStat;28; 136;   0; 8;32;QP;38
BlockStat;28; 136;   0; 8;32;SplitSeries;101409
BlockStat;28; 136;   0; 8;32;SkipFlag;0
BlockStat;28; 136;   0; 8;32;PredMode;1
BlockStat;28; 136;   0; 8;32;Luma_IntraMode;4
BlockStat;28; 136;   0; 8;32;Chroma_IntraMode;4
BlockStat;28; 136;   0; 8;32;MultiRefIdx;0
BlockStat;28; 136;   0; 8;32;Cbf_Y;1
BlockStat;28; 136;   0; 8;32;TransformSkipFlag_Y;2
BlockStat;28; 136;   0; 8;32;Cbf_Cb;0
BlockStat;28; 136;   0; 8;32;Cbf_Cr;0
BlockStat;28; 144;   0;16;32;Depth;3
BlockStat;28; 144;   0;16;32;QT_Depth;2
BlockStat;28; 144;   0;16;32;BT_Depth;1
BlockStat;28; 144;   0;16;32;MT_Depth;1
BlockStat;28; 144;   0;16;32;ChromaQPAdj;0
BlockStat;28; 144;   0;16;32;QP;38
BlockStat;28; 144;   0;16;32;SplitSeries;3105
BlockStat;28; 144;   0;16;32;SkipFlag;0
BlockStat;28; 144;   0;16;32;PredMode;1
BlockStat;28; 144;   0;16;32;Luma_IntraMode;0
BlockStat;28; 144;   0;16;32;Chroma_IntraMode;0
BlockStat;28; 144;   0;16;32;MultiRefIdx;0
BlockStat;28; 144;   0;16;32;Cbf_Y;1
BlockStat;28; 144;   0;16;32;TransformSkipFlag_Y;0
BlockStat;28; 144;   0;16;32;Cbf_Cb;0
BlockStat;28; 144;   0;16;32;Cbf_Cr;1
BlockStat;28; 160;   0; 8;32;Depth;3
BlockStat;28; 160;   0; 8;32;QT_Depth;2
BlockStat;28; 160;   0; 8;32;BT_Depth;2
BlockStat;28; 160;   0; 8;32;MT_Depth;1
BlockStat;28; 160;   0; 8;32;ChromaQPAdj;0
BlockStat;28; 160;   0; 8;32;QP;38
BlockStat;28; 160;   0; 8;32;SplitSeries;5153
BlockStat;28; 160;   0; 8;32;SkipFlag;0
BlockStat;28; 160;   0; 8;32;PredMode;1
BlockStat;28; 160;   0; 8;32;Luma_IntraMode;3
BlockStat;28; 160;   0; 8;32;Chroma_IntraMode;0
BlockStat;28; 160;   0; 8;32;MultiRefIdx;0
BlockStat;28; 160;   0; 8;32;Cbf_Y;1
BlockStat;28; 160;   0; 8;32;TransformSkipFlag_Y;2
BlockStat;28; 160;   0; 8;32;Cbf_Cb;0
BlockStat;28; 160;   0; 8;32;Cbf_Cr;0
BlockStat;28; 168;   0;16;32;Depth;3
BlockStat;28; 168;   0;16;32;QT_Depth;2
BlockStat;28; 168;   0;16;32;BT_Depth;1
BlockStat;28; 168;   0;16;32;MT_Depth;1
BlockStat;28; 168;   0;16;32;ChromaQPAdj;0
BlockStat;28; 168;   0;16;32;QP;38
BlockStat;28; 168;   0;16;32;SplitSeries;5153
BlockStat;28; 168;   0;16;32;SkipFlag;0
BlockStat;28; 168;   0;16;32;PredMode;0
BlockStat;28; 168;   0;16;32;MergeFlag;0
BlockStat;28; 168;   0;16;32;InterDir;1
BlockStat;28; 168;   0;16;32;AffineFlag;1
BlockStat;28; 168;   0;16;32;AffineType;0
BlockStat;28; 168;   0;16;32;MVPIdxL0;0
BlockStat;28; 168;   0;16;32;RefIdxL0;0
BlockStat;28; 168;   0;16;32;AffineMVL0;-118;  20;-119;  24;-128;  18
BlockStat;28; 168;   0;16;32;RootCbf;1
BlockStat;28; 168;   0;16;32;Cbf_Y;1
BlockStat;28; 168;   0;16;32;TransformSkipFlag_Y;0
BlockStat;28; 168;   0;16;32;Cbf_Cb;0
BlockStat;28; 168;   0;16;32;Cbf_Cr;0
BlockStat;28; 184;   0; 8;32;Depth;3
BlockStat;28; 184;   0; 8;32;QT_Depth;2
BlockStat;28; 184;   0; 8;32;BT_Depth;2
BlockStat;28; 184;   0; 8;32;MT_Depth;1
BlockStat;28; 184;   0; 8;32;ChromaQPAdj;0
BlockStat;28; 184;   0; 8;32;QP;38
BlockStat;28; 184;   0; 8;32;SplitSeries;5153
BlockStat;28; 184;   0; 8;32;SkipFlag;1
BlockStat;28; 184;   0; 8;32;MMVDSkipFlag;0
BlockStat;28; 184;   0; 8;32;PredMode;0
BlockStat;28; 184;   0; 8;32;MergeIdx;1
BlockStat;28; 184;   0; 8;32;MergeType;0
BlockStat;28; 184;   0; 8;32;MMVDMergeFlag;0
BlockStat;28; 184;   0; 8;32;AffineFlag;1
BlockStat;28; 184;   0; 8;32;MVPIdxL0;0
BlockStat;28; 184;   0; 8;32;RefIdxL0;0
BlockStat;28; 184;   0; 8;32;AffineMVL0;-119;  26;-119;  27;-129;  24
BlockStat;28; 128;  32;32;32;Depth;2
BlockStat;28; 128;  32;32;32;QT_Depth;2
BlockStat;28; 128;  32;32;32;BT_Depth;0
BlockStat;28; 128;  32;32;32;MT_Depth;0
BlockStat;28; 128;  32;32;32;ChromaQPAdj;0
BlockStat;28; 128;  32;32;32;QP;38
BlockStat;28; 128;  32;32;32;SplitSeries;33
BlockStat;28; 128;  32;32;32;SkipFlag;0
BlockStat;28; 128;  32;32;32;PredMode;0
BlockStat;28; 128;  32;32;32;MergeFlag;0
BlockStat;28; 128;  32;32;32;InterDir;3
BlockStat;28; 128;  32;32;32;AffineFlag;1
BlockStat;28; 128;  32;32;32;AffineType;1
BlockStat;28; 128;  32;32;32;MVPIdxL0;1
BlockStat;28; 128;  32;32;32;RefIdxL0;1
BlockStat;28; 128;  32;32;32;MVPIdxL1;1
BlockStat;28; 128;  32;32;32;RefIdxL1;1
BlockStat;28; 128;  32;32;32;AffineMVL0;-440; -89;-430;-103;-451; -93
BlockStat;28; 128;  32;32;32;AffineMVL1;-440; -88;-440; -88;-440; -88
BlockStat;28; 128;  32;32;32;RootCbf;1
BlockStat;28; 128;  32;32;32;Cbf_Y;1
BlockStat;28; 128;  32;32;32;TransformSkipFlag_Y;0
BlockStat;28; 128;  32;32;32;Cbf_Cb;0
BlockStat;28; 128;  32;32;32;Cbf_Cr;0
BlockStat;28; 160;  32;16;16;Depth;4
BlockStat;28; 160;  32;16;16;QT_Depth;2
BlockStat;28; 160;  32;16;16;BT_Depth;2
BlockStat;28; 160;  32;16;16;MT_Depth;2
BlockStat;28; 160;  32;16;16;ChromaQPAdj;0
BlockStat;28; 160;  32;16;16;QP;38
BlockStat;28; 160;  32;16;16;SplitSeries;100385
BlockStat;28; 160;  32;16;16;SkipFlag;1
BlockStat;28; 160;  32;16;16;MMVDSkipFlag;0
BlockStat;28; 160;  32;16;16;PredMode;0
BlockStat;28; 160;  32;16;16;MergeIdx;1
BlockStat;28; 160;  32;16;16;MergeType;0
BlockStat;28; 160;  32;16;16;MMVDMergeFlag;0
BlockStat;28; 160;  32;16;16;AffineFlag;0
BlockStat;28; 160;  32;16;16;MVPIdxL0;255
BlockStat;28; 160;  32;16;16;RefIdxL0;0
BlockStat;28; 160;  32;16;16;MVDL0;   0;   0
BlockStat;28; 160;  32;16;16;MVL0;-129;  19
BlockStat;28; 176;  32;16;16;Depth;4
BlockStat;28; 176;  32;16;16;QT_Depth;2
BlockStat;28; 176;  32;16;16;BT_Depth;2
BlockStat;28; 176;  32;16;16;MT_Depth;2
BlockStat;28; 176;  32;16;16;ChromaQPAdj;0
BlockStat;28; 176;  32;16;16;QP;38
BlockStat;28; 176;  32;16;16;SplitSeries;100385
BlockStat;28; 176;  32;16;16;SkipFlag;1
BlockStat;28; 176;  32;16;16;MMVDSkipFlag;0
BlockStat;28; 176;  32;16;16;PredMode;0
BlockStat;28; 176;  32;16;16;MergeIdx;2
BlockStat;28; 176;  32;16;16;MergeType;0
BlockStat;28; 176;  32;16;16;MMVDMergeFlag;0
BlockStat;28; 176;  32;16;16;AffineFlag;1
BlockStat;28; 176;  32;16;16;MVPIdxL0;0
BlockStat;28; 176;  32;16;16;RefIdxL0;0
BlockStat;28; 176;  32;16;16;AffineMVL0;-129;  20;-129;  25;-129;  20
BlockStat;28; 160;  48;32;16;Depth;3
BlockStat;28; 160;  48;32;16;QT_Depth;2
BlockStat;28; 160;  48;32;16;BT_Depth;1
BlockStat;28; 160;  48;32;16;MT_Depth;1
BlockStat;28; 160;  48;32;16;ChromaQPAdj;0
BlockStat;28; 160;  48;32;16;QP;38
BlockStat;28; 160;  48;32;16;SplitSeries;2081
BlockStat;28; 160;  48;32;16;SkipFlag;1
BlockStat;28; 160;  48;32;16;MMVDSkipFlag;0
BlockStat;28; 160;  48;32;16;PredMode;0
BlockStat;28; 160;  48;32;16;MergeIdx;18
BlockStat;28; 160;  48;32;16;MergeType;0
BlockStat;28; 160;  48;32;16;MMVDMergeFlag;1
BlockStat;28; 160;  48;32;16;MMVDMergeIdx;18
BlockStat;28; 160;  48;32;16;MVPIdxL0;255
BlockStat;28; 160;  48;32;16;RefIdxL0;1
BlockStat;28; 160;  48;32;16;MVPIdxL1;255
BlockStat;28; 160;  48;32;16;RefIdxL1;1
BlockStat;28; 160;  48;32;16;MVDL0;   0;   0
BlockStat;28; 160;  48;32;16;MVL0;-440; -91
BlockStat;28; 160;  48;32;16;MVDL1;   0;   0
BlockStat;28; 160;  48;32;16;MVL1;-440; -72
BlockStat;28; 192;   0; 8;32;Depth;3
BlockStat;28; 192;   0; 8;32;QT_Depth;2
BlockStat;28; 192;   0; 8;32;BT_Depth;2
BlockStat;28; 192;   0; 8;32;MT_Depth;1
BlockStat;28; 192;   0; 8;32;ChromaQPAdj;0
BlockStat;28; 192;   0; 8;32;QP;38
BlockStat;28; 192;   0; 8;32;SplitSeries;5153
BlockStat;28; 192;   0; 8;32;SkipFlag;1
BlockStat;28; 192;   0; 8;32;MMVDSkipFlag;0
BlockStat;28; 192;   0; 8;32;PredMode;0
BlockStat;28; 192;   0; 8;32;MergeIdx;51
BlockStat;28; 192;   0; 8;32;MergeType;0
BlockStat;28; 192;   0; 8;32;MMVDMergeFlag;1
BlockStat;28; 192;   0; 8;32;MMVDMergeIdx;51
BlockStat;28; 192;   0; 8;32;MVPIdxL0;255
BlockStat;28; 192;   0; 8;32;RefIdxL0;0
BlockStat;28; 192;   0; 8;32;MVDL0;   0;   0
BlockStat;28; 192;   0; 8;32;MVL0;-129;   9
BlockStat;28; 200;   0;16;32;Depth;3
BlockStat;28; 200;   0;16;32;QT_Depth;2
BlockStat;28; 200;   0;16;32;BT_Depth;1
BlockStat;28; 200;   0;16;32;MT_Depth;1
BlockStat;28; 200;   0;16;32;ChromaQPAdj;0
BlockStat;28; 200;   0;16;32;QP;38
BlockStat;28; 200;   0;16;32;SplitSeries;5153
BlockStat;28; 200;   0;16;32;SkipFlag;0
BlockStat;28; 200;   0;16;32;PredMode;0
BlockStat;28; 200;   0;16;32;MergeFlag;0
BlockStat;28; 200;   0;16;32;InterDir;1
BlockStat;28; 200;   0;16;32;AffineFlag;0
BlockStat;28; 200;   0;16;32;MVPIdxL0;1
BlockStat;28; 200;   0;16;32;RefIdxL0;0
BlockStat;28; 200;   0;16;32;MVDL0;  -3;  12
BlockStat;28; 200;   0;16;32;MVL0; -18;  25
BlockStat;28; 200;   0;16;32;IMVMode;0
BlockStat;28; 200;   0;16;32;RootCbf;0
BlockStat;28; 216;   0; 8;32;Depth;3
BlockStat;28; 216;   0; 8;32;QT_Depth;2
BlockStat;28; 216;   0; 8;32;BT_Depth;2
BlockStat;28; 216;   0; 8;32;MT_Depth;1
BlockStat;28; 216;   0; 8;32;ChromaQPAdj;0
BlockStat;28; 216;   0; 8;32;QP;38
BlockStat;28; 216;   0; 8;32;SplitSeries;5153
BlockStat;28; 216;   0; 8;32;SkipFlag;1
BlockStat;28; 216;   0; 8;32;MMVDSkipFlag;0
BlockStat;28; 216;   0; 8;32;PredMode;0
BlockStat;28; 216;   0; 8;32;MergeIdx;0
BlockStat;28; 216;   0; 8;32;MergeType;0
BlockStat;28; 216;   0; 8;32;MMVDMergeFlag;0
BlockStat;28; 216;   0; 8;32;AffineFlag;0
BlockStat;28; 216;   0; 8;32;MVPIdxL0;255
BlockStat;28; 216;   0; 8;32;RefIdxL0;0
BlockStat;28; 216;   0; 8;32;MVDL0;   0;   0
BlockStat;28; 216;   0; 8;32;MVL0; -18;  25
BlockStat;28; 224;   0;32;32;Depth;2
BlockStat;28; 224;   0;32;32;QT_Depth;2
BlockStat;28; 224;   0;32;32;BT_Depth;0
BlockStat;28; 224;   0;32;32;MT_Depth;0
BlockStat;28; 224;   0;32;32;ChromaQPAdj;0
BlockStat;28; 224;   0;32;32;QP;38
BlockStat;28; 224;   0;32;32;SplitSeries;33
BlockStat;28; 224;   0;32;32;SkipFlag;1
BlockStat;28; 224;   0;32;32;MMVDSkipFlag;0
BlockStat;28; 224;   0;32;32;PredMode;0
BlockStat;28; 224;   0;32;32;MergeIdx;0
BlockStat;28; 224;   0;32;32;MergeType;0
BlockStat;28; 224;   0;32;32;MMVDMergeFlag;0
BlockStat;28; 224;   0;32;32;AffineFlag;0
BlockStat;28; 224;   0;32;32;MVPIdxL0;255
BlockStat;28; 224;   0;32;32;RefIdxL0;0
BlockStat;28; 224;   0;32;32;MVDL0;   0;   0
BlockStat;28; 224;   0;32;32;MVL0; -18;  25
BlockStat;28; 192;  32; 8;32;Depth;4
BlockStat;28; 192;  32; 8;32;QT_Depth;2
BlockStat;28; 192;  32; 8;32;BT_Depth;2
BlockStat;28; 192;  32; 8;32;MT_Depth;2
BlockStat;28; 192;  32; 8;32;ChromaQPAdj;0
BlockStat;28; 192;  32; 8;32;QP;38
BlockStat;28; 192;  32; 8;32;SplitSeries;101409
BlockStat;28; 192;  32; 8;32;SkipFlag;1
BlockStat;28; 192;  32; 8;32;MMVDSkipFlag;0
BlockStat;28; 192;  32; 8;32;PredMode;0
BlockStat;28; 192;  32; 8;32;MergeIdx;1
BlockStat;28; 192;  32; 8;32;MergeType;0
BlockStat;28; 192;  32; 8;32;MMVDMergeFlag;0
BlockStat;28; 192;  32; 8;32;AffineFlag;1
BlockStat;28; 192;  32; 8;32;MVPIdxL0;0
BlockStat;28; 192;  32; 8;32;RefIdxL0;0
BlockStat;28; 192;  32; 8;32;AffineMVL0;-131;  27;-132;  28;-142;  25
BlockStat;28; 200;  32; 8;16;Depth;5
BlockStat;28; 200;  32; 8;16;QT_Depth;2
BlockStat;28; 200;  32; 8;16;BT_Depth;3
BlockStat;28; 200;  32; 8;16;MT_Depth;3
BlockStat;28; 200;  32; 8;16;ChromaQPAdj;0
BlockStat;28; 200;  32; 8;16;QP;38
BlockStat;28; 200;  32; 8;16;SplitSeries;2198561
BlockStat;28; 200;  32; 8;16;SkipFlag;0
BlockStat;28; 200;  32; 8;16;PredMode;1
BlockStat;28; 200;  32; 8;16;Luma_IntraMode;36
BlockStat;28; 200;  32; 8;16;Chroma_IntraMode;67
BlockStat;28; 200;  32; 8;16;MultiRefIdx;0
BlockStat;28; 200;  32; 8;16;Cbf_Y;1
BlockStat;28; 200;  32; 8;16;TransformSkipFlag_Y;2
BlockStat;28; 200;  32; 8;16;Cbf_Cb;0
BlockStat;28; 200;  32; 8;16;Cbf_Cr;0
BlockStat;28; 200;  48; 8;16;Depth;5
BlockStat;28; 200;  48; 8;16;QT_Depth;2
BlockStat;28; 200;  48; 8;16;BT_Depth;3
BlockStat;28; 200;  48; 8;16;MT_Depth;3
BlockStat;28; 200;  48; 8;16;ChromaQPAdj;0
BlockStat;28; 200;  48; 8;16;QP;38
BlockStat;28; 200;  48; 8;16;SplitSeries;2198561
BlockStat;28; 200;  48; 8;16;SkipFlag;0
BlockStat;28; 200;  48; 8;16;PredMode;0
BlockStat;28; 200;  48; 8;16;MergeFlag;1
BlockStat;28; 200;  48; 8;16;MergeIdx;1
BlockStat;28; 200;  48; 8;16;MergeType;0
BlockStat;28; 200;  48; 8;16;MMVDMergeFlag;0
BlockStat;28; 200;  48; 8;16;AffineFlag;0
BlockStat;28; 200;  48; 8;16;MHIntraFlag;1
BlockStat;28; 200;  48; 8;16;Luma_IntraMode;0
BlockStat;28; 200;  48; 8;16;Chroma_IntraMode;70
BlockStat;28; 200;  48; 8;16;MVPIdxL0;255
BlockStat;28; 200;  48; 8;16;RefIdxL0;0
BlockStat;28; 200;  48; 8;16;MVDL0;   0;   0
BlockStat;28; 200;  48; 8;16;MVL0;-136;  27
BlockStat;28; 200;  48; 8;16;Cbf_Y;1
BlockStat;28; 200;  48; 8;16;TransformSkipFlag_Y;1
BlockStat;28; 200;  48; 8;16;Cbf_Cb;0
BlockStat;28; 200;  48; 8;16;Cbf_Cr;0
BlockStat;28; 208;  32;16;32;Depth;3
BlockStat;28; 208;  32;16;32;QT_Depth;2
BlockStat;28; 208;  32;16;32;BT_Depth;1
BlockStat;28; 208;  32;16;32;MT_Depth;1
BlockStat;28; 208;  32;16;32;ChromaQPAdj;0
BlockStat;28; 208;  32;16;32;QP;38
BlockStat;28; 208;  32;16;32;SplitSeries;3105
BlockStat;28; 208;  32;16;32;SkipFlag;1
BlockStat;28; 208;  32;16;32;MMVDSkipFlag;0
BlockStat;28; 208;  32;16;32;PredMode;0
BlockStat;28; 208;  32;16;32;MergeIdx;1
BlockStat;28; 208;  32;16;32;MergeType;0
BlockStat;28; 208;  32;16;32;MMVDMergeFlag;0
BlockStat;28; 208;  32;16;32;AffineFlag;0
BlockStat;28; 208;  32;16;32;MVPIdxL0;255
BlockStat;28; 208;  32;16;32;RefIdxL0;0
BlockStat;28; 208;  32;16;32;MVDL0;   0;   0
BlockStat;28; 208;  32;16;32;MVL0; -18;  25
BlockStat;28; 224;  32;32;32;Depth;2
BlockStat;28; 224;  32;32;32;QT_Depth;2
BlockStat;28; 224;  32;32;32;BT_Depth;0
BlockStat;28; 224;  32;32;32;MT_Depth;0
BlockStat;28; 224;  32;32;32;ChromaQPAdj;0
BlockStat;28; 224;  32;32;32;QP;38
BlockStat;28; 224;  32;32;32;SplitSeries;33
BlockStat;28; 224;  32;32;32;SkipFlag;0
BlockStat;28; 224;  32;32;32;PredMode;0
BlockStat;28; 224;  32;32;32;MergeFlag;0
BlockStat;28; 224;  32;32;32;InterDir;3
BlockStat;28; 224;  32;32;32;AffineFlag;0
BlockStat;28; 224;  32;32;32;MVPIdxL0;0
BlockStat;28; 224;  32;32;32;RefIdxL0;0
BlockStat;28; 224;  32;32;32;MVPIdxL1;0
BlockStat;28; 224;  32;32;32;RefIdxL1;0
BlockStat;28; 224;  32;32;32;MVDL0;   1;   0
BlockStat;28; 224;  32;32;32;MVL0; -17;  25
BlockStat;28; 224;  32;32;32;MVDL1;   0;   0
BlockStat;28; 224;  32;32;32;MVL1; -18;  25
BlockStat;28; 224;  32;32;32;IMVMode;0
BlockStat;28; 224;  32;32;32;RootCbf;0
BlockStat;28; 128;  64;32;32;Depth;2
BlockStat;28; 128;  64;32;32;QT_Depth;2
BlockStat;28; 128;  64;32;32;BT_Depth;0
BlockStat;28; 128;  64;32;32;MT_Depth;0
BlockStat;28; 128;  64;32;32;ChromaQPAdj;0
BlockStat;28; 128;  64;32;32;QP;38
BlockStat;28; 128;  64;32;32;SplitSeries;33
BlockStat;28; 128;  64;32;32;SkipFlag;0
BlockStat;28; 128;  64;32;32;PredMode;0
BlockStat;28; 128;  64;32;32;MergeFlag;1
BlockStat;28; 128;  64;32;32;MergeIdx;0
BlockStat;28; 128;  64;32;32;MergeType;0
BlockStat;28; 128;  64;32;32;MMVDMergeFlag;0
BlockStat;28; 128;  64;32;32;AffineFlag;0
BlockStat;28; 128;  64;32;32;MHIntraFlag;1
BlockStat;28; 128;  64;32;32;Luma_IntraMode;0
BlockStat;28; 128;  64;32;32;Chroma_IntraMode;70
BlockStat;28; 128;  64;32;32;MVPIdxL0;255
BlockStat;28; 128;  64;32;32;RefIdxL0;1
BlockStat;28; 128;  64;32;32;MVDL0;   0;   0
BlockStat;28; 128;  64;32;32;MVL0;-451; -89
BlockStat;28; 128;  64;32;32;Cbf_Y;1
BlockStat;28; 128;  64;32;32;TransformSkipFlag_Y;0
BlockStat;28; 128;  64;32;32;Cbf_Cb;0
BlockStat;28; 128;  64;32;32;Cbf_Cr;0
BlockStat;28; 160;  64;32;32;Depth;2
BlockStat;28; 160;  64;32;32;QT_Depth;2
BlockStat;28; 160;  64;32;32;BT_Depth;0
BlockStat;28; 160;  64;32;32;MT_Depth;0
BlockStat;28; 160;  64;32;32;ChromaQPAdj;0
BlockStat;28; 160;  64;32;32;QP;38
BlockStat;28; 160;  64;32;32;SplitSeries;33
BlockStat;28; 160;  64;32;32;SkipFlag;0
BlockStat;28; 160;  64;32;32;PredMode;0
BlockStat;28; 160;  64;32;32;MergeFlag;1
BlockStat;28; 160;  64;32;32;MergeIdx;3
BlockStat;28; 160;  64;32;32;MergeType;0
BlockStat;28; 160;  64;32;32;MMVDMergeFlag;0
BlockStat;28; 160;  64;32;32;AffineFlag;1
BlockStat;28; 160;  64;32;32;MVPIdxL0;0
BlockStat;28; 160;  64;32;32;RefIdxL0;1
BlockStat;28; 160;  64;32;32;MVPIdxL1;0
BlockStat;28; 160;  64;32;32;RefIdxL1;1
BlockStat;28; 160;  64;32;32;AffineMVL0;-441;-106;-441; -92;-455;-106
BlockStat;28; 160;  64;32;32;AffineMVL1;-441; -87;-441; -73;-455; -87
BlockStat;28; 160;  64;32;32;Cbf_Y;1
BlockStat;28; 160;  64;32;32;TransformSkipFlag_Y;0
BlockStat;28; 160;  64;32;32;Cbf_Cb;0
BlockStat;28; 160;  64;32;32;Cbf_Cr;0
BlockStat;28; 128;  96;32; 8;Depth;3
BlockStat;28; 128;  96;32; 8;QT_Depth;2
BlockStat;28; 128;  96;32; 8;BT_Depth;2
BlockStat;28; 128;  96;32; 8;MT_Depth;1
BlockStat;28; 128;  96;32; 8;ChromaQPAdj;0
BlockStat;28; 128;  96;32; 8;QP;38
BlockStat;28; 128;  96;32; 8;SplitSeries;4129
BlockStat;28; 128;  96;32; 8;SkipFlag;0
BlockStat;28; 128;  96;32; 8;PredMode;0
BlockStat;28; 128;  96;32; 8;MergeFlag;1
BlockStat;28; 128;  96;32; 8;MergeIdx;1
BlockStat;28; 128;  96;32; 8;MergeType;0
BlockStat;28; 128;  96;32; 8;MMVDMergeFlag;0
BlockStat;28; 128;  96;32; 8;AffineFlag;0
BlockStat;28; 128;  96;32; 8;MHIntraFlag;0
BlockStat;28; 128;  96;32; 8;MVPIdxL1;255
BlockStat;28; 128;  96;32; 8;RefIdxL1;1
BlockStat: POC 28 @( 128,  96) [32x 8] TrianglePartitioning={   0,   0,  32,   8}
BlockStat: POC 28 @[(128, 96)--(160, 96)--(160, 104)--] TriangleMVL0={-451, -89}
BlockStat: POC 28 @[(128, 96)--(128, 104)--(160, 104)--] TriangleMVL0={-455, -87}
BlockStat;28; 128;  96;32; 8;Cbf_Y;1
BlockStat;28; 128;  96;32; 8;TransformSkipFlag_Y;0
BlockStat;28; 128;  96;32; 8;Cbf_Cb;0
BlockStat;28; 128;  96;32; 8;Cbf_Cr;0
BlockStat;28; 128; 104; 4;16;Depth;5
BlockStat;28; 128; 104; 4;16;QT_Depth;2
BlockStat;28; 128; 104; 4;16;BT_Depth;4
BlockStat;28; 128; 104; 4;16;MT_Depth;3
BlockStat;28; 128; 104; 4;16;ChromaQPAdj;0
BlockStat;28; 128; 104; 4;16;QP;38
BlockStat;28; 128; 104; 4;16;SplitSeries;5345313
BlockStat;28; 128; 104; 4;16;SkipFlag;0
BlockStat;28; 128; 104; 4;16;PredMode;1
BlockStat;28; 128; 104; 4;16;Luma_IntraMode;0
BlockStat;28; 128; 104; 4;16;Chroma_IntraMode;0
BlockStat;28; 128; 104; 4;16;MultiRefIdx;0
BlockStat;28; 128; 104; 4; 4;Cbf_Y;0
BlockStat;28; 128; 104; 4; 4;TransformSkipFlag_Y;0
BlockStat;28;   0;   0; 0; 0;Cbf_Cb;0
BlockStat;28;   0;   0; 0; 0;Cbf_Cr;0
BlockStat;28; 128; 108; 4; 4;Cbf_Y;2
BlockStat;28; 128; 108; 4; 4;TransformSkipFlag_Y;0
BlockStat;28;   0;   0; 0; 0;Cbf_Cb;0
BlockStat;28;   0;   0; 0; 0;Cbf_Cr;0
BlockStat;28; 128; 112; 4; 4;Cbf_Y;2
BlockStat;28; 128; 112; 4; 4;TransformSkipFlag_Y;0
BlockStat;28;   0;   0; 0; 0;Cbf_Cb;0
BlockStat;28;   0;   0; 0; 0;Cbf_Cr;0
BlockStat;28; 128; 116; 4; 4;Cbf_Y;0
BlockStat;28; 128; 116; 4; 4;TransformSkipFlag_Y;0
BlockStat;28; 128; 104; 4;16;Cbf_Cb;2
BlockStat;28; 128; 104; 4;16;Cbf_Cr;2
BlockStat;28; 132; 104; 8;16;Depth;5
BlockStat;28; 132; 104; 8;16;QT_Depth;2
BlockStat;28; 132; 104; 8;16;BT_Depth;3
BlockStat;28; 132; 104; 8;16;MT_Depth;3
BlockStat;28; 132; 104; 8;16;ChromaQPAdj;0
BlockStat;28; 132; 104; 8;16;QP;38
BlockStat;28; 132; 104; 8;16;SplitSeries;5345313
BlockStat;28; 132; 104; 8;16;SkipFlag;0
BlockStat;28; 132; 104; 8;16;PredMode;0
BlockStat;28; 132; 104; 8;16;MergeFlag;0
BlockStat;28; 132; 104; 8;16;InterDir;1
BlockStat;28; 132; 104; 8;16;MVPIdxL0;0
BlockStat;28; 132; 104; 8;16;RefIdxL0;1
BlockStat;28; 132; 104; 8;16;MVDL0;  -5;   5
BlockStat;28; 132; 104; 8;16;MVL0;-460; -82
BlockStat;28; 132; 104; 8;16;IMVMode;0
BlockStat;28; 132; 104; 8;16;RootCbf;1
BlockStat;28; 132; 104; 8;16;Cbf_Y;1
BlockStat;28; 132; 104; 8;16;TransformSkipFlag_Y;0
BlockStat;28; 132; 104; 8;16;Cbf_Cb;0
BlockStat;28; 132; 104; 8;16;Cbf_Cr;0
BlockStat;28; 140; 104; 4;16;Depth;5
BlockStat;28; 140; 104; 4;16;QT_Depth;2
BlockStat;28; 140; 104; 4;16;BT_Depth;4
BlockStat;28; 140; 104; 4;16;MT_Depth;3
BlockStat;28; 140; 104; 4;16;ChromaQPAdj;0
BlockStat;28; 140; 104; 4;16;QP;38
BlockStat;28; 140; 104; 4;16;SplitSeries;5345313
BlockStat;28; 140; 104; 4;16;SkipFlag;0
BlockStat;28; 140; 104; 4;16;PredMode;0
BlockStat;28; 140; 104; 4;16;MergeFlag;0
BlockStat;28; 140; 104; 4;16;InterDir;3
BlockStat;28; 140; 104; 4;16;MVPIdxL0;1
BlockStat;28; 140; 104; 4;16;RefIdxL0;1
BlockStat;28; 140; 104; 4;16;MVPIdxL1;0
BlockStat;28; 140; 104; 4;16;RefIdxL1;1
BlockStat;28; 140; 104; 4;16;MVDL0;  -4;  -4
BlockStat;28; 140; 104; 4;16;MVL0;-456; -92
BlockStat;28; 140; 104; 4;16;MVDL1;   0;   0
BlockStat;28; 140; 104; 4;16;MVL1;-460; -80
BlockStat;28; 140; 104; 4;16;IMVMode;1
BlockStat;28; 140; 104; 4;16;RootCbf;1
BlockStat;28; 140; 104; 4;12;Cbf_Y;0
BlockStat;28; 140; 104; 4;12;TransformSkipFlag_Y;0
BlockStat;28; 140; 104; 4;12;Cbf_Cb;0
BlockStat;28; 140; 104; 4;12;Cbf_Cr;0
BlockStat;28; 140; 116; 4; 4;Cbf_Y;2
BlockStat;28; 140; 116; 4; 4;TransformSkipFlag_Y;0
BlockStat;28; 140; 116; 4; 4;Cbf_Cb;0
BlockStat;28; 140; 116; 4; 4;Cbf_Cr;0
BlockStat;28; 144; 104;16;16;Depth;4
BlockStat;28; 144; 104;16;16;QT_Depth;2
BlockStat;28; 144; 104;16;16;BT_Depth;2
BlockStat;28; 144; 104;16;16;MT_Depth;2
BlockStat;28; 144; 104;16;16;ChromaQPAdj;0
BlockStat;28; 144; 104;16;16;QP;38
BlockStat;28; 144; 104;16;16;SplitSeries;102433
BlockStat;28; 144; 104;16;16;SkipFlag;0
BlockStat;28; 144; 104;16;16;PredMode;0
BlockStat;28; 144; 104;16;16;MergeFlag;0
BlockStat;28; 144; 104;16;16;InterDir;1
BlockStat;28; 144; 104;16;16;AffineFlag;0
BlockStat;28; 144; 104;16;16;MVPIdxL0;0
BlockStat;28; 144; 104;16;16;RefIdxL0;1
BlockStat;28; 144; 104;16;16;MVDL0;  -1;   0
BlockStat;28; 144; 104;16;16;MVL0;-457; -92
BlockStat;28; 144; 104;16;16;IMVMode;0
BlockStat;28; 144; 104;16;16;RootCbf;1
BlockStat;28; 144; 104;16;16;Cbf_Y;1
BlockStat;28; 144; 104;16;16;TransformSkipFlag_Y;0
BlockStat;28; 144; 104;16;16;Cbf_Cb;0
BlockStat;28; 144; 104;16;16;Cbf_Cr;0
BlockStat;28; 128; 120; 8; 8;Depth;4
BlockStat;28; 128; 120; 8; 8;QT_Depth;2
BlockStat;28; 128; 120; 8; 8;BT_Depth;4
BlockStat;28; 128; 120; 8; 8;MT_Depth;2
BlockStat;28; 128; 120; 8; 8;ChromaQPAdj;0
BlockStat;28; 128; 120; 8; 8;QP;38
BlockStat;28; 128; 120; 8; 8;SplitSeries;167969
BlockStat;28; 128; 120; 8; 8;SkipFlag;0
BlockStat;28; 128; 120; 8; 8;PredMode;0
BlockStat;28; 128; 120; 8; 8;MergeFlag;1
BlockStat;28; 128; 120; 8; 8;MergeIdx;3
BlockStat;28; 128; 120; 8; 8;MergeType;0
BlockStat;28; 128; 120; 8; 8;MMVDMergeFlag;0
BlockStat;28; 128; 120; 8; 8;AffineFlag;0
BlockStat;28; 128; 120; 8; 8;MHIntraFlag;1
BlockStat;28; 128; 120; 8; 8;Luma_IntraMode;0
BlockStat;28; 128; 120; 8; 8;Chroma_IntraMode;70
BlockStat;28; 128; 120; 8; 8;MVPIdxL0;255
BlockStat;28; 128; 120; 8; 8;RefIdxL0;1
BlockStat;28; 128; 120; 8; 8;MVPIdxL1;255
BlockStat;28; 128; 120; 8; 8;RefIdxL1;1
BlockStat;28; 128; 120; 8; 8;MVDL0;   0;   0
BlockStat;28; 128; 120; 8; 8;MVL0;-456; -92
BlockStat;28; 128; 120; 8; 8;MVDL1;   0;   0
BlockStat;28; 128; 120; 8; 8;MVL1;-460; -80
BlockStat;28; 128; 120; 8; 8;Cbf_Y;1
BlockStat;28; 128; 120; 8; 8;TransformSkipFlag_Y;0
BlockStat;28; 128; 120; 8; 8;Cbf_Cb;0
BlockStat;28; 128; 120; 8; 8;Cbf_Cr;0
BlockStat;28; 136; 120; 4; 8;Depth;5
BlockStat;28; 136; 120; 4; 8;QT_Depth;2
BlockStat;28; 136; 120; 4; 8;BT_Depth;5
BlockStat;28; 136; 120; 4; 8;MT_Depth;3
BlockStat;28; 136; 120; 4; 8;ChromaQPAdj;0
BlockStat;28; 136; 120; 4; 8;QP;38
BlockStat;28; 136; 120; 4; 8;SplitSeries;5410849
BlockStat;28; 136; 120; 4; 8;SkipFlag;0
BlockStat;28; 136; 120; 4; 8;PredMode;0
BlockStat;28; 136; 120; 4; 8;MergeFlag;1
BlockStat;28; 136; 120; 4; 8;MergeIdx;17
BlockStat;28; 136; 120; 4; 8;MergeType;0
BlockStat;28; 136; 120; 4; 8;MMVDMergeFlag;1
BlockStat;28; 136; 120; 4; 8;MMVDMergeIdx;17
BlockStat;28; 136; 120; 4; 8;MVPIdxL0;255
BlockStat;28; 136; 120; 4; 8;RefIdxL0;1
BlockStat;28; 136; 120; 4; 8;MVDL0;   0;   0
BlockStat;28; 136; 120; 4; 8;MVL0;-472; -92
BlockStat;28; 136; 120; 4; 8;Cbf_Y;1
BlockStat;28; 136; 120; 4; 8;TransformSkipFlag_Y;0
BlockStat;28; 136; 120; 4; 8;Cbf_Cb;0
BlockStat;28; 136; 120; 4; 8;Cbf_Cr;0
BlockStat;28; 140; 120; 8; 8;Depth;5
BlockStat;28; 140; 120; 8; 8;QT_Depth;2
BlockStat;28; 140; 120; 8; 8;BT_Depth;4
BlockStat;28; 140; 120; 8; 8;MT_Depth;3
BlockStat;28; 140; 120; 8; 8;ChromaQPAdj;0
BlockStat;28; 140; 120; 8; 8;QP;38
BlockStat;28; 140; 120; 8; 8;SplitSeries;5410849
BlockStat;28; 140; 120; 8; 8;SkipFlag;0
BlockStat;28; 140; 120; 8; 8;PredMode;0
BlockStat;28; 140; 120; 8; 8;MergeFlag;1
BlockStat;28; 140; 120; 8; 8;MergeIdx;11
BlockStat;28; 140; 120; 8; 8;MergeType;0
BlockStat;28; 140; 120; 8; 8;MMVDMergeFlag;1
BlockStat;28; 140; 120; 8; 8;MMVDMergeIdx;11
BlockStat;28; 140; 120; 8; 8;MVPIdxL0;255
BlockStat;28; 140; 120; 8; 8;RefIdxL0;1
BlockStat;28; 140; 120; 8; 8;MVDL0;   0;   0
BlockStat;28; 140; 120; 8; 8;MVL0;-472; -96
BlockStat;28; 140; 120; 8; 8;Cbf_Y;1
BlockStat;28; 140; 120; 8; 8;TransformSkipFlag_Y;0
BlockStat;28; 140; 120; 8; 8;Cbf_Cb;0
BlockStat;28; 140; 120; 8; 8;Cbf_Cr;0
BlockStat;28; 148; 120; 4; 8;Depth;5
BlockStat;28; 148; 120; 4; 8;QT_Depth;2
BlockStat;28; 148; 120; 4; 8;BT_Depth;5
BlockStat;28; 148; 120; 4; 8;MT_Depth;3
BlockStat;28; 148; 120; 4; 8;ChromaQPAdj;0
BlockStat;28; 148; 120; 4; 8;QP;38
BlockStat;28; 148; 120; 4; 8;SplitSeries;5410849
BlockStat;28; 148; 120; 4; 8;SkipFlag;0
BlockStat;28; 148; 120; 4; 8;PredMode;0
BlockStat;28; 148; 120; 4; 8;MergeFlag;0
BlockStat;28; 148; 120; 4; 8;InterDir;1
BlockStat;28; 148; 120; 4; 8;MVPIdxL0;0
BlockStat;28; 148; 120; 4; 8;RefIdxL0;1
BlockStat;28; 148; 120; 4; 8;MVDL0;  12;   0
BlockStat;28; 148; 120; 4; 8;MVL0;-460; -96
BlockStat;28; 148; 120; 4; 8;IMVMode;1
BlockStat;28; 148; 120; 4; 8;RootCbf;0
BlockStat;28; 152; 120; 8; 8;Depth;4
BlockStat;28; 152; 120; 8; 8;QT_Depth;2
BlockStat;28; 152; 120; 8; 8;BT_Depth;4
BlockStat;28; 152; 120; 8; 8;MT_Depth;2
BlockStat;28; 152; 120; 8; 8;ChromaQPAdj;0
BlockStat;28; 152; 120; 8; 8;QP;38
BlockStat;28; 152; 120; 8; 8;SplitSeries;167969
BlockStat;28; 152; 120; 8; 8;SkipFlag;0
BlockStat;28; 152; 120; 8; 8;PredMode;0
BlockStat;28; 152; 120; 8; 8;MergeFlag;0
BlockStat;28; 152; 120; 8; 8;InterDir;1
BlockStat;28; 152; 120; 8; 8;MVPIdxL0;0
BlockStat;28; 152; 120; 8; 8;RefIdxL0;1
BlockStat;28; 152; 120; 8; 8;MVDL0;   6;  -1
BlockStat;28; 152; 120; 8; 8;MVL0;-454; -97
BlockStat;28; 152; 120; 8; 8;IMVMode;0
BlockStat;28; 152; 120; 8; 8;RootCbf;1
BlockStat;28; 152; 120; 4; 8;Cbf_Y;2
BlockStat;28; 152; 120; 4; 8;TransformSkipFlag_Y;0
BlockStat;28; 152; 120; 4; 8;Cbf_Cb;0
BlockStat;28; 152; 120; 4; 8;Cbf_Cr;0
BlockStat;28; 156; 120; 4; 8;Cbf_Y;0
BlockStat;28; 156; 120; 4; 8;TransformSkipFlag_Y;0
BlockStat;28; 156; 120; 4; 8;Cbf_Cb;0
BlockStat;28; 156; 120; 4; 8;Cbf_Cr;0
BlockStat;28; 160;  96;32;16;Depth;3
BlockStat;28; 160;  96;32;16;QT_Depth;2
BlockStat;28; 160;  96;32;16;BT_Depth;1
BlockStat;28; 160;  96;32;16;MT_Depth;1
BlockStat;28; 160;  96;32;16;ChromaQPAdj;0
BlockStat;28; 160;  96;32;16;QP;38
BlockStat;28; 160;  96;32;16;SplitSeries;2081
BlockStat;28; 160;  96;32;16;SkipFlag;0
BlockStat;28; 160;  96;32;16;PredMode;0
BlockStat;28; 160;  96;32;16;MergeFlag;1
BlockStat;28; 160;  96;32;16;MergeIdx;0
BlockStat;28; 160;  96;32;16;MergeType;0
BlockStat;28; 160;  96;32;16;MMVDMergeFlag;0
BlockStat;28; 160;  96;32;16;AffineFlag;0
BlockStat;28; 160;  96;32;16;MHIntraFlag;0
BlockStat;28; 160;  96;32;16;MVPIdxL0;255
BlockStat;28; 160;  96;32;16;RefIdxL0;1
BlockStat;28; 160;  96;32;16;MVDL0;   0;   0
BlockStat;28; 160;  96;32;16;MVL0;-457; -92
BlockStat;28; 160;  96;32;16;Cbf_Y;1
BlockStat;28; 160;  96;32;16;TransformSkipFlag_Y;0
BlockStat;28; 160;  96;32;16;Cbf_Cb;0
BlockStat;28; 160;  96;32;16;Cbf_Cr;0
BlockStat;28; 160; 112;32;16;Depth;3
BlockStat;28; 160; 112;32;16;QT_Depth;2
BlockStat;28; 160; 112;32;16;BT_Depth;1
BlockStat;28; 160; 112;32;16;MT_Depth;1
BlockStat;28; 160; 112;32;16;ChromaQPAdj;0
BlockStat;28; 160; 112;32;16;QP;38
BlockStat;28; 160; 112;32;16;SplitSeries;2081
BlockStat;28; 160; 112;32;16;SkipFlag;0
BlockStat;28; 160; 112;32;16;PredMode;0
BlockStat;28; 160; 112;32;16;MergeFlag;1
BlockStat;28; 160; 112;32;16;MergeIdx;3
BlockStat;28; 160; 112;32;16;MergeType;0
BlockStat;28; 160; 112;32;16;MMVDMergeFlag;0
BlockStat;28; 160; 112;32;16;AffineFlag;1
BlockStat;28; 160; 112;32;16;MVPIdxL0;0
BlockStat;28; 160; 112;32;16;RefIdxL0;1
BlockStat;28; 160; 112;32;16;AffineMVL0;-457; -93;-466; -98;-455; -97
BlockStat;28; 160; 112;32;16;Cbf_Y;1
BlockStat;28; 160; 112;32;16;TransformSkipFlag_Y;0
BlockStat;28; 160; 112;32;16;Cbf_Cb;0
BlockStat;28; 160; 112;32;16;Cbf_Cr;0
BlockStat;28; 192;  64; 8;32;Depth;4
BlockStat;28; 192;  64; 8;32;QT_Depth;2
BlockStat;28; 192;  64; 8;32;BT_Depth;2
BlockStat;28; 192;  64; 8;32;MT_Depth;2
BlockStat;28; 192;  64; 8;32;ChromaQPAdj;0
BlockStat;28; 192;  64; 8;32;QP;38
BlockStat;28; 192;  64; 8;32;SplitSeries;101409
BlockStat;28; 192;  64; 8;32;SkipFlag;1
BlockStat;28; 192;  64; 8;32;MMVDSkipFlag;0
BlockStat;28; 192;  64; 8;32;PredMode;0
BlockStat;28; 192;  64; 8;32;MergeIdx;1
BlockStat;28; 192;  64; 8;32;MergeType;0
BlockStat;28; 192;  64; 8;32;MMVDMergeFlag;0
BlockStat;28; 192;  64; 8;32;AffineFlag;1
BlockStat;28; 192;  64; 8;32;MVPIdxL0;0
BlockStat;28; 192;  64; 8;32;RefIdxL0;1
BlockStat;28; 192;  64; 8;32;MVPIdxL1;0
BlockStat;28; 192;  64; 8;32;RefIdxL1;1
BlockStat;28; 192;  64; 8;32;AffineMVL0;-441; -90;-441; -88;-455; -90
BlockStat;28; 192;  64; 8;32;AffineMVL1;-441; -71;-441; -69;-455; -71
BlockStat;28; 200;  64; 4;32;Depth;5
BlockStat;28; 200;  64; 4;32;QT_Depth;2
BlockStat;28; 200;  64; 4;32;BT_Depth;3
BlockStat;28; 200;  64; 4;32;MT_Depth;3
BlockStat;28; 200;  64; 4;32;ChromaQPAdj;0
BlockStat;28; 200;  64; 4;32;QP;38
BlockStat;28; 200;  64; 4;32;SplitSeries;3247137
BlockStat;28; 200;  64; 4;32;SkipFlag;1
BlockStat;28; 200;  64; 4;32;MMVDSkipFlag;0
BlockStat;28; 200;  64; 4;32;PredMode;0
BlockStat;28; 200;  64; 4;32;MergeIdx;0
BlockStat;28; 200;  64; 4;32;MergeType;0
BlockStat;28; 200;  64; 4;32;MMVDMergeFlag;0
BlockStat;28; 200;  64; 4;32;MVPIdxL0;255
BlockStat;28; 200;  64; 4;32;RefIdxL0;1
BlockStat;28; 200;  64; 4;32;MVPIdxL1;255
BlockStat;28; 200;  64; 4;32;RefIdxL1;1
BlockStat;28; 200;  64; 4;32;MVDL0;   0;   0
BlockStat;28; 200;  64; 4;32;MVL0;-455; -88
BlockStat;28; 200;  64; 4;32;MVDL1;   0;   0
BlockStat;28; 200;  64; 4;32;MVL1;-455; -69
BlockStat;28; 204;  64; 4;32;Depth;5
BlockStat;28; 204;  64; 4;32;QT_Depth;2
BlockStat;28; 204;  64; 4;32;BT_Depth;3
BlockStat;28; 204;  64; 4;32;MT_Depth;3
BlockStat;28; 204;  64; 4;32;ChromaQPAdj;0
BlockStat;28; 204;  64; 4;32;QP;38
BlockStat;28; 204;  64; 4;32;SplitSeries;3247137
BlockStat;28; 204;  64; 4;32;SkipFlag;0
BlockStat;28; 204;  64; 4;32;PredMode;0
BlockStat;28; 204;  64; 4;32;MergeFlag;1
BlockStat;28; 204;  64; 4;32;MergeIdx;2
BlockStat;28; 204;  64; 4;32;MergeType;0
BlockStat;28; 204;  64; 4;32;MMVDMergeFlag;0
BlockStat;28; 204;  64; 4;32;MHIntraFlag;1
BlockStat;28; 204;  64; 4;32;Luma_IntraMode;0
BlockStat;28; 204;  64; 4;32;Chroma_IntraMode;70
BlockStat;28; 204;  64; 4;32;MVPIdxL0;255
BlockStat;28; 204;  64; 4;32;RefIdxL0;0
BlockStat;28; 204;  64; 4;32;MVDL0;   0;   0
BlockStat;28; 204;  64; 4;32;MVL0; -18;  25
BlockStat;28; 204;  64; 4;32;Cbf_Y;1
BlockStat;28; 204;  64; 4;32;TransformSkipFlag_Y;0
BlockStat;28; 204;  64; 4;32;Cbf_Cb;0
BlockStat;28; 204;  64; 4;32;Cbf_Cr;0
BlockStat;28; 208;  64;16;32;Depth;3
BlockStat;28; 208;  64;16;32;QT_Depth;2
BlockStat;28; 208;  64;16;32;BT_Depth;1
BlockStat;28; 208;  64;16;32;MT_Depth;1
BlockStat;28; 208;  64;16;32;ChromaQPAdj;0
BlockStat;28; 208;  64;16;32;QP;38
BlockStat;28; 208;  64;16;32;SplitSeries;3105
BlockStat;28; 208;  64;16;32;SkipFlag;1
BlockStat;28; 208;  64;16;32;MMVDSkipFlag;0
BlockStat;28; 208;  64;16;32;PredMode;0
BlockStat;28; 208;  64;16;32;MergeIdx;1
BlockStat;28; 208;  64;16;32;MergeType;0
BlockStat;28; 208;  64;16;32;MMVDMergeFlag;0
BlockStat;28; 208;  64;16;32;AffineFlag;0
BlockStat;28; 208;  64;16;32;MVPIdxL0;255
BlockStat;28; 208;  64;16;32;RefIdxL0;0
BlockStat;28; 208;  64;16;32;MVPIdxL1;255
BlockStat;28; 208;  64;16;32;RefIdxL1;0
BlockStat;28; 208;  64;16;32;MVDL0;   0;   0
BlockStat;28; 208;  64;16;32;MVL0; -17;  25
BlockStat;28; 208;  64;16;32;MVDL1;   0;   0
BlockStat;28; 208;  64;16;32;MVL1; -18;  25
BlockStat;28; 224;  64;32;32;Depth;2
BlockStat;28; 224;  64;32;32;QT_Depth;2
BlockStat;28; 224;  64;32;32;BT_Depth;0
BlockStat;28; 224;  64;32;32;MT_Depth;0
BlockStat;28; 224;  64;32;32;ChromaQPAdj;0
BlockStat;28; 224;  64;32;32;QP;38
BlockStat;28; 224;  64;32;32;SplitSeries;33
BlockStat;28; 224;  64;32;32;SkipFlag;1
BlockStat;28; 224;  64;32;32;MMVDSkipFlag;0
BlockStat;28; 224;  64;32;32;PredMode;0
BlockStat;28; 224;  64;32;32;MergeIdx;0
BlockStat;28; 224;  64;32;32;MergeType;0
BlockStat;28; 224;  64;32;32;MMVDMergeFlag;0
BlockStat;28; 224;  64;32;32;AffineFlag;0
BlockStat;28; 224;  64;32;32;MVPIdxL0;255
BlockStat;28; 224;  64;32;32;RefIdxL0;0
BlockStat;28; 224;  64;32;32;MVPIdxL1;255
BlockStat;28; 224;  64;32;32;RefIdxL1;0
BlockStat;28; 224;  64;32;32;MVDL0;   0;   0
BlockStat;28; 224;  64;32;32;MVL0; -17;  25
BlockStat;28; 224;  64;32;32;MVDL1;   0;   0
BlockStat;28; 224;  64;32;32;MVL1; -18;  25
BlockStat;28; 192;  96;16;32;Depth;3
BlockStat;28; 192;  96;16;32;QT_Depth;2
BlockStat;28; 192;  96;16;32;BT_Depth;1
BlockStat;28; 192;  96;16;32;MT_Depth;1
BlockStat;28; 192;  96;16;32;ChromaQPAdj;0
BlockStat;28; 192;  96;16;32;QP;38
BlockStat;28; 192;  96;16;32;SplitSeries;3105
BlockStat;28; 192;  96;16;32;SkipFlag;1
BlockStat;28; 192;  96;16;32;MMVDSkipFlag;0
BlockStat;28; 192;  96;16;32;PredMode;0
BlockStat;28; 192;  96;16;32;MergeIdx;3
BlockStat;28; 192;  96;16;32;MergeType;0
BlockStat;28; 192;  96;16;32;MMVDMergeFlag;0
BlockStat;28; 192;  96;16;32;AffineFlag;1
BlockStat;28; 192;  96;16;32;MVPIdxL0;0
BlockStat;28; 192;  96;16;32;RefIdxL0;1
BlockStat;28; 192;  96;16;32;AffineMVL0;-456; -92;-460; -89;-464;-101
BlockStat;28; 208;  96;16;16;Depth;4
BlockStat;28; 208;  96;16;16;QT_Depth;2
BlockStat;28; 208;  96;16;16;BT_Depth;2
BlockStat;28; 208;  96;16;16;MT_Depth;2
BlockStat;28; 208;  96;16;16;ChromaQPAdj;0
BlockStat;28; 208;  96;16;16;QP;38
BlockStat;28; 208;  96;16;16;SplitSeries;68641
BlockStat;28; 208;  96;16;16;SkipFlag;0
BlockStat;28; 208;  96;16;16;PredMode;0
BlockStat;28; 208;  96;16;16;MergeFlag;1
BlockStat;28; 208;  96;16;16;MergeIdx;1
BlockStat;28; 208;  96;16;16;MergeType;0
BlockStat;28; 208;  96;16;16;MMVDMergeFlag;0
BlockStat;28; 208;  96;16;16;AffineFlag;0
BlockStat;28; 208;  96;16;16;MHIntraFlag;0
BlockStat;28; 208;  96;16;16;MVPIdxL0;255
BlockStat;28; 208;  96;16;16;RefIdxL0;0
BlockStat;28; 208;  96;16;16;MVPIdxL1;255
BlockStat;28; 208;  96;16;16;RefIdxL1;0
BlockStat;28; 208;  96;16;16;MVDL0;   0;   0
BlockStat;28; 208;  96;16;16;MVL0; -17;  25
BlockStat;28; 208;  96;16;16;MVDL1;   0;   0
BlockStat;28; 208;  96;16;16;MVL1; -18;  25
BlockStat;28; 208;  96; 4;16;Cbf_Y;2
BlockStat;28; 208;  96; 4;16;TransformSkipFlag_Y;0
BlockStat;28; 208;  96; 4;16;Cbf_Cb;0
BlockStat;28; 208;  96; 4;16;Cbf_Cr;0
BlockStat;28; 212;  96;12;16;Cbf_Y;0
BlockStat;28; 212;  96;12;16;TransformSkipFlag_Y;0
BlockStat;28; 212;  96;12;16;Cbf_Cb;0
BlockStat;28; 212;  96;12;16;Cbf_Cr;0
BlockStat;28; 208; 112; 8;16;Depth;5
BlockStat;28; 208; 112; 8;16;QT_Depth;2
BlockStat;28; 208; 112; 8;16;BT_Depth;3
BlockStat;28; 208; 112; 8;16;MT_Depth;3
BlockStat;28; 208; 112; 8;16;ChromaQPAdj;0
BlockStat;28; 208; 112; 8;16;QP;38
BlockStat;28; 208; 112; 8;16;SplitSeries;3214369
BlockStat;28; 208; 112; 8;16;SkipFlag;1
BlockStat;28; 208; 112; 8;16;MMVDSkipFlag;0
BlockStat;28; 208; 112; 8;16;PredMode;0
BlockStat;28; 208; 112; 8;16;MergeIdx;0
BlockStat;28; 208; 112; 8;16;MergeType;0
BlockStat;28; 208; 112; 8;16;MMVDMergeFlag;0
BlockStat;28; 208; 112; 8;16;AffineFlag;0
BlockStat;28; 208; 112; 8;16;MVPIdxL0;255
BlockStat;28; 208; 112; 8;16;RefIdxL0;1
BlockStat: POC 28 @( 208, 112) [ 8x16] TrianglePartitioning={   0,   0,   8,  16}
BlockStat: POC 28 @[(208, 112)--(216, 112)--(216, 128)--] TriangleMVL0={-468, -97}
BlockStat: POC 28 @[(208, 112)--(208, 128)--(216, 128)--] TriangleMVL0={ -18,  25}
BlockStat;28; 216; 112; 8;16;Depth;5
BlockStat;28; 216; 112; 8;16;QT_Depth;2
BlockStat;28; 216; 112; 8;16;BT_Depth;3
BlockStat;28; 216; 112; 8;16;MT_Depth;3
BlockStat;28; 216; 112; 8;16;ChromaQPAdj;0
BlockStat;28; 216; 112; 8;16;QP;38
BlockStat;28; 216; 112; 8;16;SplitSeries;3214369
BlockStat;28; 216; 112; 8;16;SkipFlag;0
BlockStat;28; 216; 112; 8;16;PredMode;0
BlockStat;28; 216; 112; 8;16;MergeFlag;1
BlockStat;28; 216; 112; 8;16;MergeIdx;1
BlockStat;28; 216; 112; 8;16;MergeType;0
BlockStat;28; 216; 112; 8;16;MMVDMergeFlag;0
BlockStat;28; 216; 112; 8;16;AffineFlag;0
BlockStat;28; 216; 112; 8;16;MHIntraFlag;0
BlockStat;28; 216; 112; 8;16;MVPIdxL0;255
BlockStat;28; 216; 112; 8;16;RefIdxL0;0
BlockStat;28; 216; 112; 8;16;MVPIdxL1;255
BlockStat;28; 216; 112; 8;16;RefIdxL1;0
BlockStat;28; 216; 112; 8;16;MVDL0;   0;   0
BlockStat;28; 216; 112; 8;16;MVL0; -17;  25
BlockStat;28; 216; 112; 8;16;MVDL1;   0;   0
BlockStat;28; 216; 112; 8;16;MVL1; -18;  25
BlockStat;28; 216; 112; 8; 4;Cbf_Y;2
BlockStat;28; 216; 112; 8; 4;TransformSkipFlag_Y;0
BlockStat;28; 216; 112; 8; 4;Cbf_Cb;0
BlockStat;28; 216; 112; 8; 4;Cbf_Cr;0
BlockStat;28; 216; 116; 8;12;Cbf_Y;0
BlockStat;28; 216; 116; 8;12;TransformSkipFlag_Y;0
BlockStat;28; 216; 116; 8;12;Cbf_Cb;0
BlockStat;28; 216; 116; 8;12;Cbf_Cr;0
BlockStat;28; 224;  96;32;16;Depth;3
BlockStat;28; 224;  96;32;16;QT_Depth;2
BlockStat;28; 224;  96;32;16;BT_Depth;1
BlockStat;28; 224;  96;32;16;MT_Depth;1
BlockStat;28; 224;  96;32;16;ChromaQPAdj;0
BlockStat;28; 224;  96;32;16;QP;38
BlockStat;28; 224;  96;32;16;SplitSeries;2081
BlockStat;28; 224;  96;32;16;SkipFlag;1
BlockStat;28; 224;  96;32;16;MMVDSkipFlag;0
BlockStat;28; 224;  96;32;16;PredMode;0
BlockStat;28; 224;  96;32;16;MergeIdx;0
BlockStat;28; 224;  96;32;16;MergeType;0
BlockStat;28; 224;  96;32;16;MMVDMergeFlag;0
BlockStat;28; 224;  96;32;16;AffineFlag;0
BlockStat;28; 224;  96;32;16;MVPIdxL0;255
BlockStat;28; 224;  96;32;16;RefIdxL0;0
BlockStat;28; 224;  96;32;16;MVPIdxL1;255
BlockStat;28; 224;  96;32;16;RefIdxL1;0
BlockStat;28; 224;  96;32;16;MVDL0;   0;   0
BlockStat;28; 224;  96;32;16;MVL0; -17;  25
BlockStat;28; 224;  96;32;16;MVDL1;   0;   0
BlockStat;28; 224;  96;32;16;MVL1; -18;  25
BlockStat;28; 224; 112;32;16;Depth;3
BlockStat;28; 224; 112;32;16;QT_Depth;2
BlockStat;28; 224; 112;32;16;BT_Depth;1
BlockStat;28; 224; 112;32;16;MT_Depth;1
BlockStat;28; 224; 112;32;16;ChromaQPAdj;0
BlockStat;28; 224; 112;32;16;QP;38
BlockStat;28; 224; 112;32;16;SplitSeries;2081
BlockStat;28; 224; 112;32;16;SkipFlag;1
BlockStat;28; 224; 112;32;16;MMVDSkipFlag;0
BlockStat;28; 224; 112;32;16;PredMode;0
BlockStat;28; 224; 112;32;16;MergeIdx;3
BlockStat;28; 224; 112;32;16;MergeType;0
BlockStat;28; 224; 112;32;16;MMVDMergeFlag;1
BlockStat;28; 224; 112;32;16;MMVDMergeIdx;3
BlockStat;28; 224; 112;32;16;MVPIdxL0;255
BlockStat;28; 224; 112;32;16;RefIdxL0;0
BlockStat;28; 224; 112;32;16;MVPIdxL1;255
BlockStat;28; 224; 112;32;16;RefIdxL1;0
BlockStat;28; 224; 112;32;16;MVDL0;   0;   0
BlockStat;28; 224; 112;32;16;MVL0; -17;  24
BlockStat;28; 224; 112;32;16;MVDL1;   0;   0
BlockStat;28; 224; 112;32;16;MVL1; -18;  24
BlockStat;28; 256;   0;64;64;Depth;1
BlockStat;28; 256;   0;64;64;QT_Depth;1
BlockStat;28; 256;   0;64;64;BT_Depth;0
BlockStat;28; 256;   0;64;64;MT_Depth;0
BlockStat;28; 256;   0;64;64;ChromaQPAdj;0
BlockStat;28; 256;   0;64;64;QP;38
BlockStat;28; 256;   0;64;64;SplitSeries;1
BlockStat;28; 256;   0;64;64;SkipFlag;0
BlockStat;28; 256;   0;64;64;PredMode;0
BlockStat;28; 256;   0;64;64;MergeFlag;0
BlockStat;28; 256;   0;64;64;InterDir;3
BlockStat;28; 256;   0;64;64;AffineFlag;0
BlockStat;28; 256;   0;64;64;MVPIdxL0;0
BlockStat;28; 256;   0;64;64;RefIdxL0;0
BlockStat;28; 256;   0;64;64;MVPIdxL1;0
BlockStat;28; 256;   0;64;64;RefIdxL1;0
BlockStat;28; 256;   0;64;64;MVDL0;   0;  -1
BlockStat;28; 256;   0;64;64;MVL0; -17;  24
BlockStat;28; 256;   0;64;64;MVDL1;   0;   0
BlockStat;28; 256;   0;64;64;MVL1; -18;  25
BlockStat;28; 256;   0;64;64;IMVMode;0
BlockStat;28; 256;   0;64;64;RootCbf;0
BlockStat;28; 320;   0;32;32;Depth;2
BlockStat;28; 320;   0;32;32;QT_Depth;2
BlockStat;28; 320;   0;32;32;BT_Depth;0
BlockStat;28; 320;   0;32;32;MT_Depth;0
BlockStat;28; 320;   0;32;32;ChromaQPAdj;0
BlockStat;28; 320;   0;32;32;QP;38
BlockStat;28; 320;   0;32;32;SplitSeries;33
BlockStat;28; 320;   0;32;32;SkipFlag;1
BlockStat;28; 320;   0;32;32;MMVDSkipFlag;0
BlockStat;28; 320;   0;32;32;PredMode;0
BlockStat;28; 320;   0;32;32;MergeIdx;3
BlockStat;28; 320;   0;32;32;MergeType;0
BlockStat;28; 320;   0;32;32;MMVDMergeFlag;0
BlockStat;28; 320;   0;32;32;AffineFlag;0
BlockStat;28; 320;   0;32;32;MVPIdxL0;255
BlockStat;28; 320;   0;32;32;RefIdxL0;0
BlockStat;28; 320;   0;32;32;MVPIdxL1;255
BlockStat;28; 320;   0;32;32;RefIdxL1;0
BlockStat;28; 320;   0;32;32;MVDL0;   0;   0
BlockStat;28; 320;   0;32;32;MVL0; -17;  25
BlockStat;28; 320;   0;32;32;MVDL1;   0;   0
BlockStat;28; 320;   0;32;32;MVL1; -18;  25
BlockStat;28; 352;   0;32;32;Depth;2
BlockStat;28; 352;   0;32;32;QT_Depth;2
BlockStat;28; 352;   0;32;32;BT_Depth;0
BlockStat;28; 352;   0;32;32;MT_Depth;0
BlockStat;28; 352;   0;32;32;ChromaQPAdj;0
BlockStat;28; 352;   0;32;32;QP;38
BlockStat;28; 352;   0;32;32;SplitSeries;33
BlockStat;28; 352;   0;32;32;SkipFlag;1
BlockStat;28; 352;   0;32;32;MMVDSkipFlag;0
BlockStat;28; 352;   0;32;32;PredMode;0
BlockStat;28; 352;   0;32;32;MergeIdx;0
BlockStat;28; 352;   0;32;32;MergeType;0
BlockStat;28; 352;   0;32;32;MMVDMergeFlag;0
BlockStat;28; 352;   0;32;32;AffineFlag;0
BlockStat;28; 352;   0;32;32;MVPIdxL0;255
BlockStat;28; 352;   0;32;32;RefIdxL0;0
BlockStat;28; 352;   0;32;32;MVPIdxL1;255
BlockStat;28; 352;   0;32;32;RefIdxL1;0
BlockStat;28; 352;   0;32;32;MVDL0;   0;   0
BlockStat;28; 352;   0;32;32;MVL0; -17;  25
BlockStat;28; 352;   0;32;32;MVDL1;   0;   0
BlockStat;28; 352;   0;32;32;MVL1; -18;  25
BlockStat;28; 320;  32;32;32;Depth;2
BlockStat;28; 320;  32;32;32;QT_Depth;2
BlockStat;28; 320;  32;32;32;BT_Depth;0
BlockStat;28; 320;  32;32;32;MT_Depth;0
BlockStat;28; 320;  32;32;32;ChromaQPAdj;0
BlockStat;28; 320;  32;32;32;QP;38
BlockStat;28; 320;  32;32;32;SplitSeries;33
BlockStat;28; 320;  32;32;32;SkipFlag;1
BlockStat;28; 320;  32;32;32;MMVDSkipFlag;0
BlockStat;28; 320;  32;32;32;PredMode;0
BlockStat;28; 320;  32;32;32;MergeIdx;0
BlockStat;28; 320;  32;32;32;MergeType;0
BlockStat;28; 320;  32;32;32;MMVDMergeFlag;0
BlockStat;28; 320;  32;32;32;AffineFlag;0
BlockStat;28; 320;  32;32;32;MVPIdxL0;255
BlockStat;28; 320;  32;32;32;RefIdxL0;0
BlockStat;28; 320;  32;32;32;MVPIdxL1;255
BlockStat;28; 320;  32;32;32;RefIdxL1;0
BlockStat;28; 320;  32;32;32;MVDL0;   0;   0
BlockStat;28; 320;  32;32;32;MVL0; -17;  24
BlockStat;28; 320;  32;32;32;MVDL1;   0;   0
BlockStat;28; 320;  32;32;32;MVL1; -18;  25
BlockStat;28; 352;  32;32;16;Depth;3
BlockStat;28; 352;  32;32;16;QT_Depth;2
BlockStat;28; 352;  32;32;16;BT_Depth;1
BlockStat;28; 352;  32;32;16;MT_Depth;1
BlockStat;28; 352;  32;32;16;ChromaQPAdj;0
BlockStat;28; 352;  32;32;16;QP;38
BlockStat;28; 352;  32;32;16;SplitSeries;2081
BlockStat;28; 352;  32;32;16;SkipFlag;1
BlockStat;28; 352;  32;32;16;MMVDSkipFlag;0
BlockStat;28; 352;  32;32;16;PredMode;0
BlockStat;28; 352;  32;32;16;MergeIdx;0
BlockStat;28; 352;  32;32;16;MergeType;0
BlockStat;28; 352;  32;32;16;MMVDMergeFlag;0
BlockStat;28; 352;  32;32;16;AffineFlag;0
BlockStat;28; 352;  32;32;16;MVPIdxL0;255
BlockStat;28; 352;  32;32;16;RefIdxL0;0
BlockStat;28; 352;  32;32;16;MVPIdxL1;255
BlockStat;28; 352;  32;32;16;RefIdxL1;0
BlockStat;28; 352;  32;32;16;MVDL0;   0;   0
BlockStat;28; 352;  32;32;16;MVL0; -17;  24
BlockStat;28; 352;  32;32;16;MVDL1;   0;   0
BlockStat;28; 352;  32;32;16;MVL1; -18;  25
BlockStat;28; 352;  48; 8;16;Depth;4
BlockStat;28; 352;  48; 8;16;QT_Depth;2
BlockStat;28; 352;  48; 8;16;BT_Depth;3
BlockStat;28; 352;  48; 8;16;MT_Depth;2
BlockStat;28; 352;  48; 8;16;ChromaQPAdj;0
BlockStat;28; 352;  48; 8;16;QP;38
BlockStat;28; 352;  48; 8;16;SplitSeries;165921
BlockStat;28; 352;  48; 8;16;SkipFlag;1
BlockStat;28; 352;  48; 8;16;MMVDSkipFlag;0
BlockStat;28; 352;  48; 8;16;PredMode;0
BlockStat;28; 352;  48; 8;16;MergeIdx;0
BlockStat;28; 352;  48; 8;16;MergeType;0
BlockStat;28; 352;  48; 8;16;MMVDMergeFlag;0
BlockStat;28; 352;  48; 8;16;AffineFlag;0
BlockStat;28; 352;  48; 8;16;MVPIdxL0;255
BlockStat;28; 352;  48; 8;16;RefIdxL0;0
BlockStat;28; 352;  48; 8;16;MVPIdxL1;255
BlockStat;28; 352;  48; 8;16;RefIdxL1;0
BlockStat;28; 352;  48; 8;16;MVDL0;   0;   0
BlockStat;28; 352;  48; 8;16;MVL0; -17;  24
BlockStat;28; 352;  48; 8;16;MVDL1;   0;   0
BlockStat;28; 352;  48; 8;16;MVL1; -18;  25
BlockStat;28; 360;  48;16; 8;Depth;5
BlockStat;28; 360;  48;16; 8;QT_Depth;2
BlockStat;28; 360;  48;16; 8;BT_Depth;3
BlockStat;28; 360;  48;16; 8;MT_Depth;3
BlockStat;28; 360;  48;16; 8;ChromaQPAdj;0
BlockStat;28; 360;  48;16; 8;QP;38
BlockStat;28; 360;  48;16; 8;SplitSeries;2263073
BlockStat;28; 360;  48;16; 8;SkipFlag;0
BlockStat;28; 360;  48;16; 8;PredMode;0
BlockStat;28; 360;  48;16; 8;MergeFlag;1
BlockStat;28; 360;  48;16; 8;MergeIdx;0
BlockStat;28; 360;  48;16; 8;MergeType;0
BlockStat;28; 360;  48;16; 8;MMVDMergeFlag;0
BlockStat;28; 360;  48;16; 8;AffineFlag;0
BlockStat;28; 360;  48;16; 8;MHIntraFlag;0
BlockStat;28; 360;  48;16; 8;MVPIdxL0;255
BlockStat;28; 360;  48;16; 8;RefIdxL0;0
BlockStat;28; 360;  48;16; 8;MVPIdxL1;255
BlockStat;28; 360;  48;16; 8;RefIdxL1;0
BlockStat;28; 360;  48;16; 8;MVDL0;   0;   0
BlockStat;28; 360;  48;16; 8;MVL0; -17;  24
BlockStat;28; 360;  48;16; 8;MVDL1;   0;   0
BlockStat;28; 360;  48;16; 8;MVL1; -18;  25
BlockStat;28; 360;  48;12; 8;Cbf_Y;0
BlockStat;28; 360;  48;12; 8;TransformSkipFlag_Y;0
BlockStat;28; 360;  48;12; 8;Cbf_Cb;0
BlockStat;28; 360;  48;12; 8;Cbf_Cr;0
BlockStat;28; 372;  48; 4; 8;Cbf_Y;2
BlockStat;28; 372;  48; 4; 8;TransformSkipFlag_Y;0
BlockStat;28; 372;  48; 4; 8;Cbf_Cb;0
BlockStat;28; 372;  48; 4; 8;Cbf_Cr;0
BlockStat;28; 360;  56;16; 8;Depth;5
BlockStat;28; 360;  56;16; 8;QT_Depth;2
BlockStat;28; 360;  56;16; 8;BT_Depth;3
BlockStat;28; 360;  56;16; 8;MT_Depth;3
BlockStat;28; 360;  56;16; 8;ChromaQPAdj;0
BlockStat;28; 360;  56;16; 8;QP;38
BlockStat;28; 360;  56;16; 8;SplitSeries;2263073
BlockStat;28; 360;  56;16; 8;SkipFlag;0
BlockStat;28; 360;  56;16; 8;PredMode;1
BlockStat;28; 360;  56;16; 8;Luma_IntraMode;1
BlockStat;28; 360;  56;16; 8;Chroma_IntraMode;67
BlockStat;28; 360;  56;16; 8;MultiRefIdx;0
BlockStat;28; 360;  56;16; 8;Cbf_Y;1
BlockStat;28; 360;  56;16; 8;TransformSkipFlag_Y;0
BlockStat;28; 360;  56;16; 8;Cbf_Cb;0
BlockStat;28; 360;  56;16; 8;Cbf_Cr;0
BlockStat;28; 376;  48; 8; 8;Depth;5
BlockStat;28; 376;  48; 8; 8;QT_Depth;2
BlockStat;28; 376;  48; 8; 8;BT_Depth;4
BlockStat;28; 376;  48; 8; 8;MT_Depth;3
BlockStat;28; 376;  48; 8; 8;ChromaQPAdj;0
BlockStat;28; 376;  48; 8; 8;QP;38
BlockStat;28; 376;  48; 8; 8;SplitSeries;2263073
BlockStat;28; 376;  48; 8; 8;SkipFlag;0
BlockStat;28; 376;  48; 8; 8;PredMode;0
BlockStat;28; 376;  48; 8; 8;MergeFlag;0
BlockStat;28; 376;  48; 8; 8;InterDir;1
BlockStat;28; 376;  48; 8; 8;MVPIdxL0;0
BlockStat;28; 376;  48; 8; 8;RefIdxL0;1
BlockStat;28; 376;  48; 8; 8;MVDL0; -10; -22
BlockStat;28; 376;  48; 8; 8;MVL0;-464;-110
BlockStat;28; 376;  48; 8; 8;IMVMode;3
BlockStat;28; 376;  48; 8; 8;RootCbf;0
BlockStat;28; 376;  56; 8; 8;Depth;5
BlockStat;28; 376;  56; 8; 8;QT_Depth;2
BlockStat;28; 376;  56; 8; 8;BT_Depth;4
BlockStat;28; 376;  56; 8; 8;MT_Depth;3
BlockStat;28; 376;  56; 8; 8;ChromaQPAdj;0
BlockStat;28; 376;  56; 8; 8;QP;38
BlockStat;28; 376;  56; 8; 8;SplitSeries;2263073
BlockStat;28; 376;  56; 8; 8;SkipFlag;0
BlockStat;28; 376;  56; 8; 8;PredMode;1
BlockStat;28; 376;  56; 8; 8;Luma_IntraMode;54
BlockStat;28; 376;  56; 8; 8;Chroma_IntraMode;54
BlockStat;28; 376;  56; 8; 8;MultiRefIdx;0
BlockStat;28; 376;  56; 8; 2;Cbf_Y;0
BlockStat;28; 376;  56; 8; 2;TransformSkipFlag_Y;0
BlockStat;28;   0;   0; 0; 0;Cbf_Cb;0
BlockStat;28;   0;   0; 0; 0;Cbf_Cr;0
BlockStat;28; 376;  58; 8; 2;Cbf_Y;0
BlockStat;28; 376;  58; 8; 2;TransformSkipFlag_Y;0
BlockStat;28;   0;   0; 0; 0;Cbf_Cb;0
BlockStat;28;   0;   0; 0; 0;Cbf_Cr;0
BlockStat;28; 376;  60; 8; 2;Cbf_Y;0
BlockStat;28; 376;  60; 8; 2;TransformSkipFlag_Y;0
BlockStat;28;   0;   0; 0; 0;Cbf_Cb;0
BlockStat;28;   0;   0; 0; 0;Cbf_Cr;0
BlockStat;28; 376;  62; 8; 2;Cbf_Y;2
BlockStat;28; 376;  62; 8; 2;TransformSkipFlag_Y;0
BlockStat;28; 376;  56; 8; 8;Cbf_Cb;0
BlockStat;28; 376;  56; 8; 8;Cbf_Cr;0
BlockStat;28; 256;  64;32;32;Depth;2
BlockStat;28; 256;  64;32;32;QT_Depth;2
BlockStat;28; 256;  64;32;32;BT_Depth;0
BlockStat;28; 256;  64;32;32;MT_Depth;0
BlockStat;28; 256;  64;32;32;ChromaQPAdj;0
BlockStat;28; 256;  64;32;32;QP;38
BlockStat;28; 256;  64;32;32;SplitSeries;33
BlockStat;28; 256;  64;32;32;SkipFlag;1
BlockStat;28; 256;  64;32;32;MMVDSkipFlag;0
BlockStat;28; 256;  64;32;32;PredMode;0
BlockStat;28; 256;  64;32;32;MergeIdx;1
BlockStat;28; 256;  64;32;32;MergeType;0
BlockStat;28; 256;  64;32;32;MMVDMergeFlag;0
BlockStat;28; 256;  64;32;32;AffineFlag;0
BlockStat;28; 256;  64;32;32;MVPIdxL0;255
BlockStat;28; 256;  64;32;32;RefIdxL0;0
BlockStat;28; 256;  64;32;32;MVPIdxL1;255
BlockStat;28; 256;  64;32;32;RefIdxL1;0
BlockStat;28; 256;  64;32;32;MVDL0;   0;   0
BlockStat;28; 256;  64;32;32;MVL0; -17;  24
BlockStat;28; 256;  64;32;32;MVDL1;   0;   0
BlockStat;28; 256;  64;32;32;MVL1; -18;  25
BlockStat;28; 288;  64;32;32;Depth;2
BlockStat;28; 288;  64;32;32;QT_Depth;2
BlockStat;28; 288;  64;32;32;BT_Depth;0
BlockStat;28; 288;  64;32;32;MT_Depth;0
BlockStat;28; 288;  64;32;32;ChromaQPAdj;0
BlockStat;28; 288;  64;32;32;QP;38
BlockStat;28; 288;  64;32;32;SplitSeries;33
BlockStat;28; 288;  64;32;32;SkipFlag;1
BlockStat;28; 288;  64;32;32;MMVDSkipFlag;0
BlockStat;28; 288;  64;32;32;PredMode;0
BlockStat;28; 288;  64;32;32;MergeIdx;0
BlockStat;28; 288;  64;32;32;MergeType;0
BlockStat;28; 288;  64;32;32;MMVDMergeFlag;0
BlockStat;28; 288;  64;32;32;AffineFlag;0
BlockStat;28; 288;  64;32;32;MVPIdxL0;255
BlockStat;28; 288;  64;32;32;RefIdxL0;0
BlockStat;28; 288;  64;32;32;MVPIdxL1;255
BlockStat;28; 288;  64;32;32;RefIdxL1;0
BlockStat;28; 288;  64;32;32;MVDL0;   0;   0
BlockStat;28; 288;  64;32;32;MVL0; -17;  24
BlockStat;28; 288;  64;32;32;MVDL1;   0;   0
BlockStat;28; 288;  64;32;32;MVL1; -18;  25
BlockStat;28; 256;  96;32;32;Depth;2
BlockStat;28; 256;  96;32;32;QT_Depth;2
BlockStat;28; 256;  96;32;32;BT_Depth;0
BlockStat;28; 256;  96;32;32;MT_Depth;0
BlockStat;28; 256;  96;32;32;ChromaQPAdj;0
BlockStat;28; 256;  96;32;32;QP;38
BlockStat;28; 256;  96;32;32;SplitSeries;33
BlockStat;28; 256;  96;32;32;SkipFlag;1
BlockStat;28; 256;  96;32;32;MMVDSkipFlag;0
BlockStat;28; 256;  96;32;32;PredMode;0
BlockStat;28; 256;  96;32;32;MergeIdx;1
BlockStat;28; 256;  96;32;32;MergeType;0
BlockStat;28; 256;  96;32;32;MMVDMergeFlag;0
BlockStat;28; 256;  96;32;32;AffineFlag;0
BlockStat;28; 256;  96;32;32;MVPIdxL0;255
BlockStat;28; 256;  96;32;32;RefIdxL0;0
BlockStat;28; 256;  96;32;32;MVPIdxL1;255
BlockStat;28; 256;  96;32;32;RefIdxL1;0
BlockStat;28; 256;  96;32;32;MVDL0;   0;   0
BlockStat;28; 256;  96;32;32;MVL0; -17;  24
BlockStat;28; 256;  96;32;32;MVDL1;   0;   0
BlockStat;28; 256;  96;32;32;MVL1; -18;  25
BlockStat;28; 288;  96;16; 8;Depth;4
BlockStat;28; 288;  96;16; 8;QT_Depth;2
BlockStat;28; 288;  96;16; 8;BT_Depth;3
BlockStat;28; 288;  96;16; 8;MT_Depth;2
BlockStat;28; 288;  96;16; 8;ChromaQPAdj;0
BlockStat;28; 288;  96;16; 8;QP;38
BlockStat;28; 288;  96;16; 8;SplitSeries;134177
BlockStat;28; 288;  96;16; 8;SkipFlag;1
BlockStat;28; 288;  96;16; 8;MMVDSkipFlag;0
BlockStat;28; 288;  96;16; 8;PredMode;0
BlockStat;28; 288;  96;16; 8;MergeIdx;0
BlockStat;28; 288;  96;16; 8;MergeType;0
BlockStat;28; 288;  96;16; 8;MMVDMergeFlag;0
BlockStat;28; 288;  96;16; 8;AffineFlag;0
BlockStat;28; 288;  96;16; 8;MVPIdxL0;255
BlockStat;28; 288;  96;16; 8;RefIdxL0;0
BlockStat;28; 288;  96;16; 8;MVPIdxL1;255
BlockStat;28; 288;  96;16; 8;RefIdxL1;0
BlockStat;28; 288;  96;16; 8;MVDL0;   0;   0
BlockStat;28; 288;  96;16; 8;MVL0; -17;  24
BlockStat;28; 288;  96;16; 8;MVDL1;   0;   0
BlockStat;28; 288;  96;16; 8;MVL1; -18;  25
BlockStat;28; 288; 104; 8;16;Depth;5
BlockStat;28; 288; 104; 8;16;QT_Depth;2
BlockStat;28; 288; 104; 8;16;BT_Depth;3
BlockStat;28; 288; 104; 8;16;MT_Depth;3
BlockStat;28; 288; 104; 8;16;ChromaQPAdj;0
BlockStat;28; 288; 104; 8;16;QP;38
BlockStat;28; 288; 104; 8;16;SplitSeries;3279905
BlockStat;28; 288; 104; 8;16;SkipFlag;1
BlockStat;28; 288; 104; 8;16;MMVDSkipFlag;0
BlockStat;28; 288; 104; 8;16;PredMode;0
BlockStat;28; 288; 104; 8;16;MergeIdx;0
BlockStat;28; 288; 104; 8;16;MergeType;0
BlockStat;28; 288; 104; 8;16;MMVDMergeFlag;0
BlockStat;28; 288; 104; 8;16;AffineFlag;0
BlockStat;28; 288; 104; 8;16;MVPIdxL0;255
BlockStat;28; 288; 104; 8;16;RefIdxL0;0
BlockStat;28; 288; 104; 8;16;MVPIdxL1;255
BlockStat;28; 288; 104; 8;16;RefIdxL1;0
BlockStat;28; 288; 104; 8;16;MVDL0;   0;   0
BlockStat;28; 288; 104; 8;16;MVL0; -17;  24
BlockStat;28; 288; 104; 8;16;MVDL1;   0;   0
BlockStat;28; 288; 104; 8;16;MVL1; -18;  25
BlockStat;28; 296; 104; 8;16;Depth;5
BlockStat;28; 296; 104; 8;16;QT_Depth;2
BlockStat;28; 296; 104; 8;16;BT_Depth;3
BlockStat;28; 296; 104; 8;16;MT_Depth;3
BlockStat;28; 296; 104; 8;16;ChromaQPAdj;0
BlockStat;28; 296; 104; 8;16;QP;38
BlockStat;28; 296; 104; 8;16;SplitSeries;3279905
BlockStat;28; 296; 104; 8;16;SkipFlag;0
BlockStat;28; 296; 104; 8;16;PredMode;0
BlockStat;28; 296; 104; 8;16;MergeFlag;1
BlockStat;28; 296; 104; 8;16;MergeIdx;1
BlockStat;28; 296; 104; 8;16;MergeType;0
BlockStat;28; 296; 104; 8;16;MMVDMergeFlag;0
BlockStat;28; 296; 104; 8;16;AffineFlag;1
BlockStat;28; 296; 104; 8;16;MVPIdxL0;0
BlockStat;28; 296; 104; 8;16;RefIdxL0;0
BlockStat;28; 296; 104; 8;16;MVPIdxL1;0
BlockStat;28; 296; 104; 8;16;RefIdxL1;0
BlockStat;28; 296; 104; 8;16;AffineMVL0; -17;  24; -17;  24; -17;  24
BlockStat;28; 296; 104; 8;16;AffineMVL1; -18;  25; -18;  25; -18;  25
BlockStat;28; 296; 104; 8; 8;Cbf_Y;0
BlockStat;28; 296; 104; 8; 8;TransformSkipFlag_Y;0
BlockStat;28; 296; 104; 8; 8;Cbf_Cb;0
BlockStat;28; 296; 104; 8; 8;Cbf_Cr;0
BlockStat;28; 296; 112; 8; 8;Cbf_Y;2
BlockStat;28; 296; 112; 8; 8;TransformSkipFlag_Y;0
BlockStat;28; 296; 112; 8; 8;Cbf_Cb;0
BlockStat;28; 296; 112; 8; 8;Cbf_Cr;0
BlockStat;28; 288; 120; 8; 8;Depth;5
BlockStat;28; 288; 120; 8; 8;QT_Depth;2
BlockStat;28; 288; 120; 8; 8;BT_Depth;4
BlockStat;28; 288; 120; 8; 8;MT_Depth;3
BlockStat;28; 288; 120; 8; 8;ChromaQPAdj;0
BlockStat;28; 288; 120; 8; 8;QP;38
BlockStat;28; 288; 120; 8; 8;SplitSeries;3279905
BlockStat;28; 288; 120; 8; 8;SkipFlag;0
BlockStat;28; 288; 120; 8; 8;PredMode;0
BlockStat;28; 288; 120; 8; 8;MergeFlag;1
BlockStat;28; 288; 120; 8; 8;MergeIdx;5
BlockStat;28; 288; 120; 8; 8;MergeType;0
BlockStat;28; 288; 120; 8; 8;MMVDMergeFlag;0
BlockStat;28; 288; 120; 8; 8;AffineFlag;0
BlockStat;28; 288; 120; 8; 8;MHIntraFlag;1
BlockStat;28; 288; 120; 8; 8;Luma_IntraMode;0
BlockStat;28; 288; 120; 8; 8;Chroma_IntraMode;70
BlockStat;28; 288; 120; 8; 8;MVPIdxL0;255
BlockStat;28; 288; 120; 8; 8;RefIdxL0;0
BlockStat;28; 288; 120; 8; 8;MVPIdxL1;255
BlockStat;28; 288; 120; 8; 8;RefIdxL1;0
BlockStat;28; 288; 120; 8; 8;MVDL0;   0;   0
BlockStat;28; 288; 120; 8; 8;MVL0;-241; -43
BlockStat;28; 288; 120; 8; 8;MVDL1;   0;   0
BlockStat;28; 288; 120; 8; 8;MVL1; -18;  25
BlockStat;28; 288; 120; 8; 8;Cbf_Y;1
BlockStat;28; 288; 120; 8; 8;TransformSkipFlag_Y;0
BlockStat;28; 288; 120; 8; 8;Cbf_Cb;0
BlockStat;28; 288; 120; 8; 8;Cbf_Cr;0
BlockStat;28; 296; 120; 8; 8;Depth;5
BlockStat;28; 296; 120; 8; 8;QT_Depth;2
BlockStat;28; 296; 120; 8; 8;BT_Depth;4
BlockStat;28; 296; 120; 8; 8;MT_Depth;3
BlockStat;28; 296; 120; 8; 8;ChromaQPAdj;0
BlockStat;28; 296; 120; 8; 8;QP;38
BlockStat;28; 296; 120; 8; 8;SplitSeries;3279905
BlockStat;28; 296; 120; 8; 8;SkipFlag;0
BlockStat;28; 296; 120; 8; 8;PredMode;0
BlockStat;28; 296; 120; 8; 8;MergeFlag;0
BlockStat;28; 296; 120; 8; 8;InterDir;1
BlockStat;28; 296; 120; 8; 8;MVPIdxL0;0
BlockStat;28; 296; 120; 8; 8;RefIdxL0;0
BlockStat;28; 296; 120; 8; 8;MVDL0;   0; -60
BlockStat;28; 296; 120; 8; 8;MVL0;-240;-102
BlockStat;28; 296; 120; 8; 8;IMVMode;3
BlockStat;28; 296; 120; 8; 8;RootCbf;1
BlockStat;28; 296; 120; 8; 4;Cbf_Y;2
BlockStat;28; 296; 120; 8; 4;TransformSkipFlag_Y;0
BlockStat;28; 296; 120; 8; 4;Cbf_Cb;0
BlockStat;28; 296; 120; 8; 4;Cbf_Cr;0
BlockStat;28; 296; 124; 8; 4;Cbf_Y;0
BlockStat;28; 296; 124; 8; 4;TransformSkipFlag_Y;0
BlockStat;28; 296; 124; 8; 4;Cbf_Cb;0
BlockStat;28; 296; 124; 8; 4;Cbf_Cr;0
BlockStat;28; 304;  96;16; 4;Depth;5
BlockStat;28; 304;  96;16; 4;QT_Depth;2
BlockStat;28; 304;  96;16; 4;BT_Depth;4
BlockStat;28; 304;  96;16; 4;MT_Depth;3
BlockStat;28; 304;  96;16; 4;ChromaQPAdj;0
BlockStat;28; 304;  96;16; 4;QP;38
BlockStat;28; 304;  96;16; 4;SplitSeries;2231329
BlockStat;28; 304;  96;16; 4;SkipFlag;1
BlockStat;28; 304;  96;16; 4;MMVDSkipFlag;0
BlockStat;28; 304;  96;16; 4;PredMode;0
BlockStat;28; 304;  96;16; 4;MergeIdx;0
BlockStat;28; 304;  96;16; 4;MergeType;0
BlockStat;28; 304;  96;16; 4;MMVDMergeFlag;0
BlockStat;28; 304;  96;16; 4;MVPIdxL0;255
BlockStat;28; 304;  96;16; 4;RefIdxL0;0
BlockStat;28; 304;  96;16; 4;MVPIdxL1;255
BlockStat;28; 304;  96;16; 4;RefIdxL1;0
BlockStat;28; 304;  96;16; 4;MVDL0;   0;   0
BlockStat;28; 304;  96;16; 4;MVL0; -17;  24
BlockStat;28; 304;  96;16; 4;MVDL1;   0;   0
BlockStat;28; 304;  96;16; 4;MVL1; -18;  25
BlockStat;28; 304; 100;16; 4;Depth;5
BlockStat;28; 304; 100;16; 4;QT_Depth;2
BlockStat;28; 304; 100;16; 4;BT_Depth;4
BlockStat;28; 304; 100;16; 4;MT_Depth;3
BlockStat;28; 304; 100;16; 4;ChromaQPAdj;0
BlockStat;28; 304; 100;16; 4;QP;38
BlockStat;28; 304; 100;16; 4;SplitSeries;2231329
BlockStat;28; 304; 100;16; 4;SkipFlag;1
BlockStat;28; 304; 100;16; 4;MMVDSkipFlag;0
BlockStat;28; 304; 100;16; 4;PredMode;0
BlockStat;28; 304; 100;16; 4;MergeIdx;2
BlockStat;28; 304; 100;16; 4;MergeType;0
BlockStat;28; 304; 100;16; 4;MMVDMergeFlag;0
BlockStat;28; 304; 100;16; 4;MVPIdxL0;255
BlockStat;28; 304; 100;16; 4;RefIdxL0;0
BlockStat: POC 28 @( 304, 100) [16x 4] TrianglePartitioning={   0,   4,  16,   0}
BlockStat;28; 304; 104; 8;16;Depth;5
BlockStat;28; 304; 104; 8;16;QT_Depth;2
BlockStat;28; 304; 104; 8;16;BT_Depth;3
BlockStat;28; 304; 104; 8;16;MT_Depth;3
BlockStat;28; 304; 104; 8;16;ChromaQPAdj;0
BlockStat;28; 304; 104; 8;16;QP;38
BlockStat;28; 304; 104; 8;16;SplitSeries;3279905
BlockStat;28; 304; 104; 8;16;SkipFlag;0
BlockStat;28; 304; 104; 8;16;PredMode;1
BlockStat;28; 304; 104; 8;16;Luma_IntraMode;0
BlockStat;28; 304; 104; 8;16;Chroma_IntraMode;0
BlockStat;28; 304; 104; 8;16;MultiRefIdx;0
BlockStat;28; 304; 104; 8;16;Cbf_Y;1
BlockStat;28; 304; 104; 8;16;TransformSkipFlag_Y;0
BlockStat;28; 304; 104; 8;16;Cbf_Cb;0
BlockStat;28; 304; 104; 8;16;Cbf_Cr;0
BlockStat;28; 312; 104; 8;16;Depth;5
BlockStat;28; 312; 104; 8;16;QT_Depth;2
BlockStat;28; 312; 104; 8;16;BT_Depth;3
BlockStat;28; 312; 104; 8;16;MT_Depth;3
BlockStat;28; 312; 104; 8;16;ChromaQPAdj;0
BlockStat;28; 312; 104; 8;16;QP;38
BlockStat;28; 312; 104; 8;16;SplitSeries;3279905
BlockStat;28; 312; 104; 8;16;SkipFlag;0
BlockStat;28; 312; 104; 8;16;PredMode;1
BlockStat;28; 312; 104; 8;16;Luma_IntraMode;0
BlockStat;28; 312; 104; 8;16;Chroma_IntraMode;67
BlockStat;28; 312; 104; 8;16;MultiRefIdx;0
BlockStat;28; 312; 104; 8;16;Cbf_Y;1
BlockStat;28; 312; 104; 8;16;TransformSkipFlag_Y;2
BlockStat;28; 312; 104; 8;16;Cbf_Cb;0
BlockStat;28; 312; 104; 8;16;Cbf_Cr;0
BlockStat;28; 304; 120;16; 8;Depth;4
BlockStat;28; 304; 120;16; 8;QT_Depth;2
BlockStat;28; 304; 120;16; 8;BT_Depth;3
BlockStat;28; 304; 120;16; 8;MT_Depth;2
BlockStat;28; 304; 120;16; 8;ChromaQPAdj;0
BlockStat;28; 304; 120;16; 8;QP;38
BlockStat;28; 304; 120;16; 8;SplitSeries;134177
BlockStat;28; 304; 120;16; 8;SkipFlag;0
BlockStat;28; 304; 120;16; 8;PredMode;1
BlockStat;28; 304; 120;16; 8;Luma_IntraMode;0
BlockStat;28; 304; 120;16; 8;Chroma_IntraMode;67
BlockStat;28; 304; 120;16; 8;MultiRefIdx;0
BlockStat;28; 304; 120;16; 8;Cbf_Y;1
BlockStat;28; 304; 120;16; 8;TransformSkipFlag_Y;0
BlockStat;28; 304; 120;16; 8;Cbf_Cb;0
BlockStat;28; 304; 120;16; 8;Cbf_Cr;0
BlockStat;28; 320;  64;16;16;Depth;3
BlockStat;28; 320;  64;16;16;QT_Depth;3
BlockStat;28; 320;  64;16;16;BT_Depth;0
BlockStat;28; 320;  64;16;16;MT_Depth;0
BlockStat;28; 320;  64;16;16;ChromaQPAdj;0
BlockStat;28; 320;  64;16;16;QP;38
BlockStat;28; 320;  64;16;16;SplitSeries;1057
BlockStat;28; 320;  64;16;16;SkipFlag;1
BlockStat;28; 320;  64;16;16;MMVDSkipFlag;0
BlockStat;28; 320;  64;16;16;PredMode;0
BlockStat;28; 320;  64;16;16;MergeIdx;0
BlockStat;28; 320;  64;16;16;MergeType;0
BlockStat;28; 320;  64;16;16;MMVDMergeFlag;0
BlockStat;28; 320;  64;16;16;AffineFlag;0
BlockStat;28; 320;  64;16;16;MVPIdxL0;255
BlockStat;28; 320;  64;16;16;RefIdxL0;0
BlockStat;28; 320;  64;16;16;MVPIdxL1;255
BlockStat;28; 320;  64;16;16;RefIdxL1;0
BlockStat;28; 320;  64;16;16;MVDL0;   0;   0
BlockStat;28; 320;  64;16;16;MVL0; -17;  24
BlockStat;28; 320;  64;16;16;MVDL1;   0;   0
BlockStat;28; 320;  64;16;16;MVL1; -18;  25
BlockStat;28; 336;  64;16; 8;Depth;4
BlockStat;28; 336;  64;16; 8;QT_Depth;3
BlockStat;28; 336;  64;16; 8;BT_Depth;1
BlockStat;28; 336;  64;16; 8;MT_Depth;1
BlockStat;28; 336;  64;16; 8;ChromaQPAdj;0
BlockStat;28; 336;  64;16; 8;QP;38
BlockStat;28; 336;  64;16; 8;SplitSeries;66593
BlockStat;28; 336;  64;16; 8;SkipFlag;1
BlockStat;28; 336;  64;16; 8;MMVDSkipFlag;0
BlockStat;28; 336;  64;16; 8;PredMode;0
BlockStat;28; 336;  64;16; 8;MergeIdx;0
BlockStat;28; 336;  64;16; 8;MergeType;0
BlockStat;28; 336;  64;16; 8;MMVDMergeFlag;0
BlockStat;28; 336;  64;16; 8;AffineFlag;0
BlockStat;28; 336;  64;16; 8;MVPIdxL0;255
BlockStat;28; 336;  64;16; 8;RefIdxL0;0
BlockStat;28; 336;  64;16; 8;MVPIdxL1;255
BlockStat;28; 336;  64;16; 8;RefIdxL1;0
BlockStat;28; 336;  64;16; 8;MVDL0;   0;   0
BlockStat;28; 336;  64;16; 8;MVL0; -17;  24
BlockStat;28; 336;  64;16; 8;MVDL1;   0;   0
BlockStat;28; 336;  64;16; 8;MVL1; -18;  25
BlockStat;28; 336;  72; 8; 8;Depth;5
BlockStat;28; 336;  72; 8; 8;QT_Depth;3
BlockStat;28; 336;  72; 8; 8;BT_Depth;2
BlockStat;28; 336;  72; 8; 8;MT_Depth;2
BlockStat;28; 336;  72; 8; 8;ChromaQPAdj;0
BlockStat;28; 336;  72; 8; 8;QP;38
BlockStat;28; 336;  72; 8; 8;SplitSeries;3212321
BlockStat;28; 336;  72; 8; 8;SkipFlag;1
BlockStat;28; 336;  72; 8; 8;MMVDSkipFlag;0
BlockStat;28; 336;  72; 8; 8;PredMode;0
BlockStat;28; 336;  72; 8; 8;MergeIdx;0
BlockStat;28; 336;  72; 8; 8;MergeType;0
BlockStat;28; 336;  72; 8; 8;MMVDMergeFlag;0
BlockStat;28; 336;  72; 8; 8;AffineFlag;0
BlockStat;28; 336;  72; 8; 8;MVPIdxL0;255
BlockStat;28; 336;  72; 8; 8;RefIdxL0;0
BlockStat;28; 336;  72; 8; 8;MVPIdxL1;255
BlockStat;28; 336;  72; 8; 8;RefIdxL1;0
BlockStat;28; 336;  72; 8; 8;MVDL0;   0;   0
BlockStat;28; 336;  72; 8; 8;MVL0; -17;  24
BlockStat;28; 336;  72; 8; 8;MVDL1;   0;   0
BlockStat;28; 336;  72; 8; 8;MVL1; -18;  25
BlockStat;28; 344;  72; 8; 8;Depth;5
BlockStat;28; 344;  72; 8; 8;QT_Depth;3
BlockStat;28; 344;  72; 8; 8;BT_Depth;2
BlockStat;28; 344;  72; 8; 8;MT_Depth;2
BlockStat;28; 344;  72; 8; 8;ChromaQPAdj;0
BlockStat;28; 344;  72; 8; 8;QP;38
BlockStat;28; 344;  72; 8; 8;SplitSeries;3212321
BlockStat;28; 344;  72; 8; 8;SkipFlag;0
BlockStat;28; 344;  72; 8; 8;PredMode;1
BlockStat;28; 344;  72; 8; 8;Luma_IntraMode;0
BlockStat;28; 344;  72; 8; 8;Chroma_IntraMode;0
BlockStat;28; 344;  72; 8; 8;MultiRefIdx;0
BlockStat;28; 344;  72; 8; 8;Cbf_Y;1
BlockStat;28; 344;  72; 8; 8;TransformSkipFlag_Y;2
BlockStat;28; 344;  72; 8; 8;Cbf_Cb;0
BlockStat;28; 344;  72; 8; 8;Cbf_Cr;0
BlockStat;28; 320;  80; 8; 8;Depth;5
BlockStat;28; 320;  80; 8; 8;QT_Depth;3
BlockStat;28; 320;  80; 8; 8;BT_Depth;2
BlockStat;28; 320;  80; 8; 8;MT_Depth;2
BlockStat;28; 320;  80; 8; 8;ChromaQPAdj;0
BlockStat;28; 320;  80; 8; 8;QP;38
BlockStat;28; 320;  80; 8; 8;SplitSeries;2196513
BlockStat;28; 320;  80; 8; 8;SkipFlag;1
BlockStat;28; 320;  80; 8; 8;MMVDSkipFlag;0
BlockStat;28; 320;  80; 8; 8;PredMode;0
BlockStat;28; 320;  80; 8; 8;MergeIdx;0
BlockStat;28; 320;  80; 8; 8;MergeType;0
BlockStat;28; 320;  80; 8; 8;MMVDMergeFlag;0
BlockStat;28; 320;  80; 8; 8;AffineFlag;0
BlockStat;28; 320;  80; 8; 8;MVPIdxL0;255
BlockStat;28; 320;  80; 8; 8;RefIdxL0;0
BlockStat;28; 320;  80; 8; 8;MVPIdxL1;255
BlockStat;28; 320;  80; 8; 8;RefIdxL1;0
BlockStat;28; 320;  80; 8; 8;MVDL0;   0;   0
BlockStat;28; 320;  80; 8; 8;MVL0; -17;  24
BlockStat;28; 320;  80; 8; 8;MVDL1;   0;   0
BlockStat;28; 320;  80; 8; 8;MVL1; -18;  25
BlockStat;28; 320;  88; 8; 8;Depth;5
BlockStat;28; 320;  88; 8; 8;QT_Depth;3
BlockStat;28; 320;  88; 8; 8;BT_Depth;2
BlockStat;28; 320;  88; 8; 8;MT_Depth;2
BlockStat;28; 320;  88; 8; 8;ChromaQPAdj;0
BlockStat;28; 320;  88; 8; 8;QP;38
BlockStat;28; 320;  88; 8; 8;SplitSeries;2196513
BlockStat;28; 320;  88; 8; 8;SkipFlag;1
BlockStat;28; 320;  88; 8; 8;MMVDSkipFlag;0
BlockStat;28; 320;  88; 8; 8;PredMode;0
BlockStat;28; 320;  88; 8; 8;MergeIdx;2
BlockStat;28; 320;  88; 8; 8;MergeType;0
BlockStat;28; 320;  88; 8; 8;MMVDMergeFlag;0
BlockStat;28; 320;  88; 8; 8;AffineFlag;0
BlockStat;28; 320;  88; 8; 8;MVPIdxL0;255
BlockStat;28; 320;  88; 8; 8;RefIdxL0;0
BlockStat;28; 320;  88; 8; 8;MVPIdxL1;255
BlockStat;28; 320;  88; 8; 8;RefIdxL1;0
BlockStat;28; 320;  88; 8; 8;MVDL0;   0;   0
BlockStat;28; 320;  88; 8; 8;MVL0;-241; -43
BlockStat;28; 320;  88; 8; 8;MVDL1;   0;   0
BlockStat;28; 320;  88; 8; 8;MVL1; -18;  25
BlockStat;28; 328;  80; 8;16;Depth;4
BlockStat;28; 328;  80; 8;16;QT_Depth;3
BlockStat;28; 328;  80; 8;16;BT_Depth;1
BlockStat;28; 328;  80; 8;16;MT_Depth;1
BlockStat;28; 328;  80; 8;16;ChromaQPAdj;0
BlockStat;28; 328;  80; 8;16;QP;38
BlockStat;28; 328;  80; 8;16;SplitSeries;99361
BlockStat;28; 328;  80; 8;16;SkipFlag;0
BlockStat;28; 328;  80; 8;16;PredMode;1
BlockStat;28; 328;  80; 8;16;Luma_IntraMode;0
BlockStat;28; 328;  80; 8;16;Chroma_IntraMode;0
BlockStat;28; 328;  80; 8;16;MultiRefIdx;0
BlockStat;28; 328;  80; 2;16;Cbf_Y;0
BlockStat;28; 328;  80; 2;16;TransformSkipFlag_Y;0
BlockStat;28;   0;   0; 0; 0;Cbf_Cb;0
BlockStat;28;   0;   0; 0; 0;Cbf_Cr;0
BlockStat;28; 330;  80; 2;16;Cbf_Y;0
BlockStat;28; 330;  80; 2;16;TransformSkipFlag_Y;0
BlockStat;28;   0;   0; 0; 0;Cbf_Cb;0
BlockStat;28;   0;   0; 0; 0;Cbf_Cr;0
BlockStat;28; 332;  80; 2;16;Cbf_Y;2
BlockStat;28; 332;  80; 2;16;TransformSkipFlag_Y;0
BlockStat;28;   0;   0; 0; 0;Cbf_Cb;0
BlockStat;28;   0;   0; 0; 0;Cbf_Cr;0
BlockStat;28; 334;  80; 2;16;Cbf_Y;2
BlockStat;28; 334;  80; 2;16;TransformSkipFlag_Y;0
BlockStat;28; 328;  80; 8;16;Cbf_Cb;0
BlockStat;28; 328;  80; 8;16;Cbf_Cr;0
BlockStat;28; 336;  80;16;16;Depth;3
BlockStat;28; 336;  80;16;16;QT_Depth;3
BlockStat;28; 336;  80;16;16;BT_Depth;0
BlockStat;28; 336;  80;16;16;MT_Depth;0
BlockStat;28; 336;  80;16;16;ChromaQPAdj;0
BlockStat;28; 336;  80;16;16;QP;38
BlockStat;28; 336;  80;16;16;SplitSeries;1057
BlockStat;28; 336;  80;16;16;SkipFlag;0
BlockStat;28; 336;  80;16;16;PredMode;1
BlockStat;28; 336;  80;16;16;Luma_IntraMode;18
BlockStat;28; 336;  80;16;16;Chroma_IntraMode;18
BlockStat;28; 336;  80;16;16;MultiRefIdx;0
BlockStat;28; 336;  80;16;16;Cbf_Y;1
BlockStat;28; 336;  80;16;16;TransformSkipFlag_Y;0
BlockStat;28; 336;  80;16;16;Cbf_Cb;0
BlockStat;28; 336;  80;16;16;Cbf_Cr;0
BlockStat;28; 352;  64;16; 8;Depth;4
BlockStat;28; 352;  64;16; 8;QT_Depth;2
BlockStat;28; 352;  64;16; 8;BT_Depth;3
BlockStat;28; 352;  64;16; 8;MT_Depth;2
BlockStat;28; 352;  64;16; 8;ChromaQPAdj;0
BlockStat;28; 352;  64;16; 8;QP;38
BlockStat;28; 352;  64;16; 8;SplitSeries;134177
BlockStat;28; 352;  64;16; 8;SkipFlag;0
BlockStat;28; 352;  64;16; 8;PredMode;1
BlockStat;28; 352;  64;16; 8;Luma_IntraMode;0
BlockStat;28; 352;  64;16; 8;Chroma_IntraMode;0
BlockStat;28; 352;  64;16; 8;MultiRefIdx;0
BlockStat;28; 352;  64; 4; 8;Cbf_Y;0
BlockStat;28; 352;  64; 4; 8;TransformSkipFlag_Y;0
BlockStat;28;   0;   0; 0; 0;Cbf_Cb;0
BlockStat;28;   0;   0; 0; 0;Cbf_Cr;0
BlockStat;28; 356;  64; 4; 8;Cbf_Y;2
BlockStat;28; 356;  64; 4; 8;TransformSkipFlag_Y;0
BlockStat;28;   0;   0; 0; 0;Cbf_Cb;0
BlockStat;28;   0;   0; 0; 0;Cbf_Cr;0
BlockStat;28; 360;  64; 4; 8;Cbf_Y;2
BlockStat;28; 360;  64; 4; 8;TransformSkipFlag_Y;0
BlockStat;28;   0;   0; 0; 0;Cbf_Cb;0
BlockStat;28;   0;   0; 0; 0;Cbf_Cr;0
BlockStat;28; 364;  64; 4; 8;Cbf_Y;2
BlockStat;28; 364;  64; 4; 8;TransformSkipFlag_Y;0
BlockStat;28; 352;  64;16; 8;Cbf_Cb;0
BlockStat;28; 352;  64;16; 8;Cbf_Cr;0
BlockStat;28; 352;  72;16; 4;Depth;5
BlockStat;28; 352;  72;16; 4;QT_Depth;2
BlockStat;28; 352;  72;16; 4;BT_Depth;4
BlockStat;28; 352;  72;16; 4;MT_Depth;3
BlockStat;28; 352;  72;16; 4;ChromaQPAdj;0
BlockStat;28; 352;  72;16; 4;QP;38
BlockStat;28; 352;  72;16; 4;SplitSeries;4328481
BlockStat;28; 352;  72;16; 4;SkipFlag;0
BlockStat;28; 352;  72;16; 4;PredMode;1
BlockStat;28; 352;  72;16; 4;Luma_IntraMode;0
BlockStat;28; 352;  72;16; 4;Chroma_IntraMode;0
BlockStat;28; 352;  72;16; 4;MultiRefIdx;0
BlockStat;28; 352;  72;16; 4;Cbf_Y;1
BlockStat;28; 352;  72;16; 4;TransformSkipFlag_Y;0
BlockStat;28; 352;  72;16; 4;Cbf_Cb;0
BlockStat;28; 352;  72;16; 4;Cbf_Cr;0
BlockStat;28; 352;  76;16; 8;Depth;5
BlockStat;28; 352;  76;16; 8;QT_Depth;2
BlockStat;28; 352;  76;16; 8;BT_Depth;3
BlockStat;28; 352;  76;16; 8;MT_Depth;3
BlockStat;28; 352;  76;16; 8;ChromaQPAdj;0
BlockStat;28; 352;  76;16; 8;QP;38
BlockStat;28; 352;  76;16; 8;SplitSeries;4328481
BlockStat;28; 352;  76;16; 8;SkipFlag;0
BlockStat;28; 352;  76;16; 8;PredMode;1
BlockStat;28; 352;  76;16; 8;Luma_IntraMode;0
BlockStat;28; 352;  76;16; 8;Chroma_IntraMode;0
BlockStat;28; 352;  76;16; 8;MultiRefIdx;0
BlockStat;28; 352;  76; 4; 8;Cbf_Y;0
BlockStat;28; 352;  76; 4; 8;TransformSkipFlag_Y;0
BlockStat;28;   0;   0; 0; 0;Cbf_Cb;0
BlockStat;28;   0;   0; 0; 0;Cbf_Cr;0
BlockStat;28; 356;  76; 4; 8;Cbf_Y;0
BlockStat;28; 356;  76; 4; 8;TransformSkipFlag_Y;0
BlockStat;28;   0;   0; 0; 0;Cbf_Cb;0
BlockStat;28;   0;   0; 0; 0;Cbf_Cr;0
BlockStat;28; 360;  76; 4; 8;Cbf_Y;0
BlockStat;28; 360;  76; 4; 8;TransformSkipFlag_Y;0
BlockStat;28;   0;   0; 0; 0;Cbf_Cb;0
BlockStat;28;   0;   0; 0; 0;Cbf_Cr;0
BlockStat;28; 364;  76; 4; 8;Cbf_Y;2
BlockStat;28; 364;  76; 4; 8;TransformSkipFlag_Y;0
BlockStat;28; 352;  76;16; 8;Cbf_Cb;0
BlockStat;28; 352;  76;16; 8;Cbf_Cr;0
BlockStat;28; 352;  84;16; 4;Depth;5
BlockStat;28; 352;  84;16; 4;QT_Depth;2
BlockStat;28; 352;  84;16; 4;BT_Depth;4
BlockStat;28; 352;  84;16; 4;MT_Depth;3
BlockStat;28; 352;  84;16; 4;ChromaQPAdj;0
BlockStat;28; 352;  84;16; 4;QP;38
BlockStat;28; 352;  84;16; 4;SplitSeries;4328481
BlockStat;28; 352;  84;16; 4;SkipFlag;0
BlockStat;28; 352;  84;16; 4;PredMode;1
BlockStat;28; 352;  84;16; 4;Luma_IntraMode;0
BlockStat;28; 352;  84;16; 4;Chroma_IntraMode;0
BlockStat;28; 352;  84;16; 4;MultiRefIdx;0
BlockStat;28; 352;  84; 4; 4;Cbf_Y;0
BlockStat;28; 352;  84; 4; 4;TransformSkipFlag_Y;0
BlockStat;28;   0;   0; 0; 0;Cbf_Cb;0
BlockStat;28;   0;   0; 0; 0;Cbf_Cr;0
BlockStat;28; 356;  84; 4; 4;Cbf_Y;0
BlockStat;28; 356;  84; 4; 4;TransformSkipFlag_Y;0
BlockStat;28;   0;   0; 0; 0;Cbf_Cb;0
BlockStat;28;   0;   0; 0; 0;Cbf_Cr;0
BlockStat;28; 360;  84; 4; 4;Cbf_Y;2
BlockStat;28; 360;  84; 4; 4;TransformSkipFlag_Y;0
BlockStat;28;   0;   0; 0; 0;Cbf_Cb;0
BlockStat;28;   0;   0; 0; 0;Cbf_Cr;0
BlockStat;28; 364;  84; 4; 4;Cbf_Y;2
BlockStat;28; 364;  84; 4; 4;TransformSkipFlag_Y;0
BlockStat;28; 352;  84;16; 4;Cbf_Cb;0
BlockStat;28; 352;  84;16; 4;Cbf_Cr;0
BlockStat;28; 352;  88;16; 8;Depth;4
BlockStat;28; 352;  88;16; 8;QT_Depth;2
BlockStat;28; 352;  88;16; 8;BT_Depth;3
BlockStat;28; 352;  88;16; 8;MT_Depth;2
BlockStat;28; 352;  88;16; 8;ChromaQPAdj;0
BlockStat;28; 352;  88;16; 8;QP;38
BlockStat;28; 352;  88;16; 8;SplitSeries;134177
BlockStat;28; 352;  88;16; 8;SkipFlag;0
BlockStat;28; 352;  88;16; 8;PredMode;1
BlockStat;28; 352;  88;16; 8;Luma_IntraMode;9
BlockStat;28; 352;  88;16; 8;Chroma_IntraMode;0
BlockStat;28; 352;  88;16; 8;MultiRefIdx;0
BlockStat;28; 352;  88;16; 8;Cbf_Y;1
BlockStat;28; 352;  88;16; 8;TransformSkipFlag_Y;2
BlockStat;28; 352;  88;16; 8;Cbf_Cb;0
BlockStat;28; 352;  88;16; 8;Cbf_Cr;0
BlockStat;28; 368;  64;16; 8;Depth;4
BlockStat;28; 368;  64;16; 8;QT_Depth;2
BlockStat;28; 368;  64;16; 8;BT_Depth;3
BlockStat;28; 368;  64;16; 8;MT_Depth;2
BlockStat;28; 368;  64;16; 8;ChromaQPAdj;0
BlockStat;28; 368;  64;16; 8;QP;38
BlockStat;28; 368;  64;16; 8;SplitSeries;134177
BlockStat;28; 368;  64;16; 8;SkipFlag;0
BlockStat;28; 368;  64;16; 8;PredMode;1
BlockStat;28; 368;  64;16; 8;Luma_IntraMode;4
BlockStat;28; 368;  64;16; 8;Chroma_IntraMode;0
BlockStat;28; 368;  64;16; 8;MultiRefIdx;0
BlockStat;28; 368;  64;16; 8;Cbf_Y;1
BlockStat;28; 368;  64;16; 8;TransformSkipFlag_Y;2
BlockStat;28; 368;  64;16; 8;Cbf_Cb;0
BlockStat;28; 368;  64;16; 8;Cbf_Cr;0
BlockStat;28; 368;  72;16;16;Depth;4
BlockStat;28; 368;  72;16;16;QT_Depth;2
BlockStat;28; 368;  72;16;16;BT_Depth;2
BlockStat;28; 368;  72;16;16;MT_Depth;2
BlockStat;28; 368;  72;16;16;ChromaQPAdj;0
BlockStat;28; 368;  72;16;16;QP;38
BlockStat;28; 368;  72;16;16;SplitSeries;134177
BlockStat;28; 368;  72;16;16;SkipFlag;0
BlockStat;28; 368;  72;16;16;PredMode;1
BlockStat;28; 368;  72;16;16;Luma_IntraMode;4
BlockStat;28; 368;  72;16;16;Chroma_IntraMode;0
BlockStat;28; 368;  72;16;16;MultiRefIdx;0
BlockStat;28; 368;  72;16;16;Cbf_Y;1
BlockStat;28; 368;  72;16;16;TransformSkipFlag_Y;2
BlockStat;28; 368;  72;16;16;Cbf_Cb;0
BlockStat;28; 368;  72;16;16;Cbf_Cr;0
BlockStat;28; 368;  88;16; 8;Depth;4
BlockStat;28; 368;  88;16; 8;QT_Depth;2
BlockStat;28; 368;  88;16; 8;BT_Depth;3
BlockStat;28; 368;  88;16; 8;MT_Depth;2
BlockStat;28; 368;  88;16; 8;ChromaQPAdj;0
BlockStat;28; 368;  88;16; 8;QP;38
BlockStat;28; 368;  88;16; 8;SplitSeries;134177
BlockStat;28; 368;  88;16; 8;SkipFlag;0
BlockStat;28; 368;  88;16; 8;PredMode;1
BlockStat;28; 368;  88;16; 8;Luma_IntraMode;15
BlockStat;28; 368;  88;16; 8;Chroma_IntraMode;15
BlockStat;28; 368;  88;16; 8;MultiRefIdx;0
BlockStat;28; 368;  88;16; 8;Cbf_Y;1
BlockStat;28; 368;  88;16; 8;TransformSkipFlag_Y;0
BlockStat;28; 368;  88;16; 8;Cbf_Cb;1
BlockStat;28; 368;  88;16; 8;Cbf_Cr;1
BlockStat;28; 320;  96; 8;16;Depth;4
BlockStat;28; 320;  96; 8;16;QT_Depth;2
BlockStat;28; 320;  96; 8;16;BT_Depth;3
BlockStat;28; 320;  96; 8;16;MT_Depth;2
BlockStat;28; 320;  96; 8;16;ChromaQPAdj;0
BlockStat;28; 320;  96; 8;16;QP;38
BlockStat;28; 320;  96; 8;16;SplitSeries;70689
BlockStat;28; 320;  96; 8;16;SkipFlag;0
BlockStat;28; 320;  96; 8;16;PredMode;1
BlockStat;28; 320;  96; 8;16;Luma_IntraMode;1
BlockStat;28; 320;  96; 8;16;Chroma_IntraMode;1
BlockStat;28; 320;  96; 8;16;MultiRefIdx;0
BlockStat;28; 320;  96; 8;16;Cbf_Y;1
BlockStat;28; 320;  96; 8;16;TransformSkipFlag_Y;0
BlockStat;28; 320;  96; 8;16;Cbf_Cb;0
BlockStat;28; 320;  96; 8;16;Cbf_Cr;0
BlockStat;28; 320; 112; 8;16;Depth;4
BlockStat;28; 320; 112; 8;16;QT_Depth;2
BlockStat;28; 320; 112; 8;16;BT_Depth;3
BlockStat;28; 320; 112; 8;16;MT_Depth;2
BlockStat;28; 320; 112; 8;16;ChromaQPAdj;0
BlockStat;28; 320; 112; 8;16;QP;38
BlockStat;28; 320; 112; 8;16;SplitSeries;70689
BlockStat;28; 320; 112; 8;16;SkipFlag;0
BlockStat;28; 320; 112; 8;16;PredMode;1
BlockStat;28; 320; 112; 8;16;Luma_IntraMode;5
BlockStat;28; 320; 112; 8;16;Chroma_IntraMode;67
BlockStat;28; 320; 112; 8;16;MultiRefIdx;0
BlockStat;28; 320; 112; 8;16;Cbf_Y;1
BlockStat;28; 320; 112; 8;16;TransformSkipFlag_Y;2
BlockStat;28; 320; 112; 8;16;Cbf_Cb;0
BlockStat;28; 320; 112; 8;16;Cbf_Cr;0
BlockStat;28; 328;  96;16; 8;Depth;5
BlockStat;28; 328;  96;16; 8;QT_Depth;2
BlockStat;28; 328;  96;16; 8;BT_Depth;3
BlockStat;28; 328;  96;16; 8;MT_Depth;3
BlockStat;28; 328;  96;16; 8;ChromaQPAdj;0
BlockStat;28; 328;  96;16; 8;QP;38
BlockStat;28; 328;  96;16; 8;SplitSeries;2167841
BlockStat;28; 328;  96;16; 8;SkipFlag;0
BlockStat;28; 328;  96;16; 8;PredMode;1
BlockStat;28; 328;  96;16; 8;Luma_IntraMode;1
BlockStat;28; 328;  96;16; 8;Chroma_IntraMode;1
BlockStat;28; 328;  96;16; 8;MultiRefIdx;0
BlockStat;28; 328;  96;16; 8;Cbf_Y;1
BlockStat;28; 328;  96;16; 8;TransformSkipFlag_Y;1
BlockStat;28; 328;  96;16; 8;Cbf_Cb;0
BlockStat;28; 328;  96;16; 8;Cbf_Cr;0
BlockStat;28; 328; 104;16; 8;Depth;5
BlockStat;28; 328; 104;16; 8;QT_Depth;2
BlockStat;28; 328; 104;16; 8;BT_Depth;3
BlockStat;28; 328; 104;16; 8;MT_Depth;3
BlockStat;28; 328; 104;16; 8;ChromaQPAdj;0
BlockStat;28; 328; 104;16; 8;QP;38
BlockStat;28; 328; 104;16; 8;SplitSeries;2167841
BlockStat;28; 328; 104;16; 8;SkipFlag;0
BlockStat;28; 328; 104;16; 8;PredMode;1
BlockStat;28; 328; 104;16; 8;Luma_IntraMode;8
BlockStat;28; 328; 104;16; 8;Chroma_IntraMode;8
BlockStat;28; 328; 104;16; 8;MultiRefIdx;0
BlockStat;28; 328; 104;16; 8;Cbf_Y;1
BlockStat;28; 328; 104;16; 8;TransformSkipFlag_Y;2
BlockStat;28; 328; 104;16; 8;Cbf_Cb;0
BlockStat;28; 328; 104;16; 8;Cbf_Cr;0
BlockStat;28; 328; 112;16;16;Depth;4
BlockStat;28; 328; 112;16;16;QT_Depth;2
BlockStat;28; 328; 112;16;16;BT_Depth;2
BlockStat;28; 328; 112;16;16;MT_Depth;2
BlockStat;28; 328; 112;16;16;ChromaQPAdj;0
BlockStat;28; 328; 112;16;16;QP;38
BlockStat;28; 328; 112;16;16;SplitSeries;70689
BlockStat;28; 328; 112;16;16;SkipFlag;0
BlockStat;28; 328; 112;16;16;PredMode;1
BlockStat;28; 328; 112;16;16;Luma_IntraMode;0
BlockStat;28; 328; 112;16;16;Chroma_IntraMode;67
BlockStat;28; 328; 112;16;16;MultiRefIdx;0
BlockStat;28; 328; 112;16;16;Cbf_Y;1
BlockStat;28; 328; 112;16;16;TransformSkipFlag_Y;2
BlockStat;28; 328; 112;16;16;Cbf_Cb;0
BlockStat;28; 328; 112;16;16;Cbf_Cr;0
BlockStat;28; 344;  96; 8;16;Depth;4
BlockStat;28; 344;  96; 8;16;QT_Depth;2
BlockStat;28; 344;  96; 8;16;BT_Depth;3
BlockStat;28; 344;  96; 8;16;MT_Depth;2
BlockStat;28; 344;  96; 8;16;ChromaQPAdj;0
BlockStat;28; 344;  96; 8;16;QP;38
BlockStat;28; 344;  96; 8;16;SplitSeries;70689
BlockStat;28; 344;  96; 8;16;SkipFlag;0
BlockStat;28; 344;  96; 8;16;PredMode;1
BlockStat;28; 344;  96; 8;16;Luma_IntraMode;8
BlockStat;28; 344;  96; 8;16;Chroma_IntraMode;8
BlockStat;28; 344;  96; 8;16;MultiRefIdx;0
BlockStat;28; 344;  96; 8; 4;Cbf_Y;2
BlockStat;28; 344;  96; 8; 4;TransformSkipFlag_Y;0
BlockStat;28;   0;   0; 0; 0;Cbf_Cb;0
BlockStat;28;   0;   0; 0; 0;Cbf_Cr;0
BlockStat;28; 344; 100; 8; 4;Cbf_Y;0
BlockStat;28; 344; 100; 8; 4;TransformSkipFlag_Y;0
BlockStat;28;   0;   0; 0; 0;Cbf_Cb;0
BlockStat;28;   0;   0; 0; 0;Cbf_Cr;0
BlockStat;28; 344; 104; 8; 4;Cbf_Y;0
BlockStat;28; 344; 104; 8; 4;TransformSkipFlag_Y;0
BlockStat;28;   0;   0; 0; 0;Cbf_Cb;0
BlockStat;28;   0;   0; 0; 0;Cbf_Cr;0
BlockStat;28; 344; 108; 8; 4;Cbf_Y;0
BlockStat;28; 344; 108; 8; 4;TransformSkipFlag_Y;0
BlockStat;28; 344;  96; 8;16;Cbf_Cb;0
BlockStat;28; 344;  96; 8;16;Cbf_Cr;0
BlockStat;28; 344; 112; 8;16;Depth;4
BlockStat;28; 344; 112; 8;16;QT_Depth;2
BlockStat;28; 344; 112; 8;16;BT_Depth;3
BlockStat;28; 344; 112; 8;16;MT_Depth;2
BlockStat;28; 344; 112; 8;16;ChromaQPAdj;0
BlockStat;28; 344; 112; 8;16;QP;38
BlockStat;28; 344; 112; 8;16;SplitSeries;70689
BlockStat;28; 344; 112; 8;16;SkipFlag;0
BlockStat;28; 344; 112; 8;16;PredMode;0
BlockStat;28; 344; 112; 8;16;MergeFlag;0
BlockStat;28; 344; 112; 8;16;InterDir;1
BlockStat;28; 344; 112; 8;16;MVPIdxL0;0
BlockStat;28; 344; 112; 8;16;RefIdxL0;0
BlockStat;28; 344; 112; 8;16;MVDL0;-100;  44
BlockStat;28; 344; 112; 8;16;MVL0;-116;  68
BlockStat;28; 344; 112; 8;16;IMVMode;1
BlockStat;28; 344; 112; 8;16;RootCbf;0
BlockStat;28; 352;  96;16; 8;Depth;5
BlockStat;28; 352;  96;16; 8;QT_Depth;2
BlockStat;28; 352;  96;16; 8;BT_Depth;3
BlockStat;28; 352;  96;16; 8;MT_Depth;3
BlockStat;28; 352;  96;16; 8;ChromaQPAdj;0
BlockStat;28; 352;  96;16; 8;QP;38
BlockStat;28; 352;  96;16; 8;SplitSeries;2165793
BlockStat;28; 352;  96;16; 8;SkipFlag;0
BlockStat;28; 352;  96;16; 8;PredMode;1
BlockStat;28; 352;  96;16; 8;Luma_IntraMode;8
BlockStat;28; 352;  96;16; 8;Chroma_IntraMode;8
BlockStat;28; 352;  96;16; 8;MultiRefIdx;0
BlockStat;28; 352;  96;16; 8;Cbf_Y;1
BlockStat;28; 352;  96;16; 8;TransformSkipFlag_Y;0
BlockStat;28; 352;  96;16; 8;Cbf_Cb;0
BlockStat;28; 352;  96;16; 8;Cbf_Cr;0
BlockStat;28; 352; 104;16; 8;Depth;5
BlockStat;28; 352; 104;16; 8;QT_Depth;2
BlockStat;28; 352; 104;16; 8;BT_Depth;3
BlockStat;28; 352; 104;16; 8;MT_Depth;3
BlockStat;28; 352; 104;16; 8;ChromaQPAdj;0
BlockStat;28; 352; 104;16; 8;QP;38
BlockStat;28; 352; 104;16; 8;SplitSeries;2165793
BlockStat;28; 352; 104;16; 8;SkipFlag;0
BlockStat;28; 352; 104;16; 8;PredMode;0
BlockStat;28; 352; 104;16; 8;MergeFlag;1
BlockStat;28; 352; 104;16; 8;MergeIdx;0
BlockStat;28; 352; 104;16; 8;MergeType;0
BlockStat;28; 352; 104;16; 8;MMVDMergeFlag;0
BlockStat;28; 352; 104;16; 8;AffineFlag;0
BlockStat;28; 352; 104;16; 8;MHIntraFlag;0
BlockStat;28; 352; 104;16; 8;MVPIdxL0;255
BlockStat;28; 352; 104;16; 8;RefIdxL0;0
BlockStat;28; 352; 104;16; 8;MVDL0;   0;   0
BlockStat;28; 352; 104;16; 8;MVL0;-116;  68
BlockStat;28; 352; 104;16; 4;Cbf_Y;2
BlockStat;28; 352; 104;16; 4;TransformSkipFlag_Y;0
BlockStat;28; 352; 104;16; 4;Cbf_Cb;0
BlockStat;28; 352; 104;16; 4;Cbf_Cr;0
BlockStat;28; 352; 108;16; 4;Cbf_Y;0
BlockStat;28; 352; 108;16; 4;TransformSkipFlag_Y;0
BlockStat;28; 352; 108;16; 4;Cbf_Cb;0
BlockStat;28; 352; 108;16; 4;Cbf_Cr;0
BlockStat;28; 352; 112;16;16;Depth;4
BlockStat;28; 352; 112;16;16;QT_Depth;2
BlockStat;28; 352; 112;16;16;BT_Depth;2
BlockStat;28; 352; 112;16;16;MT_Depth;2
BlockStat;28; 352; 112;16;16;ChromaQPAdj;0
BlockStat;28; 352; 112;16;16;QP;38
BlockStat;28; 352; 112;16;16;SplitSeries;68641
BlockStat;28; 352; 112;16;16;SkipFlag;1
BlockStat;28; 352; 112;16;16;MMVDSkipFlag;0
BlockStat;28; 352; 112;16;16;PredMode;0
BlockStat;28; 352; 112;16;16;MergeIdx;0
BlockStat;28; 352; 112;16;16;MergeType;0
BlockStat;28; 352; 112;16;16;MMVDMergeFlag;1
BlockStat;28; 352; 112;16;16;MMVDMergeIdx;0
BlockStat;28; 352; 112;16;16;MVPIdxL0;255
BlockStat;28; 352; 112;16;16;RefIdxL0;0
BlockStat;28; 352; 112;16;16;MVDL0;   0;   0
BlockStat;28; 352; 112;16;16;MVL0;-115;  68
BlockStat;28; 368;  96;16;32;Depth;3
BlockStat;28; 368;  96;16;32;QT_Depth;2
BlockStat;28; 368;  96;16;32;BT_Depth;1
BlockStat;28; 368;  96;16;32;MT_Depth;1
BlockStat;28; 368;  96;16;32;ChromaQPAdj;0
BlockStat;28; 368;  96;16;32;QP;38
BlockStat;28; 368;  96;16;32;SplitSeries;3105
BlockStat;28; 368;  96;16;32;SkipFlag;0
BlockStat;28; 368;  96;16;32;PredMode;1
BlockStat;28; 368;  96;16;32;Luma_IntraMode;2
BlockStat;28; 368;  96;16;32;Chroma_IntraMode;2
BlockStat;28; 368;  96;16;32;MultiRefIdx;0
BlockStat;28; 368;  96;16;32;Cbf_Y;1
BlockStat;28; 368;  96;16;32;TransformSkipFlag_Y;2
BlockStat;28; 368;  96;16;32;Cbf_Cb;0
BlockStat;28; 368;  96;16;32;Cbf_Cr;0
BlockStat;28; 384;   0;32;32;Depth;2
BlockStat;28; 384;   0;32;32;QT_Depth;2
BlockStat;28; 384;   0;32;32;BT_Depth;0
BlockStat;28; 384;   0;32;32;MT_Depth;0
BlockStat;28; 384;   0;32;32;ChromaQPAdj;0
BlockStat;28; 384;   0;32;32;QP;38
BlockStat;28; 384;   0;32;32;SplitSeries;33
BlockStat;28; 384;   0;32;32;SkipFlag;1
BlockStat;28; 384;   0;32;32;MMVDSkipFlag;0
BlockStat;28; 384;   0;32;32;PredMode;0
BlockStat;28; 384;   0;32;32;MergeIdx;1
BlockStat;28; 384;   0;32;32;MergeType;0
BlockStat;28; 384;   0;32;32;MMVDMergeFlag;0
BlockStat;28; 384;   0;32;32;AffineFlag;0
BlockStat;28; 384;   0;32;32;MVPIdxL0;255
BlockStat;28; 384;   0;32;32;RefIdxL0;0
BlockStat;28; 384;   0;32;32;MVPIdxL1;255
BlockStat;28; 384;   0;32;32;RefIdxL1;0
BlockStat;28; 384;   0;32;32;MVDL0;   0;   0
BlockStat;28; 384;   0;32;32;MVL0; -17;  24
BlockStat;28; 384;   0;32;32;MVDL1;   0;   0
BlockStat;28; 384;   0;32;32;MVL1; -18;  25
BlockStat;28; 416;   0; 8;32;Depth;3
BlockStat;28; 416;   0; 8;32;QT_Depth;2
BlockStat;28; 416;   0; 8;32;BT_Depth;2
BlockStat;28; 416;   0; 8;32;MT_Depth;1
BlockStat;28; 416;   0; 8;32;ChromaQPAdj;0
BlockStat;28; 416;   0; 8;32;QP;38
BlockStat;28; 416;   0; 8;32;SplitSeries;5153
BlockStat;28; 416;   0; 8;32;SkipFlag;1
BlockStat;28; 416;   0; 8;32;MMVDSkipFlag;0
BlockStat;28; 416;   0; 8;32;PredMode;0
BlockStat;28; 416;   0; 8;32;MergeIdx;0
BlockStat;28; 416;   0; 8;32;MergeType;0
BlockStat;28; 416;   0; 8;32;MMVDMergeFlag;0
BlockStat;28; 416;   0; 8;32;AffineFlag;0
BlockStat;28; 416;   0; 8;32;MVPIdxL0;255
BlockStat;28; 416;   0; 8;32;RefIdxL0;0
BlockStat;28; 416;   0; 8;32;MVPIdxL1;255
BlockStat;28; 416;   0; 8;32;RefIdxL1;0
BlockStat;28; 416;   0; 8;32;MVDL0;   0;   0
BlockStat;28; 416;   0; 8;32;MVL0; -17;  24
BlockStat;28; 416;   0; 8;32;MVDL1;   0;   0
BlockStat;28; 416;   0; 8;32;MVL1; -18;  25
BlockStat;28; 424;   0;16;32;Depth;3
BlockStat;28; 424;   0;16;32;QT_Depth;2
BlockStat;28; 424;   0;16;32;BT_Depth;1
BlockStat;28; 424;   0;16;32;MT_Depth;1
BlockStat;28; 424;   0;16;32;ChromaQPAdj;0
BlockStat;28; 424;   0;16;32;QP;38
BlockStat;28; 424;   0;16;32;SplitSeries;5153
BlockStat;28; 424;   0;16;32;SkipFlag;1
BlockStat;28; 424;   0;16;32;MMVDSkipFlag;0
BlockStat;28; 424;   0;16;32;PredMode;0
BlockStat;28; 424;   0;16;32;MergeIdx;0
BlockStat;28; 424;   0;16;32;MergeType;0
BlockStat;28; 424;   0;16;32;MMVDMergeFlag;0
BlockStat;28; 424;   0;16;32;AffineFlag;0
BlockStat;28; 424;   0;16;32;MVPIdxL0;255
BlockStat;28; 424;   0;16;32;RefIdxL0;0
BlockStat;28; 424;   0;16;32;MVPIdxL1;255
BlockStat;28; 424;   0;16;32;RefIdxL1;0
BlockStat;28; 424;   0;16;32;MVDL0;   0;   0
BlockStat;28; 424;   0;16;32;MVL0; -17;  24
BlockStat;28; 424;   0;16;32;MVDL1;   0;   0
BlockStat;28; 424;   0;16;32;MVL1; -18;  25
BlockStat;28; 440;   0; 8;32;Depth;3
BlockStat;28; 440;   0; 8;32;QT_Depth;2
BlockStat;28; 440;   0; 8;32;BT_Depth;2
BlockStat;28; 440;   0; 8;32;MT_Depth;1
BlockStat;28; 440;   0; 8;32;ChromaQPAdj;0
BlockStat;28; 440;   0; 8;32;QP;38
BlockStat;28; 440;   0; 8;32;SplitSeries;5153
BlockStat;28; 440;   0; 8;32;SkipFlag;0
BlockStat;28; 440;   0; 8;32;PredMode;1
BlockStat;28; 440;   0; 8;32;Luma_IntraMode;1
BlockStat;28; 440;   0; 8;32;Chroma_IntraMode;1
BlockStat;28; 440;   0; 8;32;MultiRefIdx;0
BlockStat;28; 440;   0; 8;32;Cbf_Y;1
BlockStat;28; 440;   0; 8;32;TransformSkipFlag_Y;2
BlockStat;28; 440;   0; 8;32;Cbf_Cb;0
BlockStat;28; 440;   0; 8;32;Cbf_Cr;0
BlockStat;28; 384;  32; 8; 8;Depth;5
BlockStat;28; 384;  32; 8; 8;QT_Depth;2
BlockStat;28; 384;  32; 8; 8;BT_Depth;4
BlockStat;28; 384;  32; 8; 8;MT_Depth;3
BlockStat;28; 384;  32; 8; 8;ChromaQPAdj;0
BlockStat;28; 384;  32; 8; 8;QP;38
BlockStat;28; 384;  32; 8; 8;SplitSeries;2263073
BlockStat;28; 384;  32; 8; 8;SkipFlag;1
BlockStat;28; 384;  32; 8; 8;MMVDSkipFlag;0
BlockStat;28; 384;  32; 8; 8;PredMode;0
BlockStat;28; 384;  32; 8; 8;MergeIdx;0
BlockStat;28; 384;  32; 8; 8;MergeType;0
BlockStat;28; 384;  32; 8; 8;MMVDMergeFlag;0
BlockStat;28; 384;  32; 8; 8;AffineFlag;0
BlockStat;28; 384;  32; 8; 8;MVPIdxL0;255
BlockStat;28; 384;  32; 8; 8;RefIdxL0;0
BlockStat;28; 384;  32; 8; 8;MVPIdxL1;255
BlockStat;28; 384;  32; 8; 8;RefIdxL1;0
BlockStat;28; 384;  32; 8; 8;MVDL0;   0;   0
BlockStat;28; 384;  32; 8; 8;MVL0; -17;  24
BlockStat;28; 384;  32; 8; 8;MVDL1;   0;   0
BlockStat;28; 384;  32; 8; 8;MVL1; -18;  25
BlockStat;28; 384;  40; 8; 8;Depth;5
BlockStat;28; 384;  40; 8; 8;QT_Depth;2
BlockStat;28; 384;  40; 8; 8;BT_Depth;4
BlockStat;28; 384;  40; 8; 8;MT_Depth;3
BlockStat;28; 384;  40; 8; 8;ChromaQPAdj;0
BlockStat;28; 384;  40; 8; 8;QP;38
BlockStat;28; 384;  40; 8; 8;SplitSeries;2263073
BlockStat;28; 384;  40; 8; 8;SkipFlag;0
BlockStat;28; 384;  40; 8; 8;PredMode;0
BlockStat;28; 384;  40; 8; 8;MergeFlag;0
BlockStat;28; 384;  40; 8; 8;InterDir;1
BlockStat;28; 384;  40; 8; 8;MVPIdxL0;1
BlockStat;28; 384;  40; 8; 8;RefIdxL0;1
BlockStat;28; 384;  40; 8; 8;MVDL0;  -1;   8
BlockStat;28; 384;  40; 8; 8;MVL0; -49;  57
BlockStat;28; 384;  40; 8; 8;IMVMode;0
BlockStat;28; 384;  40; 8; 8;RootCbf;0
BlockStat;28; 392;  32; 4;16;Depth;5
BlockStat;28; 392;  32; 4;16;QT_Depth;2
BlockStat;28; 392;  32; 4;16;BT_Depth;4
BlockStat;28; 392;  32; 4;16;MT_Depth;3
BlockStat;28; 392;  32; 4;16;ChromaQPAdj;0
BlockStat;28; 392;  32; 4;16;QP;38
BlockStat;28; 392;  32; 4;16;SplitSeries;5408801
BlockStat;28; 392;  32; 4;16;SkipFlag;1
BlockStat;28; 392;  32; 4;16;MMVDSkipFlag;0
BlockStat;28; 392;  32; 4;16;PredMode;0
BlockStat;28; 392;  32; 4;16;MergeIdx;0
BlockStat;28; 392;  32; 4;16;MergeType;0
BlockStat;28; 392;  32; 4;16;MMVDMergeFlag;0
BlockStat;28; 392;  32; 4;16;MVPIdxL0;255
BlockStat;28; 392;  32; 4;16;RefIdxL0;1
BlockStat;28; 392;  32; 4;16;MVDL0;   0;   0
BlockStat;28; 392;  32; 4;16;MVL0; -49;  57
BlockStat;28; 396;  32; 8;16;Depth;5
BlockStat;28; 396;  32; 8;16;QT_Depth;2
BlockStat;28; 396;  32; 8;16;BT_Depth;3
BlockStat;28; 396;  32; 8;16;MT_Depth;3
BlockStat;28; 396;  32; 8;16;ChromaQPAdj;0
BlockStat;28; 396;  32; 8;16;QP;38
BlockStat;28; 396;  32; 8;16;SplitSeries;5408801
BlockStat;28; 396;  32; 8;16;SkipFlag;1
BlockStat;28; 396;  32; 8;16;MMVDSkipFlag;0
BlockStat;28; 396;  32; 8;16;PredMode;0
BlockStat;28; 396;  32; 8;16;MergeIdx;0
BlockStat;28; 396;  32; 8;16;MergeType;0
BlockStat;28; 396;  32; 8;16;MMVDMergeFlag;0
BlockStat;28; 396;  32; 8;16;AffineFlag;0
BlockStat;28; 396;  32; 8;16;MVPIdxL0;255
BlockStat;28; 396;  32; 8;16;RefIdxL0;1
BlockStat;28; 396;  32; 8;16;MVDL0;   0;   0
BlockStat;28; 396;  32; 8;16;MVL0; -49;  57
BlockStat;28; 404;  32; 4;16;Depth;5
BlockStat;28; 404;  32; 4;16;QT_Depth;2
BlockStat;28; 404;  32; 4;16;BT_Depth;4
BlockStat;28; 404;  32; 4;16;MT_Depth;3
BlockStat;28; 404;  32; 4;16;ChromaQPAdj;0
BlockStat;28; 404;  32; 4;16;QP;38
BlockStat;28; 404;  32; 4;16;SplitSeries;5408801
BlockStat;28; 404;  32; 4;16;SkipFlag;0
BlockStat;28; 404;  32; 4;16;PredMode;0
BlockStat;28; 404;  32; 4;16;MergeFlag;1
BlockStat;28; 404;  32; 4;16;MergeIdx;1
BlockStat;28; 404;  32; 4;16;MergeType;0
BlockStat;28; 404;  32; 4;16;MMVDMergeFlag;0
BlockStat;28; 404;  32; 4;16;MHIntraFlag;1
BlockStat;28; 404;  32; 4;16;Luma_IntraMode;0
BlockStat;28; 404;  32; 4;16;Chroma_IntraMode;70
BlockStat;28; 404;  32; 4;16;MVPIdxL0;255
BlockStat;28; 404;  32; 4;16;RefIdxL0;0
BlockStat;28; 404;  32; 4;16;MVPIdxL1;255
BlockStat;28; 404;  32; 4;16;RefIdxL1;0
BlockStat;28; 404;  32; 4;16;MVDL0;   0;   0
BlockStat;28; 404;  32; 4;16;MVL0; -17;  24
BlockStat;28; 404;  32; 4;16;MVDL1;   0;   0
BlockStat;28; 404;  32; 4;16;MVL1; -18;  25
BlockStat;28; 404;  32; 4;16;Cbf_Y;1
BlockStat;28; 404;  32; 4;16;TransformSkipFlag_Y;0
BlockStat;28; 404;  32; 4;16;Cbf_Cb;0
BlockStat;28; 404;  32; 4;16;Cbf_Cr;0
BlockStat;28; 408;  32; 8;16;Depth;4
BlockStat;28; 408;  32; 8;16;QT_Depth;2
BlockStat;28; 408;  32; 8;16;BT_Depth;3
BlockStat;28; 408;  32; 8;16;MT_Depth;2
BlockStat;28; 408;  32; 8;16;ChromaQPAdj;0
BlockStat;28; 408;  32; 8;16;QP;38
BlockStat;28; 408;  32; 8;16;SplitSeries;165921
BlockStat;28; 408;  32; 8;16;SkipFlag;1
BlockStat;28; 408;  32; 8;16;MMVDSkipFlag;0
BlockStat;28; 408;  32; 8;16;PredMode;0
BlockStat;28; 408;  32; 8;16;MergeIdx;0
BlockStat;28; 408;  32; 8;16;MergeType;0
BlockStat;28; 408;  32; 8;16;MMVDMergeFlag;0
BlockStat;28; 408;  32; 8;16;AffineFlag;0
BlockStat;28; 408;  32; 8;16;MVPIdxL0;255
BlockStat;28; 408;  32; 8;16;RefIdxL0;0
BlockStat;28; 408;  32; 8;16;MVPIdxL1;255
BlockStat;28; 408;  32; 8;16;RefIdxL1;0
BlockStat;28; 408;  32; 8;16;MVDL0;   0;   0
BlockStat;28; 408;  32; 8;16;MVL0; -17;  24
BlockStat;28; 408;  32; 8;16;MVDL1;   0;   0
BlockStat;28; 408;  32; 8;16;MVL1; -18;  25
BlockStat;28; 384;  48;16; 4;Depth;5
BlockStat;28; 384;  48;16; 4;QT_Depth;2
BlockStat;28; 384;  48;16; 4;BT_Depth;4
BlockStat;28; 384;  48;16; 4;MT_Depth;3
BlockStat;28; 384;  48;16; 4;ChromaQPAdj;0
BlockStat;28; 384;  48;16; 4;QP;38
BlockStat;28; 384;  48;16; 4;SplitSeries;4294689
BlockStat;28; 384;  48;16; 4;SkipFlag;0
BlockStat;28; 384;  48;16; 4;PredMode;1
BlockStat;28; 384;  48;16; 4;Luma_IntraMode;2
BlockStat;28; 384;  48;16; 4;Chroma_IntraMode;67
BlockStat;28; 384;  48;16; 4;MultiRefIdx;0
BlockStat;28; 384;  48;16; 4;Cbf_Y;0
BlockStat;28; 384;  48;16; 4;TransformSkipFlag_Y;0
BlockStat;28; 384;  48;16; 4;Cbf_Cb;0
BlockStat;28; 384;  48;16; 4;Cbf_Cr;0
BlockStat;28; 384;  52;16; 8;Depth;5
BlockStat;28; 384;  52;16; 8;QT_Depth;2
BlockStat;28; 384;  52;16; 8;BT_Depth;3
BlockStat;28; 384;  52;16; 8;MT_Depth;3
BlockStat;28; 384;  52;16; 8;ChromaQPAdj;0
BlockStat;28; 384;  52;16; 8;QP;38
BlockStat;28; 384;  52;16; 8;SplitSeries;4294689
BlockStat;28; 384;  52;16; 8;SkipFlag;0
BlockStat;28; 384;  52;16; 8;PredMode;1
BlockStat;28; 384;  52;16; 8;Luma_IntraMode;4
BlockStat;28; 384;  52;16; 8;Chroma_IntraMode;0
BlockStat;28; 384;  52;16; 8;MultiRefIdx;0
BlockStat;28; 384;  52;16; 8;Cbf_Y;1
BlockStat;28; 384;  52;16; 8;TransformSkipFlag_Y;1
BlockStat;28; 384;  52;16; 8;Cbf_Cb;0
BlockStat;28; 384;  52;16; 8;Cbf_Cr;0
BlockStat;28; 384;  60;16; 4;Depth;5
BlockStat;28; 384;  60;16; 4;QT_Depth;2
BlockStat;28; 384;  60;16; 4;BT_Depth;4
BlockStat;28; 384;  60;16; 4;MT_Depth;3
BlockStat;28; 384;  60;16; 4;ChromaQPAdj;0
BlockStat;28; 384;  60;16; 4;QP;38
BlockStat;28; 384;  60;16; 4;SplitSeries;4294689
BlockStat;28; 384;  60;16; 4;SkipFlag;0
BlockStat;28; 384;  60;16; 4;PredMode;1
BlockStat;28; 384;  60;16; 4;Luma_IntraMode;0
BlockStat;28; 384;  60;16; 4;Chroma_IntraMode;0
BlockStat;28; 384;  60;16; 4;MultiRefIdx;0
BlockStat;28; 384;  60;16; 4;Cbf_Y;1
BlockStat;28; 384;  60;16; 4;TransformSkipFlag_Y;2
BlockStat;28; 384;  60;16; 4;Cbf_Cb;0
BlockStat;28; 384;  60;16; 4;Cbf_Cr;0
BlockStat;28; 400;  48;16;16;Depth;4
BlockStat;28; 400;  48;16;16;QT_Depth;2
BlockStat;28; 400;  48;16;16;BT_Depth;2
BlockStat;28; 400;  48;16;16;MT_Depth;2
BlockStat;28; 400;  48;16;16;ChromaQPAdj;0
BlockStat;28; 400;  48;16;16;QP;38
BlockStat;28; 400;  48;16;16;SplitSeries;100385
BlockStat;28; 400;  48;16;16;SkipFlag;0
BlockStat;28; 400;  48;16;16;PredMode;1
BlockStat;28; 400;  48;16;16;Luma_IntraMode;3
BlockStat;28; 400;  48;16;16;Chroma_IntraMode;0
BlockStat;28; 400;  48;16;16;MultiRefIdx;0
BlockStat;28; 400;  48;16;16;Cbf_Y;1
BlockStat;28; 400;  48;16;16;TransformSkipFlag_Y;2
BlockStat;28; 400;  48;16;16;Cbf_Cb;0
BlockStat;28; 400;  48;16;16;Cbf_Cr;0
BlockStat;28; 416;  32;16; 8;Depth;4
BlockStat;28; 416;  32;16; 8;QT_Depth;2
BlockStat;28; 416;  32;16; 8;BT_Depth;3
BlockStat;28; 416;  32;16; 8;MT_Depth;2
BlockStat;28; 416;  32;16; 8;ChromaQPAdj;0
BlockStat;28; 416;  32;16; 8;QP;38
BlockStat;28; 416;  32;16; 8;SplitSeries;102433
BlockStat;28; 416;  32;16; 8;SkipFlag;1
BlockStat;28; 416;  32;16; 8;MMVDSkipFlag;0
BlockStat;28; 416;  32;16; 8;PredMode;0
BlockStat;28; 416;  32;16; 8;MergeIdx;0
BlockStat;28; 416;  32;16; 8;MergeType;0
BlockStat;28; 416;  32;16; 8;MMVDMergeFlag;0
BlockStat;28; 416;  32;16; 8;AffineFlag;0
BlockStat;28; 416;  32;16; 8;MVPIdxL0;255
BlockStat;28; 416;  32;16; 8;RefIdxL0;0
BlockStat;28; 416;  32;16; 8;MVPIdxL1;255
BlockStat;28; 416;  32;16; 8;RefIdxL1;0
BlockStat;28; 416;  32;16; 8;MVDL0;   0;   0
BlockStat;28; 416;  32;16; 8;MVL0; -17;  24
BlockStat;28; 416;  32;16; 8;MVDL1;   0;   0
BlockStat;28; 416;  32;16; 8;MVL1; -18;  25
BlockStat;28; 432;  32; 4; 8;Depth;5
BlockStat;28; 432;  32; 4; 8;QT_Depth;2
BlockStat;28; 432;  32; 4; 8;BT_Depth;5
BlockStat;28; 432;  32; 4; 8;MT_Depth;3
BlockStat;28; 432;  32; 4; 8;ChromaQPAdj;0
BlockStat;28; 432;  32; 4; 8;QP;38
BlockStat;28; 432;  32; 4; 8;SplitSeries;5345313
BlockStat;28; 432;  32; 4; 8;SkipFlag;1
BlockStat;28; 432;  32; 4; 8;MMVDSkipFlag;0
BlockStat;28; 432;  32; 4; 8;PredMode;0
BlockStat;28; 432;  32; 4; 8;MergeIdx;0
BlockStat;28; 432;  32; 4; 8;MergeType;0
BlockStat;28; 432;  32; 4; 8;MMVDMergeFlag;0
BlockStat;28; 432;  32; 4; 8;MVPIdxL0;255
BlockStat;28; 432;  32; 4; 8;RefIdxL0;0
BlockStat;28; 432;  32; 4; 8;MVDL0;   0;   0
BlockStat;28; 432;  32; 4; 8;MVL0; -17;  24
BlockStat;28; 436;  32; 8; 8;Depth;5
BlockStat;28; 436;  32; 8; 8;QT_Depth;2
BlockStat;28; 436;  32; 8; 8;BT_Depth;4
BlockStat;28; 436;  32; 8; 8;MT_Depth;3
BlockStat;28; 436;  32; 8; 8;ChromaQPAdj;0
BlockStat;28; 436;  32; 8; 8;QP;38
BlockStat;28; 436;  32; 8; 8;SplitSeries;5345313
BlockStat;28; 436;  32; 8; 8;SkipFlag;0
BlockStat;28; 436;  32; 8; 8;PredMode;0
BlockStat;28; 436;  32; 8; 8;MergeFlag;1
BlockStat;28; 436;  32; 8; 8;MergeIdx;33
BlockStat;28; 436;  32; 8; 8;MergeType;0
BlockStat;28; 436;  32; 8; 8;MMVDMergeFlag;1
BlockStat;28; 436;  32; 8; 8;MMVDMergeIdx;33
BlockStat;28; 436;  32; 8; 8;MVPIdxL0;255
BlockStat;28; 436;  32; 8; 8;RefIdxL0;0
BlockStat;28; 436;  32; 8; 8;MVPIdxL1;255
BlockStat;28; 436;  32; 8; 8;RefIdxL1;0
BlockStat;28; 436;  32; 8; 8;MVDL0;   0;   0
BlockStat;28; 436;  32; 8; 8;MVL0; -18;  24
BlockStat;28; 436;  32; 8; 8;MVDL1;   0;   0
BlockStat;28; 436;  32; 8; 8;MVL1; -19;  25
BlockStat;28; 436;  32; 4; 8;Cbf_Y;0
BlockStat;28; 436;  32; 4; 8;TransformSkipFlag_Y;0
BlockStat;28; 436;  32; 4; 8;Cbf_Cb;0
BlockStat;28; 436;  32; 4; 8;Cbf_Cr;0
BlockStat;28; 440;  32; 4; 8;Cbf_Y;2
BlockStat;28; 440;  32; 4; 8;TransformSkipFlag_Y;0
BlockStat;28; 440;  32; 4; 8;Cbf_Cb;0
BlockStat;28; 440;  32; 4; 8;Cbf_Cr;0
BlockStat;28; 444;  32; 4; 8;Depth;5
BlockStat;28; 444;  32; 4; 8;QT_Depth;2
BlockStat;28; 444;  32; 4; 8;BT_Depth;5
BlockStat;28; 444;  32; 4; 8;MT_Depth;3
BlockStat;28; 444;  32; 4; 8;ChromaQPAdj;0
BlockStat;28; 444;  32; 4; 8;QP;38
BlockStat;28; 444;  32; 4; 8;SplitSeries;5345313
BlockStat;28; 444;  32; 4; 8;SkipFlag;0
BlockStat;28; 444;  32; 4; 8;PredMode;0
BlockStat;28; 444;  32; 4; 8;MergeFlag;0
BlockStat;28; 444;  32; 4; 8;InterDir;1
BlockStat;28; 444;  32; 4; 8;MVPIdxL0;1
BlockStat;28; 444;  32; 4; 8;RefIdxL0;0
BlockStat;28; 444;  32; 4; 8;MVDL0; -52;   0
BlockStat;28; 444;  32; 4; 8;MVL0;-168;  68
BlockStat;28; 444;  32; 4; 8;IMVMode;1
BlockStat;28; 444;  32; 4; 8;RootCbf;0
BlockStat;28; 416;  40;16; 8;Depth;5
BlockStat;28; 416;  40;16; 8;QT_Depth;2
BlockStat;28; 416;  40;16; 8;BT_Depth;3
BlockStat;28; 416;  40;16; 8;MT_Depth;3
BlockStat;28; 416;  40;16; 8;ChromaQPAdj;0
BlockStat;28; 416;  40;16; 8;QP;38
BlockStat;28; 416;  40;16; 8;SplitSeries;2199585
BlockStat;28; 416;  40;16; 8;SkipFlag;0
BlockStat;28; 416;  40;16; 8;PredMode;0
BlockStat;28; 416;  40;16; 8;MergeFlag;1
BlockStat;28; 416;  40;16; 8;MergeIdx;0
BlockStat;28; 416;  40;16; 8;MergeType;0
BlockStat;28; 416;  40;16; 8;MMVDMergeFlag;0
BlockStat;28; 416;  40;16; 8;AffineFlag;0
BlockStat;28; 416;  40;16; 8;MHIntraFlag;0
BlockStat;28; 416;  40;16; 8;MVPIdxL0;255
BlockStat;28; 416;  40;16; 8;RefIdxL0;0
BlockStat;28; 416;  40;16; 8;MVPIdxL1;255
BlockStat;28; 416;  40;16; 8;RefIdxL1;0
BlockStat;28; 416;  40;16; 8;MVDL0;   0;   0
BlockStat;28; 416;  40;16; 8;MVL0; -17;  24
BlockStat;28; 416;  40;16; 8;MVDL1;   0;   0
BlockStat;28; 416;  40;16; 8;MVL1; -18;  25
BlockStat;28; 416;  40;16; 4;Cbf_Y;0
BlockStat;28; 416;  40;16; 4;TransformSkipFlag_Y;0
BlockStat;28; 416;  40;16; 4;Cbf_Cb;0
BlockStat;28; 416;  40;16; 4;Cbf_Cr;0
BlockStat;28; 416;  44;16; 4;Cbf_Y;2
BlockStat;28; 416;  44;16; 4;TransformSkipFlag_Y;0
BlockStat;28; 416;  44;16; 4;Cbf_Cb;0
BlockStat;28; 416;  44;16; 4;Cbf_Cr;0
BlockStat;28; 416;  48;16; 8;Depth;5
BlockStat;28; 416;  48;16; 8;QT_Depth;2
BlockStat;28; 416;  48;16; 8;BT_Depth;3
BlockStat;28; 416;  48;16; 8;MT_Depth;3
BlockStat;28; 416;  48;16; 8;ChromaQPAdj;0
BlockStat;28; 416;  48;16; 8;QP;38
BlockStat;28; 416;  48;16; 8;SplitSeries;2199585
BlockStat;28; 416;  48;16; 8;SkipFlag;0
BlockStat;28; 416;  48;16; 8;PredMode;1
BlockStat;28; 416;  48;16; 8;Luma_IntraMode;5
BlockStat;28; 416;  48;16; 8;Chroma_IntraMode;0
BlockStat;28; 416;  48;16; 8;MultiRefIdx;0
BlockStat;28; 416;  48;16; 8;Cbf_Y;1
BlockStat;28; 416;  48;16; 8;TransformSkipFlag_Y;0
BlockStat;28; 416;  48;16; 8;Cbf_Cb;0
BlockStat;28; 416;  48;16; 8;Cbf_Cr;0
BlockStat;28; 432;  40; 8;16;Depth;5
BlockStat;28; 432;  40; 8;16;QT_Depth;2
BlockStat;28; 432;  40; 8;16;BT_Depth;3
BlockStat;28; 432;  40; 8;16;MT_Depth;3
BlockStat;28; 432;  40; 8;16;ChromaQPAdj;0
BlockStat;28; 432;  40; 8;16;QP;38
BlockStat;28; 432;  40; 8;16;SplitSeries;3248161
BlockStat;28; 432;  40; 8;16;SkipFlag;0
BlockStat;28; 432;  40; 8;16;PredMode;0
BlockStat;28; 432;  40; 8;16;MergeFlag;1
BlockStat;28; 432;  40; 8;16;MergeIdx;1
BlockStat;28; 432;  40; 8;16;MergeType;0
BlockStat;28; 432;  40; 8;16;MMVDMergeFlag;0
BlockStat;28; 432;  40; 8;16;AffineFlag;0
BlockStat;28; 432;  40; 8;16;MHIntraFlag;0
BlockStat;28; 432;  40; 8;16;MVPIdxL0;255
BlockStat;28; 432;  40; 8;16;RefIdxL0;0
BlockStat;28; 432;  40; 8;16;MVPIdxL1;255
BlockStat;28; 432;  40; 8;16;RefIdxL1;0
BlockStat;28; 432;  40; 8;16;MVDL0;   0;   0
BlockStat;28; 432;  40; 8;16;MVL0; -17;  24
BlockStat;28; 432;  40; 8;16;MVDL1;   0;   0
BlockStat;28; 432;  40; 8;16;MVL1; -18;  25
BlockStat;28; 432;  40; 8;16;Cbf_Y;1
BlockStat;28; 432;  40; 8;16;TransformSkipFlag_Y;0
BlockStat;28; 432;  40; 8;16;Cbf_Cb;0
BlockStat;28; 432;  40; 8;16;Cbf_Cr;0
BlockStat;28; 440;  40; 8;16;Depth;5
BlockStat;28; 440;  40; 8;16;QT_Depth;2
BlockStat;28; 440;  40; 8;16;BT_Depth;3
BlockStat;28; 440;  40; 8;16;MT_Depth;3
BlockStat;28; 440;  40; 8;16;ChromaQPAdj;0
BlockStat;28; 440;  40; 8;16;QP;38
BlockStat;28; 440;  40; 8;16;SplitSeries;3248161
BlockStat;28; 440;  40; 8;16;SkipFlag;0
BlockStat;28; 440;  40; 8;16;PredMode;1
BlockStat;28; 440;  40; 8;16;Luma_IntraMode;0
BlockStat;28; 440;  40; 8;16;Chroma_IntraMode;0
BlockStat;28; 440;  40; 8;16;MultiRefIdx;0
BlockStat;28; 440;  40; 8; 4;Cbf_Y;0
BlockStat;28; 440;  40; 8; 4;TransformSkipFlag_Y;0
BlockStat;28;   0;   0; 0; 0;Cbf_Cb;0
BlockStat;28;   0;   0; 0; 0;Cbf_Cr;0
BlockStat;28; 440;  44; 8; 4;Cbf_Y;2
BlockStat;28; 440;  44; 8; 4;TransformSkipFlag_Y;0
BlockStat;28;   0;   0; 0; 0;Cbf_Cb;0
BlockStat;28;   0;   0; 0; 0;Cbf_Cr;0
BlockStat;28; 440;  48; 8; 4;Cbf_Y;2
BlockStat;28; 440;  48; 8; 4;TransformSkipFlag_Y;0
BlockStat;28;   0;   0; 0; 0;Cbf_Cb;0
BlockStat;28;   0;   0; 0; 0;Cbf_Cr;0
BlockStat;28; 440;  52; 8; 4;Cbf_Y;2
BlockStat;28; 440;  52; 8; 4;TransformSkipFlag_Y;0
BlockStat;28; 440;  40; 8;16;Cbf_Cb;0
BlockStat;28; 440;  40; 8;16;Cbf_Cr;0
BlockStat;28; 416;  56;32; 8;Depth;3
BlockStat;28; 416;  56;32; 8;QT_Depth;2
BlockStat;28; 416;  56;32; 8;BT_Depth;2
BlockStat;28; 416;  56;32; 8;MT_Depth;1
BlockStat;28; 416;  56;32; 8;ChromaQPAdj;0
BlockStat;28; 416;  56;32; 8;QP;38
BlockStat;28; 416;  56;32; 8;SplitSeries;4129
BlockStat;28; 416;  56;32; 8;SkipFlag;0
BlockStat;28; 416;  56;32; 8;PredMode;1
BlockStat;28; 416;  56;32; 8;Luma_IntraMode;0
BlockStat;28; 416;  56;32; 8;Chroma_IntraMode;0
BlockStat;28; 416;  56;32; 8;MultiRefIdx;0
BlockStat;28; 416;  56;32; 8;Cbf_Y;1
BlockStat;28; 416;  56;32; 8;TransformSkipFlag_Y;0
BlockStat;28; 416;  56;32; 8;Cbf_Cb;0
BlockStat;28; 416;  56;32; 8;Cbf_Cr;0
BlockStat;28; 448;   0; 8;32;Depth;4
BlockStat;28; 448;   0; 8;32;QT_Depth;2
BlockStat;28; 448;   0; 8;32;BT_Depth;2
BlockStat;28; 448;   0; 8;32;MT_Depth;2
BlockStat;28; 448;   0; 8;32;ChromaQPAdj;0
BlockStat;28; 448;   0; 8;32;QP;38
BlockStat;28; 448;   0; 8;32;SplitSeries;101409
BlockStat;28; 448;   0; 8;32;SkipFlag;0
BlockStat;28; 448;   0; 8;32;PredMode;1
BlockStat;28; 448;   0; 8;32;Luma_IntraMode;0
BlockStat;28; 448;   0; 8;32;Chroma_IntraMode;0
BlockStat;28; 448;   0; 8;32;MultiRefIdx;0
BlockStat;28; 448;   0; 8; 8;Cbf_Y;2
BlockStat;28; 448;   0; 8; 8;TransformSkipFlag_Y;0
BlockStat;28;   0;   0; 0; 0;Cbf_Cb;0
BlockStat;28;   0;   0; 0; 0;Cbf_Cr;0
BlockStat;28; 448;   8; 8; 8;Cbf_Y;2
BlockStat;28; 448;   8; 8; 8;TransformSkipFlag_Y;0
BlockStat;28;   0;   0; 0; 0;Cbf_Cb;0
BlockStat;28;   0;   0; 0; 0;Cbf_Cr;0
BlockStat;28; 448;  16; 8; 8;Cbf_Y;2
BlockStat;28; 448;  16; 8; 8;TransformSkipFlag_Y;0
BlockStat;28;   0;   0; 0; 0;Cbf_Cb;0
BlockStat;28;   0;   0; 0; 0;Cbf_Cr;0
BlockStat;28; 448;  24; 8; 8;Cbf_Y;2
BlockStat;28; 448;  24; 8; 8;TransformSkipFlag_Y;0
BlockStat;28; 448;   0; 8;32;Cbf_Cb;0
BlockStat;28; 448;   0; 8;32;Cbf_Cr;0
BlockStat;28; 456;   0; 4;32;Depth;5
BlockStat;28; 456;   0; 4;32;QT_Depth;2
BlockStat;28; 456;   0; 4;32;BT_Depth;3
BlockStat;28; 456;   0; 4;32;MT_Depth;3
BlockStat;28; 456;   0; 4;32;ChromaQPAdj;0
BlockStat;28; 456;   0; 4;32;QP;38
BlockStat;28; 456;   0; 4;32;SplitSeries;3247137
BlockStat;28; 456;   0; 4;32;SkipFlag;0
BlockStat;28; 456;   0; 4;32;PredMode;0
BlockStat;28; 456;   0; 4;32;MergeFlag;0
BlockStat;28; 456;   0; 4;32;InterDir;1
BlockStat;28; 456;   0; 4;32;MVPIdxL0;0
BlockStat;28; 456;   0; 4;32;RefIdxL0;0
BlockStat;28; 456;   0; 4;32;MVDL0;  40;  -2
BlockStat;28; 456;   0; 4;32;MVL0; -76;  -2
BlockStat;28; 456;   0; 4;32;IMVMode;3
BlockStat;28; 456;   0; 4;32;RootCbf;1
BlockStat;28; 456;   0; 4;32;Cbf_Y;1
BlockStat;28; 456;   0; 4;32;TransformSkipFlag_Y;0
BlockStat;28; 456;   0; 4;32;Cbf_Cb;0
BlockStat;28; 456;   0; 4;32;Cbf_Cr;0
BlockStat;28; 460;   0; 4;32;Depth;5
BlockStat;28; 460;   0; 4;32;QT_Depth;2
BlockStat;28; 460;   0; 4;32;BT_Depth;3
BlockStat;28; 460;   0; 4;32;MT_Depth;3
BlockStat;28; 460;   0; 4;32;ChromaQPAdj;0
BlockStat;28; 460;   0; 4;32;QP;38
BlockStat;28; 460;   0; 4;32;SplitSeries;3247137
BlockStat;28; 460;   0; 4;32;SkipFlag;0
BlockStat;28; 460;   0; 4;32;PredMode;0
BlockStat;28; 460;   0; 4;32;MergeFlag;0
BlockStat;28; 460;   0; 4;32;InterDir;1
BlockStat;28; 460;   0; 4;32;MVPIdxL0;0
BlockStat;28; 460;   0; 4;32;RefIdxL0;0
BlockStat;28; 460;   0; 4;32;MVDL0;   2;  -2
BlockStat;28; 460;   0; 4;32;MVL0; -74;  -4
BlockStat;28; 460;   0; 4;32;IMVMode;3
BlockStat;28; 460;   0; 4;32;RootCbf;0
BlockStat;28; 464;   0;16;32;Depth;3
BlockStat;28; 464;   0;16;32;QT_Depth;2
BlockStat;28; 464;   0;16;32;BT_Depth;1
BlockStat;28; 464;   0;16;32;MT_Depth;1
BlockStat;28; 464;   0;16;32;ChromaQPAdj;0
BlockStat;28; 464;   0;16;32;QP;38
BlockStat;28; 464;   0;16;32;SplitSeries;3105
BlockStat;28; 464;   0;16;32;SkipFlag;1
BlockStat;28; 464;   0;16;32;MMVDSkipFlag;0
BlockStat;28; 464;   0;16;32;PredMode;0
BlockStat;28; 464;   0;16;32;MergeIdx;2
BlockStat;28; 464;   0;16;32;MergeType;0
BlockStat;28; 464;   0;16;32;MMVDMergeFlag;0
BlockStat;28; 464;   0;16;32;AffineFlag;0
BlockStat;28; 464;   0;16;32;MVPIdxL0;255
BlockStat;28; 464;   0;16;32;RefIdxL0;0
BlockStat: POC 28 @( 464,   0) [16x32] TrianglePartitioning={   0,  32,  16,   0}
BlockStat: POC 28 @[(464, 0)--(480, 0)--(464, 32)--] TriangleMVL0={ -74,  -4}
BlockStat: POC 28 @[(480, 0)--(464, 32)--(480, 32)--] TriangleMVL0={ -76,  -2}
BlockStat;28; 480;   0;16;32;Depth;3
BlockStat;28; 480;   0;16;32;QT_Depth;2
BlockStat;28; 480;   0;16;32;BT_Depth;1
BlockStat;28; 480;   0;16;32;MT_Depth;1
BlockStat;28; 480;   0;16;32;ChromaQPAdj;0
BlockStat;28; 480;   0;16;32;QP;38
BlockStat;28; 480;   0;16;32;SplitSeries;3105
BlockStat;28; 480;   0;16;32;SkipFlag;1
BlockStat;28; 480;   0;16;32;MMVDSkipFlag;0
BlockStat;28; 480;   0;16;32;PredMode;0
BlockStat;28; 480;   0;16;32;MergeIdx;2
BlockStat;28; 480;   0;16;32;MergeType;0
BlockStat;28; 480;   0;16;32;MMVDMergeFlag;1
BlockStat;28; 480;   0;16;32;MMVDMergeIdx;2
BlockStat;28; 480;   0;16;32;MVPIdxL0;255
BlockStat;28; 480;   0;16;32;RefIdxL0;0
BlockStat;28; 480;   0;16;32;MVDL0;   0;   0
BlockStat;28; 480;   0;16;32;MVL0; -76;  -1
BlockStat;28; 496;   0; 8;32;Depth;4
BlockStat;28; 496;   0; 8;32;QT_Depth;2
BlockStat;28; 496;   0; 8;32;BT_Depth;2
BlockStat;28; 496;   0; 8;32;MT_Depth;2
BlockStat;28; 496;   0; 8;32;ChromaQPAdj;0
BlockStat;28; 496;   0; 8;32;QP;38
BlockStat;28; 496;   0; 8;32;SplitSeries;101409
BlockStat;28; 496;   0; 8;32;SkipFlag;0
BlockStat;28; 496;   0; 8;32;PredMode;0
BlockStat;28; 496;   0; 8;32;MergeFlag;0
BlockStat;28; 496;   0; 8;32;InterDir;3
BlockStat;28; 496;   0; 8;32;MVPIdxL0;0
BlockStat;28; 496;   0; 8;32;RefIdxL0;1
BlockStat;28; 496;   0; 8;32;MVPIdxL1;0
BlockStat;28; 496;   0; 8;32;RefIdxL1;0
BlockStat;28; 496;   0; 8;32;MVDL0;  32; -48
BlockStat;28; 496;   0; 8;32;MVL0;-320; -48
BlockStat;28; 496;   0; 8;32;MVDL1;   0;   0
BlockStat;28; 496;   0; 8;32;MVL1; -80;   0
BlockStat;28; 496;   0; 8;32;IMVMode;2
BlockStat;28; 496;   0; 8;32;RootCbf;1
BlockStat;28; 496;   0; 8;32;Cbf_Y;1
BlockStat;28; 496;   0; 8;32;TransformSkipFlag_Y;0
BlockStat;28; 496;   0; 8;32;Cbf_Cb;0
BlockStat;28; 496;   0; 8;32;Cbf_Cr;0
BlockStat;28; 504;   0; 8;16;Depth;5
BlockStat;28; 504;   0; 8;16;QT_Depth;2
BlockStat;28; 504;   0; 8;16;BT_Depth;3
BlockStat;28; 504;   0; 8;16;MT_Depth;3
BlockStat;28; 504;   0; 8;16;ChromaQPAdj;0
BlockStat;28; 504;   0; 8;16;QP;38
BlockStat;28; 504;   0; 8;16;SplitSeries;2198561
BlockStat;28; 504;   0; 8;16;SkipFlag;0
BlockStat;28; 504;   0; 8;16;PredMode;0
BlockStat;28; 504;   0; 8;16;MergeFlag;1
BlockStat;28; 504;   0; 8;16;MergeIdx;52
BlockStat;28; 504;   0; 8;16;MergeType;0
BlockStat;28; 504;   0; 8;16;MMVDMergeFlag;1
BlockStat;28; 504;   0; 8;16;MMVDMergeIdx;52
BlockStat;28; 504;   0; 8;16;MVPIdxL0;255
BlockStat;28; 504;   0; 8;16;RefIdxL0;0
BlockStat;28; 504;   0; 8;16;MVPIdxL1;255
BlockStat;28; 504;   0; 8;16;RefIdxL1;0
BlockStat;28; 504;   0; 8;16;MVDL0;   0;   0
BlockStat;28; 504;   0; 8;16;MVL0; -86;  -1
BlockStat;28; 504;   0; 8;16;MVDL1;   0;   0
BlockStat;28; 504;   0; 8;16;MVL1; -86;  -1
BlockStat;28; 504;   0; 8;16;Cbf_Y;1
BlockStat;28; 504;   0; 8;16;TransformSkipFlag_Y;0
BlockStat;28; 504;   0; 8;16;Cbf_Cb;0
BlockStat;28; 504;   0; 8;16;Cbf_Cr;0
BlockStat;28; 504;  16; 8;16;Depth;5
BlockStat;28; 504;  16; 8;16;QT_Depth;2
BlockStat;28; 504;  16; 8;16;BT_Depth;3
BlockStat;28; 504;  16; 8;16;MT_Depth;3
BlockStat;28; 504;  16; 8;16;ChromaQPAdj;0
BlockStat;28; 504;  16; 8;16;QP;38
BlockStat;28; 504;  16; 8;16;SplitSeries;2198561
BlockStat;28; 504;  16; 8;16;SkipFlag;0
BlockStat;28; 504;  16; 8;16;PredMode;0
BlockStat;28; 504;  16; 8;16;MergeFlag;0
BlockStat;28; 504;  16; 8;16;InterDir;3
BlockStat;28; 504;  16; 8;16;MVPIdxL0;1
BlockStat;28; 504;  16; 8;16;RefIdxL0;0
BlockStat;28; 504;  16; 8;16;MVPIdxL1;0
BlockStat;28; 504;  16; 8;16;RefIdxL1;1
BlockStat;28; 504;  16; 8;16;MVDL0;  -4;  -4
BlockStat;28; 504;  16; 8;16;MVL0; -88;  -4
BlockStat;28; 504;  16; 8;16;MVDL1;   0;   0
BlockStat;28; 504;  16; 8;16;MVL1;-320; -48
BlockStat;28; 504;  16; 8;16;IMVMode;1
BlockStat;28; 504;  16; 8;16;RootCbf;1
BlockStat;28; 504;  16; 8;16;Cbf_Y;1
BlockStat;28; 504;  16; 8;16;TransformSkipFlag_Y;0
BlockStat;28; 504;  16; 8;16;Cbf_Cb;0
BlockStat;28; 504;  16; 8;16;Cbf_Cr;0
BlockStat;28; 448;  32;16;16;Depth;3
BlockStat;28; 448;  32;16;16;QT_Depth;3
BlockStat;28; 448;  32;16;16;BT_Depth;0
BlockStat;28; 448;  32;16;16;MT_Depth;0
BlockStat;28; 448;  32;16;16;ChromaQPAdj;0
BlockStat;28; 448;  32;16;16;QP;38
BlockStat;28; 448;  32;16;16;SplitSeries;1057
BlockStat;28; 448;  32;16;16;SkipFlag;0
BlockStat;28; 448;  32;16;16;PredMode;1
BlockStat;28; 448;  32;16;16;Luma_IntraMode;37
BlockStat;28; 448;  32;16;16;Chroma_IntraMode;37
BlockStat;28; 448;  32;16;16;MultiRefIdx;0
BlockStat;28; 448;  32;16;16;Cbf_Y;1
BlockStat;28; 448;  32;16;16;TransformSkipFlag_Y;0
BlockStat;28; 448;  32;16;16;Cbf_Cb;0
BlockStat;28; 448;  32;16;16;Cbf_Cr;0
BlockStat;28; 464;  32; 8; 8;Depth;5
BlockStat;28; 464;  32; 8; 8;QT_Depth;3
BlockStat;28; 464;  32; 8; 8;BT_Depth;2
BlockStat;28; 464;  32; 8; 8;MT_Depth;2
BlockStat;28; 464;  32; 8; 8;ChromaQPAdj;0
BlockStat;28; 464;  32; 8; 8;QP;38
BlockStat;28; 464;  32; 8; 8;SplitSeries;2196513
BlockStat;28; 464;  32; 8; 8;SkipFlag;1
BlockStat;28; 464;  32; 8; 8;MMVDSkipFlag;0
BlockStat;28; 464;  32; 8; 8;PredMode;0
BlockStat;28; 464;  32; 8; 8;MergeIdx;0
BlockStat;28; 464;  32; 8; 8;MergeType;0
BlockStat;28; 464;  32; 8; 8;MMVDMergeFlag;0
BlockStat;28; 464;  32; 8; 8;AffineFlag;0
BlockStat;28; 464;  32; 8; 8;MVPIdxL0;255
BlockStat;28; 464;  32; 8; 8;RefIdxL0;0
BlockStat;28; 464;  32; 8; 8;MVDL0;   0;   0
BlockStat;28; 464;  32; 8; 8;MVL0; -76;  -2
BlockStat;28; 464;  40; 8; 8;Depth;5
BlockStat;28; 464;  40; 8; 8;QT_Depth;3
BlockStat;28; 464;  40; 8; 8;BT_Depth;2
BlockStat;28; 464;  40; 8; 8;MT_Depth;2
BlockStat;28; 464;  40; 8; 8;ChromaQPAdj;0
BlockStat;28; 464;  40; 8; 8;QP;38
BlockStat;28; 464;  40; 8; 8;SplitSeries;2196513
BlockStat;28; 464;  40; 8; 8;SkipFlag;0
BlockStat;28; 464;  40; 8; 8;PredMode;1
BlockStat;28; 464;  40; 8; 8;Luma_IntraMode;64
BlockStat;28; 464;  40; 8; 8;Chroma_IntraMode;64
BlockStat;28; 464;  40; 8; 8;MultiRefIdx;0
BlockStat;28; 464;  40; 8; 8;Cbf_Y;0
BlockStat;28; 464;  40; 8; 8;TransformSkipFlag_Y;0
BlockStat;28; 464;  40; 8; 8;Cbf_Cb;0
BlockStat;28; 464;  40; 8; 8;Cbf_Cr;0
BlockStat;28; 472;  32; 8;16;Depth;4
BlockStat;28; 472;  32; 8;16;QT_Depth;3
BlockStat;28; 472;  32; 8;16;BT_Depth;1
BlockStat;28; 472;  32; 8;16;MT_Depth;1
BlockStat;28; 472;  32; 8;16;ChromaQPAdj;0
BlockStat;28; 472;  32; 8;16;QP;38
BlockStat;28; 472;  32; 8;16;SplitSeries;99361
BlockStat;28; 472;  32; 8;16;SkipFlag;1
BlockStat;28; 472;  32; 8;16;MMVDSkipFlag;0
BlockStat;28; 472;  32; 8;16;PredMode;0
BlockStat;28; 472;  32; 8;16;MergeIdx;0
BlockStat;28; 472;  32; 8;16;MergeType;0
BlockStat;28; 472;  32; 8;16;MMVDMergeFlag;0
BlockStat;28; 472;  32; 8;16;AffineFlag;0
BlockStat;28; 472;  32; 8;16;MVPIdxL0;255
BlockStat;28; 472;  32; 8;16;RefIdxL0;0
BlockStat;28; 472;  32; 8;16;MVDL0;   0;   0
BlockStat;28; 472;  32; 8;16;MVL0; -76;  -2
BlockStat;28; 448;  48;16;16;Depth;3
BlockStat;28; 448;  48;16;16;QT_Depth;3
BlockStat;28; 448;  48;16;16;BT_Depth;0
BlockStat;28; 448;  48;16;16;MT_Depth;0
BlockStat;28; 448;  48;16;16;ChromaQPAdj;0
BlockStat;28; 448;  48;16;16;QP;38
BlockStat;28; 448;  48;16;16;SplitSeries;1057
BlockStat;28; 448;  48;16;16;SkipFlag;0
BlockStat;28; 448;  48;16;16;PredMode;1
BlockStat;28; 448;  48;16;16;Luma_IntraMode;54
BlockStat;28; 448;  48;16;16;Chroma_IntraMode;54
BlockStat;28; 448;  48;16;16;MultiRefIdx;0
BlockStat;28; 448;  48;16;16;Cbf_Y;1
BlockStat;28; 448;  48;16;16;TransformSkipFlag_Y;0
BlockStat;28; 448;  48;16;16;Cbf_Cb;0
BlockStat;28; 448;  48;16;16;Cbf_Cr;0
BlockStat;28; 464;  48; 4;16;Depth;4
BlockStat;28; 464;  48; 4;16;QT_Depth;3
BlockStat;28; 464;  48; 4;16;BT_Depth;2
BlockStat;28; 464;  48; 4;16;MT_Depth;1
BlockStat;28; 464;  48; 4;16;ChromaQPAdj;0
BlockStat;28; 464;  48; 4;16;QP;38
BlockStat;28; 464;  48; 4;16;SplitSeries;164897
BlockStat;28; 464;  48; 4;16;SkipFlag;0
BlockStat;28; 464;  48; 4;16;PredMode;0
BlockStat;28; 464;  48; 4;16;MergeFlag;0
BlockStat;28; 464;  48; 4;16;InterDir;1
BlockStat;28; 464;  48; 4;16;MVPIdxL0;0
BlockStat;28; 464;  48; 4;16;RefIdxL0;0
BlockStat;28; 464;  48; 4;16;MVDL0;   8;   8
BlockStat;28; 464;  48; 4;16;MVL0;-100;  -4
BlockStat;28; 464;  48; 4;16;IMVMode;1
BlockStat;28; 464;  48; 4;16;RootCbf;1
BlockStat;28; 464;  48; 4;16;Cbf_Y;1
BlockStat;28; 464;  48; 4;16;TransformSkipFlag_Y;0
BlockStat;28; 464;  48; 4;16;Cbf_Cb;1
BlockStat;28; 464;  48; 4;16;Cbf_Cr;1
BlockStat;28; 468;  48; 8; 4;Depth;6
BlockStat;28; 468;  48; 8; 4;QT_Depth;3
BlockStat;28; 468;  48; 8; 4;BT_Depth;3
BlockStat;28; 468;  48; 8; 4;MT_Depth;3
BlockStat;28; 468;  48; 8; 4;ChromaQPAdj;0
BlockStat;28; 468;  48; 8; 4;QP;38
BlockStat;28; 468;  48; 8; 4;SplitSeries;69370913
BlockStat;28; 468;  48; 8; 4;SkipFlag;0
BlockStat;28; 468;  48; 8; 4;PredMode;0
BlockStat;28; 468;  48; 8; 4;MergeFlag;1
BlockStat;28; 468;  48; 8; 4;MergeIdx;44
BlockStat;28; 468;  48; 8; 4;MergeType;0
BlockStat;28; 468;  48; 8; 4;MMVDMergeFlag;1
BlockStat;28; 468;  48; 8; 4;MMVDMergeIdx;44
BlockStat;28; 468;  48; 8; 4;MVPIdxL0;255
BlockStat;28; 468;  48; 8; 4;RefIdxL0;0
BlockStat;28; 468;  48; 8; 4;MVDL0;   0;   0
BlockStat;28; 468;  48; 8; 4;MVL0; -68;  -2
BlockStat;28; 468;  48; 8; 4;Cbf_Y;1
BlockStat;28; 468;  48; 8; 4;TransformSkipFlag_Y;1
BlockStat;28; 468;  48; 8; 4;Cbf_Cb;0
BlockStat;28; 468;  48; 8; 4;Cbf_Cr;0
BlockStat;28; 468;  52; 8; 4;Depth;6
BlockStat;28; 468;  52; 8; 4;QT_Depth;3
BlockStat;28; 468;  52; 8; 4;BT_Depth;3
BlockStat;28; 468;  52; 8; 4;MT_Depth;3
BlockStat;28; 468;  52; 8; 4;ChromaQPAdj;0
BlockStat;28; 468;  52; 8; 4;QP;38
BlockStat;28; 468;  52; 8; 4;SplitSeries;69370913
BlockStat;28; 468;  52; 8; 4;SkipFlag;0
BlockStat;28; 468;  52; 8; 4;PredMode;0
BlockStat;28; 468;  52; 8; 4;MergeFlag;0
BlockStat;28; 468;  52; 8; 4;InterDir;1
BlockStat;28; 468;  52; 8; 4;MVPIdxL0;0
BlockStat;28; 468;  52; 8; 4;RefIdxL0;0
BlockStat;28; 468;  52; 8; 4;MVDL0;  10; -20
BlockStat;28; 468;  52; 8; 4;MVL0; -90; -24
BlockStat;28; 468;  52; 8; 4;IMVMode;0
BlockStat;28; 468;  52; 8; 4;RootCbf;1
BlockStat;28; 468;  52; 4; 4;Cbf_Y;2
BlockStat;28; 468;  52; 4; 4;TransformSkipFlag_Y;0
BlockStat;28; 468;  52; 4; 4;Cbf_Cb;0
BlockStat;28; 468;  52; 4; 4;Cbf_Cr;0
BlockStat;28; 472;  52; 4; 4;Cbf_Y;0
BlockStat;28; 472;  52; 4; 4;TransformSkipFlag_Y;0
BlockStat;28; 472;  52; 4; 4;Cbf_Cb;0
BlockStat;28; 472;  52; 4; 4;Cbf_Cr;0
BlockStat;28; 468;  56; 8; 8;Depth;5
BlockStat;28; 468;  56; 8; 8;QT_Depth;3
BlockStat;28; 468;  56; 8; 8;BT_Depth;2
BlockStat;28; 468;  56; 8; 8;MT_Depth;2
BlockStat;28; 468;  56; 8; 8;ChromaQPAdj;0
BlockStat;28; 468;  56; 8; 8;QP;38
BlockStat;28; 468;  56; 8; 8;SplitSeries;2262049
BlockStat;28; 468;  56; 8; 8;SkipFlag;0
BlockStat;28; 468;  56; 8; 8;PredMode;0
BlockStat;28; 468;  56; 8; 8;MergeFlag;0
BlockStat;28; 468;  56; 8; 8;InterDir;1
BlockStat;28; 468;  56; 8; 8;MVPIdxL0;0
BlockStat;28; 468;  56; 8; 8;RefIdxL0;0
BlockStat;28; 468;  56; 8; 8;MVDL0;  -1;  -3
BlockStat;28; 468;  56; 8; 8;MVL0;-101;  -7
BlockStat;28; 468;  56; 8; 8;IMVMode;0
BlockStat;28; 468;  56; 8; 8;RootCbf;0
BlockStat;28; 476;  48; 4;16;Depth;4
BlockStat;28; 476;  48; 4;16;QT_Depth;3
BlockStat;28; 476;  48; 4;16;BT_Depth;2
BlockStat;28; 476;  48; 4;16;MT_Depth;1
BlockStat;28; 476;  48; 4;16;ChromaQPAdj;0
BlockStat;28; 476;  48; 4;16;QP;38
BlockStat;28; 476;  48; 4;16;SplitSeries;164897
BlockStat;28; 476;  48; 4;16;SkipFlag;1
BlockStat;28; 476;  48; 4;16;MMVDSkipFlag;0
BlockStat;28; 476;  48; 4;16;PredMode;0
BlockStat;28; 476;  48; 4;16;MergeIdx;4
BlockStat;28; 476;  48; 4;16;MergeType;0
BlockStat;28; 476;  48; 4;16;MMVDMergeFlag;0
BlockStat;28; 476;  48; 4;16;MVPIdxL0;255
BlockStat;28; 476;  48; 4;16;RefIdxL0;0
BlockStat;28; 476;  48; 4;16;MVDL0;   0;   0
BlockStat;28; 476;  48; 4;16;MVL0; -68;  -2
BlockStat;28; 480;  32; 8;32;Depth;3
BlockStat;28; 480;  32; 8;32;QT_Depth;2
BlockStat;28; 480;  32; 8;32;BT_Depth;2
BlockStat;28; 480;  32; 8;32;MT_Depth;1
BlockStat;28; 480;  32; 8;32;ChromaQPAdj;0
BlockStat;28; 480;  32; 8;32;QP;38
BlockStat;28; 480;  32; 8;32;SplitSeries;5153
BlockStat;28; 480;  32; 8;32;SkipFlag;1
BlockStat;28; 480;  32; 8;32;MMVDSkipFlag;0
BlockStat;28; 480;  32; 8;32;PredMode;0
BlockStat;28; 480;  32; 8;32;MergeIdx;1
BlockStat;28; 480;  32; 8;32;MergeType;0
BlockStat;28; 480;  32; 8;32;MMVDMergeFlag;0
BlockStat;28; 480;  32; 8;32;AffineFlag;0
BlockStat;28; 480;  32; 8;32;MVPIdxL0;255
BlockStat;28; 480;  32; 8;32;RefIdxL0;0
BlockStat;28; 480;  32; 8;32;MVDL0;   0;   0
BlockStat;28; 480;  32; 8;32;MVL0; -76;  -1
BlockStat;28; 488;  32;16;32;Depth;3
BlockStat;28; 488;  32;16;32;QT_Depth;2
BlockStat;28; 488;  32;16;32;BT_Depth;1
BlockStat;28; 488;  32;16;32;MT_Depth;1
BlockStat;28; 488;  32;16;32;ChromaQPAdj;0
BlockStat;28; 488;  32;16;32;QP;38
BlockStat;28; 488;  32;16;32;SplitSeries;5153
BlockStat;28; 488;  32;16;32;SkipFlag;1
BlockStat;28; 488;  32;16;32;MMVDSkipFlag;0
BlockStat;28; 488;  32;16;32;PredMode;0
BlockStat;28; 488;  32;16;32;MergeIdx;1
BlockStat;28; 488;  32;16;32;MergeType;0
BlockStat;28; 488;  32;16;32;MMVDMergeFlag;0
BlockStat;28; 488;  32;16;32;AffineFlag;0
BlockStat;28; 488;  32;16;32;MVPIdxL0;255
BlockStat;28; 488;  32;16;32;RefIdxL0;1
BlockStat;28; 488;  32;16;32;MVPIdxL1;255
BlockStat;28; 488;  32;16;32;RefIdxL1;0
BlockStat;28; 488;  32;16;32;MVDL0;   0;   0
BlockStat;28; 488;  32;16;32;MVL0;-320; -48
BlockStat;28; 488;  32;16;32;MVDL1;   0;   0
BlockStat;28; 488;  32;16;32;MVL1; -80;   0
BlockStat;28; 504;  32; 8;32;Depth;3
BlockStat;28; 504;  32; 8;32;QT_Depth;2
BlockStat;28; 504;  32; 8;32;BT_Depth;2
BlockStat;28; 504;  32; 8;32;MT_Depth;1
BlockStat;28; 504;  32; 8;32;ChromaQPAdj;0
BlockStat;28; 504;  32; 8;32;QP;38
BlockStat;28; 504;  32; 8;32;SplitSeries;5153
BlockStat;28; 504;  32; 8;32;SkipFlag;0
BlockStat;28; 504;  32; 8;32;PredMode;0
BlockStat;28; 504;  32; 8;32;MergeFlag;0
BlockStat;28; 504;  32; 8;32;InterDir;1
BlockStat;28; 504;  32; 8;32;MVPIdxL0;0
BlockStat;28; 504;  32; 8;32;RefIdxL0;1
BlockStat;28; 504;  32; 8;32;MVDL0;   1;  -2
BlockStat;28; 504;  32; 8;32;MVL0;-319; -50
BlockStat;28; 504;  32; 8;32;IMVMode;0
BlockStat;28; 504;  32; 8;32;RootCbf;1
BlockStat;28; 504;  32; 8; 8;Cbf_Y;2
BlockStat;28; 504;  32; 8; 8;TransformSkipFlag_Y;0
BlockStat;28; 504;  32; 8; 8;Cbf_Cb;0
BlockStat;28; 504;  32; 8; 8;Cbf_Cr;0
BlockStat;28; 504;  40; 8;24;Cbf_Y;0
BlockStat;28; 504;  40; 8;24;TransformSkipFlag_Y;0
BlockStat;28; 504;  40; 8;24;Cbf_Cb;0
BlockStat;28; 504;  40; 8;24;Cbf_Cr;0
BlockStat;28; 384;  64;16;16;Depth;4
BlockStat;28; 384;  64;16;16;QT_Depth;2
BlockStat;28; 384;  64;16;16;BT_Depth;2
BlockStat;28; 384;  64;16;16;MT_Depth;2
BlockStat;28; 384;  64;16;16;ChromaQPAdj;0
BlockStat;28; 384;  64;16;16;QP;38
BlockStat;28; 384;  64;16;16;SplitSeries;100385
BlockStat;28; 384;  64;16;16;SkipFlag;0
BlockStat;28; 384;  64;16;16;PredMode;1
BlockStat;28; 384;  64;16;16;Luma_IntraMode;0
BlockStat;28; 384;  64;16;16;Chroma_IntraMode;0
BlockStat;28; 384;  64;16;16;MultiRefIdx;0
BlockStat;28; 384;  64;16; 4;Cbf_Y;2
BlockStat;28; 384;  64;16; 4;TransformSkipFlag_Y;0
BlockStat;28;   0;   0; 0; 0;Cbf_Cb;0
BlockStat;28;   0;   0; 0; 0;Cbf_Cr;0
BlockStat;28; 384;  68;16; 4;Cbf_Y;2
BlockStat;28; 384;  68;16; 4;TransformSkipFlag_Y;0
BlockStat;28;   0;   0; 0; 0;Cbf_Cb;0
BlockStat;28;   0;   0; 0; 0;Cbf_Cr;0
BlockStat;28; 384;  72;16; 4;Cbf_Y;2
BlockStat;28; 384;  72;16; 4;TransformSkipFlag_Y;0
BlockStat;28;   0;   0; 0; 0;Cbf_Cb;0
BlockStat;28;   0;   0; 0; 0;Cbf_Cr;0
BlockStat;28; 384;  76;16; 4;Cbf_Y;2
BlockStat;28; 384;  76;16; 4;TransformSkipFlag_Y;0
BlockStat;28; 384;  64;16;16;Cbf_Cb;0
BlockStat;28; 384;  64;16;16;Cbf_Cr;0
BlockStat;28; 400;  64;16;16;Depth;4
BlockStat;28; 400;  64;16;16;QT_Depth;2
BlockStat;28; 400;  64;16;16;BT_Depth;2
BlockStat;28; 400;  64;16;16;MT_Depth;2
BlockStat;28; 400;  64;16;16;ChromaQPAdj;0
BlockStat;28; 400;  64;16;16;QP;38
BlockStat;28; 400;  64;16;16;SplitSeries;100385
BlockStat;28; 400;  64;16;16;SkipFlag;0
BlockStat;28; 400;  64;16;16;PredMode;1
BlockStat;28; 400;  64;16;16;Luma_IntraMode;10
BlockStat;28; 400;  64;16;16;Chroma_IntraMode;0
BlockStat;28; 400;  64;16;16;MultiRefIdx;0
BlockStat;28; 400;  64;16;16;Cbf_Y;1
BlockStat;28; 400;  64;16;16;TransformSkipFlag_Y;0
BlockStat;28; 400;  64;16;16;Cbf_Cb;0
BlockStat;28; 400;  64;16;16;Cbf_Cr;0
BlockStat;28; 384;  80;32;16;Depth;3
BlockStat;28; 384;  80;32;16;QT_Depth;2
BlockStat;28; 384;  80;32;16;BT_Depth;1
BlockStat;28; 384;  80;32;16;MT_Depth;1
BlockStat;28; 384;  80;32;16;ChromaQPAdj;0
BlockStat;28; 384;  80;32;16;QP;38
BlockStat;28; 384;  80;32;16;SplitSeries;2081
BlockStat;28; 384;  80;32;16;SkipFlag;0
BlockStat;28; 384;  80;32;16;PredMode;1
BlockStat;28; 384;  80;32;16;Luma_IntraMode;8
BlockStat;28; 384;  80;32;16;Chroma_IntraMode;8
BlockStat;28; 384;  80;32;16;MultiRefIdx;0
BlockStat;28; 384;  80;32;16;Cbf_Y;1
BlockStat;28; 384;  80;32;16;TransformSkipFlag_Y;0
BlockStat;28; 384;  80;32;16;Cbf_Cb;1
BlockStat;28; 384;  80;32;16;Cbf_Cr;0
BlockStat;28; 416;  64;32; 8;Depth;3
BlockStat;28; 416;  64;32; 8;QT_Depth;2
BlockStat;28; 416;  64;32; 8;BT_Depth;2
BlockStat;28; 416;  64;32; 8;MT_Depth;1
BlockStat;28; 416;  64;32; 8;ChromaQPAdj;0
BlockStat;28; 416;  64;32; 8;QP;38
BlockStat;28; 416;  64;32; 8;SplitSeries;4129
BlockStat;28; 416;  64;32; 8;SkipFlag;0
BlockStat;28; 416;  64;32; 8;PredMode;1
BlockStat;28; 416;  64;32; 8;Luma_IntraMode;1
BlockStat;28; 416;  64;32; 8;Chroma_IntraMode;1
BlockStat;28; 416;  64;32; 8;MultiRefIdx;0
BlockStat;28; 416;  64;32; 8;Cbf_Y;1
BlockStat;28; 416;  64;32; 8;TransformSkipFlag_Y;0
BlockStat;28; 416;  64;32; 8;Cbf_Cb;0
BlockStat;28; 416;  64;32; 8;Cbf_Cr;0
BlockStat;28; 416;  72;32;16;Depth;3
BlockStat;28; 416;  72;32;16;QT_Depth;2
BlockStat;28; 416;  72;32;16;BT_Depth;1
BlockStat;28; 416;  72;32;16;MT_Depth;1
BlockStat;28; 416;  72;32;16;ChromaQPAdj;0
BlockStat;28; 416;  72;32;16;QP;38
BlockStat;28; 416;  72;32;16;SplitSeries;4129
BlockStat;28; 416;  72;32;16;SkipFlag;0
BlockStat;28; 416;  72;32;16;PredMode;0
BlockStat;28; 416;  72;32;16;MergeFlag;0
BlockStat;28; 416;  72;32;16;InterDir;1
BlockStat;28; 416;  72;32;16;AffineFlag;0
BlockStat;28; 416;  72;32;16;MVPIdxL0;0
BlockStat;28; 416;  72;32;16;RefIdxL0;1
BlockStat;28; 416;  72;32;16;MVDL0;  42;  -2
BlockStat;28; 416;  72;32;16;MVL0;-246; -50
BlockStat;28; 416;  72;32;16;IMVMode;3
BlockStat;28; 416;  72;32;16;RootCbf;1
BlockStat;28; 416;  72;32;16;Cbf_Y;1
BlockStat;28; 416;  72;32;16;TransformSkipFlag_Y;0
BlockStat;28; 416;  72;32;16;Cbf_Cb;0
BlockStat;28; 416;  72;32;16;Cbf_Cr;0
BlockStat;28; 416;  88;32; 8;Depth;3
BlockStat;28; 416;  88;32; 8;QT_Depth;2
BlockStat;28; 416;  88;32; 8;BT_Depth;2
BlockStat;28; 416;  88;32; 8;MT_Depth;1
BlockStat;28; 416;  88;32; 8;ChromaQPAdj;0
BlockStat;28; 416;  88;32; 8;QP;38
BlockStat;28; 416;  88;32; 8;SplitSeries;4129
BlockStat;28; 416;  88;32; 8;SkipFlag;0
BlockStat;28; 416;  88;32; 8;PredMode;0
BlockStat;28; 416;  88;32; 8;MergeFlag;1
BlockStat;28; 416;  88;32; 8;MergeIdx;0
BlockStat;28; 416;  88;32; 8;MergeType;0
BlockStat;28; 416;  88;32; 8;MMVDMergeFlag;0
BlockStat;28; 416;  88;32; 8;AffineFlag;0
BlockStat;28; 416;  88;32; 8;MHIntraFlag;0
BlockStat;28; 416;  88;32; 8;MVPIdxL0;255
BlockStat;28; 416;  88;32; 8;RefIdxL0;1
BlockStat;28; 416;  88;32; 8;MVDL0;   0;   0
BlockStat;28; 416;  88;32; 8;MVL0;-246; -50
BlockStat;28; 416;  88;32; 8;Cbf_Y;1
BlockStat;28; 416;  88;32; 8;TransformSkipFlag_Y;0
BlockStat;28; 416;  88;32; 8;Cbf_Cb;0
BlockStat;28; 416;  88;32; 8;Cbf_Cr;0
BlockStat;28; 384;  96;32;32;Depth;2
BlockStat;28; 384;  96;32;32;QT_Depth;2
BlockStat;28; 384;  96;32;32;BT_Depth;0
BlockStat;28; 384;  96;32;32;MT_Depth;0
BlockStat;28; 384;  96;32;32;ChromaQPAdj;0
BlockStat;28; 384;  96;32;32;QP;38
BlockStat;28; 384;  96;32;32;SplitSeries;33
BlockStat;28; 384;  96;32;32;SkipFlag;0
BlockStat;28; 384;  96;32;32;PredMode;1
BlockStat;28; 384;  96;32;32;Luma_IntraMode;0
BlockStat;28; 384;  96;32;32;Chroma_IntraMode;0
BlockStat;28; 384;  96;32;32;MultiRefIdx;0
BlockStat;28; 384;  96;32;32;Cbf_Y;1
BlockStat;28; 384;  96;32;32;TransformSkipFlag_Y;0
BlockStat;28; 384;  96;32;32;Cbf_Cb;1
BlockStat;28; 384;  96;32;32;Cbf_Cr;0
BlockStat;28; 416;  96;32;16;Depth;3
BlockStat;28; 416;  96;32;16;QT_Depth;2
BlockStat;28; 416;  96;32;16;BT_Depth;1
BlockStat;28; 416;  96;32;16;MT_Depth;1
BlockStat;28; 416;  96;32;16;ChromaQPAdj;0
BlockStat;28; 416;  96;32;16;QP;38
BlockStat;28; 416;  96;32;16;SplitSeries;2081
BlockStat;28; 416;  96;32;16;SkipFlag;1
BlockStat;28; 416;  96;32;16;MMVDSkipFlag;0
BlockStat;28; 416;  96;32;16;PredMode;0
BlockStat;28; 416;  96;32;16;MergeIdx;2
BlockStat;28; 416;  96;32;16;MergeType;0
BlockStat;28; 416;  96;32;16;MMVDMergeFlag;0
BlockStat;28; 416;  96;32;16;AffineFlag;0
BlockStat;28; 416;  96;32;16;MVPIdxL0;255
BlockStat;28; 416;  96;32;16;RefIdxL0;1
BlockStat;28; 416;  96;32;16;MVDL0;   0;   0
BlockStat;28; 416;  96;32;16;MVL0;-319; -50
BlockStat;28; 416; 112;32;16;Depth;3
BlockStat;28; 416; 112;32;16;QT_Depth;2
BlockStat;28; 416; 112;32;16;BT_Depth;1
BlockStat;28; 416; 112;32;16;MT_Depth;1
BlockStat;28; 416; 112;32;16;ChromaQPAdj;0
BlockStat;28; 416; 112;32;16;QP;38
BlockStat;28; 416; 112;32;16;SplitSeries;2081
BlockStat;28; 416; 112;32;16;SkipFlag;0
BlockStat;28; 416; 112;32;16;PredMode;0
BlockStat;28; 416; 112;32;16;MergeFlag;1
BlockStat;28; 416; 112;32;16;MergeIdx;5
BlockStat;28; 416; 112;32;16;MergeType;0
BlockStat;28; 416; 112;32;16;MMVDMergeFlag;0
BlockStat;28; 416; 112;32;16;AffineFlag;0
BlockStat;28; 416; 112;32;16;MHIntraFlag;0
BlockStat;28; 416; 112;32;16;MVPIdxL0;255
BlockStat;28; 416; 112;32;16;RefIdxL0;1
BlockStat;28; 416; 112;32;16;MVDL0;   0;   0
BlockStat;28; 416; 112;32;16;MVL0;-283; -50
BlockStat;28; 416; 112;32;16;Cbf_Y;1
BlockStat;28; 416; 112;32;16;TransformSkipFlag_Y;0
BlockStat;28; 416; 112;32;16;Cbf_Cb;0
BlockStat;28; 416; 112;32;16;Cbf_Cr;0
BlockStat;28; 448;  64; 4;16;Depth;4
BlockStat;28; 448;  64; 4;16;QT_Depth;3
BlockStat;28; 448;  64; 4;16;BT_Depth;2
BlockStat;28; 448;  64; 4;16;MT_Depth;1
BlockStat;28; 448;  64; 4;16;ChromaQPAdj;0
BlockStat;28; 448;  64; 4;16;QP;38
BlockStat;28; 448;  64; 4;16;SplitSeries;164897
BlockStat;28; 448;  64; 4;16;SkipFlag;0
BlockStat;28; 448;  64; 4;16;PredMode;1
BlockStat;28; 448;  64; 4;16;Luma_IntraMode;0
BlockStat;28; 448;  64; 4;16;Chroma_IntraMode;0
BlockStat;28; 448;  64; 4;16;MultiRefIdx;0
BlockStat;28; 448;  64; 4;16;Cbf_Y;0
BlockStat;28; 448;  64; 4;16;TransformSkipFlag_Y;0
BlockStat;28; 448;  64; 4;16;Cbf_Cb;0
BlockStat;28; 448;  64; 4;16;Cbf_Cr;0
BlockStat;28; 452;  64; 8;16;Depth;4
BlockStat;28; 452;  64; 8;16;QT_Depth;3
BlockStat;28; 452;  64; 8;16;BT_Depth;1
BlockStat;28; 452;  64; 8;16;MT_Depth;1
BlockStat;28; 452;  64; 8;16;ChromaQPAdj;0
BlockStat;28; 452;  64; 8;16;QP;38
BlockStat;28; 452;  64; 8;16;SplitSeries;164897
BlockStat;28; 452;  64; 8;16;SkipFlag;0
BlockStat;28; 452;  64; 8;16;PredMode;1
BlockStat;28; 452;  64; 8;16;Luma_IntraMode;0
BlockStat;28; 452;  64; 8;16;Chroma_IntraMode;0
BlockStat;28; 452;  64; 8;16;MultiRefIdx;0
BlockStat;28; 452;  64; 8;16;Cbf_Y;1
BlockStat;28; 452;  64; 8;16;TransformSkipFlag_Y;2
BlockStat;28; 452;  64; 8;16;Cbf_Cb;0
BlockStat;28; 452;  64; 8;16;Cbf_Cr;0
BlockStat;28; 460;  64; 4;16;Depth;4
BlockStat;28; 460;  64; 4;16;QT_Depth;3
BlockStat;28; 460;  64; 4;16;BT_Depth;2
BlockStat;28; 460;  64; 4;16;MT_Depth;1
BlockStat;28; 460;  64; 4;16;ChromaQPAdj;0
BlockStat;28; 460;  64; 4;16;QP;38
BlockStat;28; 460;  64; 4;16;SplitSeries;164897
BlockStat;28; 460;  64; 4;16;SkipFlag;0
BlockStat;28; 460;  64; 4;16;PredMode;0
BlockStat;28; 460;  64; 4;16;MergeFlag;0
BlockStat;28; 460;  64; 4;16;InterDir;3
BlockStat;28; 460;  64; 4;16;MVPIdxL0;0
BlockStat;28; 460;  64; 4;16;RefIdxL0;1
BlockStat;28; 460;  64; 4;16;MVPIdxL1;0
BlockStat;28; 460;  64; 4;16;RefIdxL1;0
BlockStat;28; 460;  64; 4;16;MVDL0;  16;  32
BlockStat;28; 460;  64; 4;16;MVL0;-272; -16
BlockStat;28; 460;  64; 4;16;MVDL1;   0;   0
BlockStat;28; 460;  64; 4;16;MVL1; -96;   0
BlockStat;28; 460;  64; 4;16;IMVMode;2
BlockStat;28; 460;  64; 4;16;RootCbf;1
BlockStat;28; 460;  64; 4; 8;Cbf_Y;2
BlockStat;28; 460;  64; 4; 8;TransformSkipFlag_Y;0
BlockStat;28; 460;  64; 4; 8;Cbf_Cb;2
BlockStat;28; 460;  64; 4; 8;Cbf_Cr;0
BlockStat;28; 460;  72; 4; 8;Cbf_Y;0
BlockStat;28; 460;  72; 4; 8;TransformSkipFlag_Y;0
BlockStat;28; 460;  72; 4; 8;Cbf_Cb;0
BlockStat;28; 460;  72; 4; 8;Cbf_Cr;0
BlockStat;28; 464;  64; 8;16;Depth;4
BlockStat;28; 464;  64; 8;16;QT_Depth;3
BlockStat;28; 464;  64; 8;16;BT_Depth;1
BlockStat;28; 464;  64; 8;16;MT_Depth;1
BlockStat;28; 464;  64; 8;16;ChromaQPAdj;0
BlockStat;28; 464;  64; 8;16;QP;38
BlockStat;28; 464;  64; 8;16;SplitSeries;99361
BlockStat;28; 464;  64; 8;16;SkipFlag;0
BlockStat;28; 464;  64; 8;16;PredMode;0
BlockStat;28; 464;  64; 8;16;MergeFlag;0
BlockStat;28; 464;  64; 8;16;InterDir;1
BlockStat;28; 464;  64; 8;16;MVPIdxL0;0
BlockStat;28; 464;  64; 8;16;RefIdxL0;1
BlockStat;28; 464;  64; 8;16;MVDL0;  -8; -12
BlockStat;28; 464;  64; 8;16;MVL0;-280; -28
BlockStat;28; 464;  64; 8;16;IMVMode;1
BlockStat;28; 464;  64; 8;16;RootCbf;1
BlockStat;28; 464;  64; 8; 4;Cbf_Y;2
BlockStat;28; 464;  64; 8; 4;TransformSkipFlag_Y;0
BlockStat;28; 464;  64; 8; 4;Cbf_Cb;0
BlockStat;28; 464;  64; 8; 4;Cbf_Cr;0
BlockStat;28; 464;  68; 8;12;Cbf_Y;0
BlockStat;28; 464;  68; 8;12;TransformSkipFlag_Y;0
BlockStat;28; 464;  68; 8;12;Cbf_Cb;0
BlockStat;28; 464;  68; 8;12;Cbf_Cr;0
BlockStat;28; 472;  64; 8;16;Depth;4
BlockStat;28; 472;  64; 8;16;QT_Depth;3
BlockStat;28; 472;  64; 8;16;BT_Depth;1
BlockStat;28; 472;  64; 8;16;MT_Depth;1
BlockStat;28; 472;  64; 8;16;ChromaQPAdj;0
BlockStat;28; 472;  64; 8;16;QP;38
BlockStat;28; 472;  64; 8;16;SplitSeries;99361
BlockStat;28; 472;  64; 8;16;SkipFlag;0
BlockStat;28; 472;  64; 8;16;PredMode;0
BlockStat;28; 472;  64; 8;16;MergeFlag;1
BlockStat;28; 472;  64; 8;16;MergeIdx;53
BlockStat;28; 472;  64; 8;16;MergeType;0
BlockStat;28; 472;  64; 8;16;MMVDMergeFlag;1
BlockStat;28; 472;  64; 8;16;MMVDMergeIdx;53
BlockStat;28; 472;  64; 8;16;MVPIdxL0;255
BlockStat;28; 472;  64; 8;16;RefIdxL0;0
BlockStat;28; 472;  64; 8;16;MVDL0;   0;   0
BlockStat;28; 472;  64; 8;16;MVL0;-100;  -2
BlockStat;28; 472;  64; 8; 8;Cbf_Y;2
BlockStat;28; 472;  64; 8; 8;TransformSkipFlag_Y;0
BlockStat;28; 472;  64; 8; 8;Cbf_Cb;0
BlockStat;28; 472;  64; 8; 8;Cbf_Cr;0
BlockStat;28; 472;  72; 8; 8;Cbf_Y;0
BlockStat;28; 472;  72; 8; 8;TransformSkipFlag_Y;0
BlockStat;28; 472;  72; 8; 8;Cbf_Cb;0
BlockStat;28; 472;  72; 8; 8;Cbf_Cr;0
BlockStat;28; 448;  80;16;16;Depth;3
BlockStat;28; 448;  80;16;16;QT_Depth;3
BlockStat;28; 448;  80;16;16;BT_Depth;0
BlockStat;28; 448;  80;16;16;MT_Depth;0
BlockStat;28; 448;  80;16;16;ChromaQPAdj;0
BlockStat;28; 448;  80;16;16;QP;38
BlockStat;28; 448;  80;16;16;SplitSeries;1057
BlockStat;28; 448;  80;16;16;SkipFlag;0
BlockStat;28; 448;  80;16;16;PredMode;0
BlockStat;28; 448;  80;16;16;MergeFlag;0
BlockStat;28; 448;  80;16;16;InterDir;1
BlockStat;28; 448;  80;16;16;AffineFlag;1
BlockStat;28; 448;  80;16;16;AffineType;0
BlockStat;28; 448;  80;16;16;MVPIdxL0;1
BlockStat;28; 448;  80;16;16;RefIdxL0;1
BlockStat;28; 448;  80;16;16;AffineMVL0;-270; -45;-270; -48;-267; -45
BlockStat;28; 448;  80;16;16;RootCbf;0
BlockStat;28; 464;  80;16;16;Depth;3
BlockStat;28; 464;  80;16;16;QT_Depth;3
BlockStat;28; 464;  80;16;16;BT_Depth;0
BlockStat;28; 464;  80;16;16;MT_Depth;0
BlockStat;28; 464;  80;16;16;ChromaQPAdj;0
BlockStat;28; 464;  80;16;16;QP;38
BlockStat;28; 464;  80;16;16;SplitSeries;1057
BlockStat;28; 464;  80;16;16;SkipFlag;1
BlockStat;28; 464;  80;16;16;MMVDSkipFlag;0
BlockStat;28; 464;  80;16;16;PredMode;0
BlockStat;28; 464;  80;16;16;MergeIdx;1
BlockStat;28; 464;  80;16;16;MergeType;0
BlockStat;28; 464;  80;16;16;MMVDMergeFlag;0
BlockStat;28; 464;  80;16;16;AffineFlag;0
BlockStat;28; 464;  80;16;16;MVPIdxL0;255
BlockStat;28; 464;  80;16;16;RefIdxL0;0
BlockStat;28; 464;  80;16;16;MVDL0;   0;   0
BlockStat;28; 464;  80;16;16;MVL0;-100;  -2
BlockStat;28; 480;  64; 4;16;Depth;5
BlockStat;28; 480;  64; 4;16;QT_Depth;2
BlockStat;28; 480;  64; 4;16;BT_Depth;4
BlockStat;28; 480;  64; 4;16;MT_Depth;3
BlockStat;28; 480;  64; 4;16;ChromaQPAdj;0
BlockStat;28; 480;  64; 4;16;QP;38
BlockStat;28; 480;  64; 4;16;SplitSeries;5311521
BlockStat;28; 480;  64; 4;16;SkipFlag;0
BlockStat;28; 480;  64; 4;16;PredMode;0
BlockStat;28; 480;  64; 4;16;MergeFlag;0
BlockStat;28; 480;  64; 4;16;InterDir;1
BlockStat;28; 480;  64; 4;16;MVPIdxL0;1
BlockStat;28; 480;  64; 4;16;RefIdxL0;0
BlockStat;28; 480;  64; 4;16;MVDL0;  44;  28
BlockStat;28; 480;  64; 4;16;MVL0; -32;  28
BlockStat;28; 480;  64; 4;16;IMVMode;1
BlockStat;28; 480;  64; 4;16;RootCbf;0
BlockStat;28; 484;  64; 8;16;Depth;5
BlockStat;28; 484;  64; 8;16;QT_Depth;2
BlockStat;28; 484;  64; 8;16;BT_Depth;3
BlockStat;28; 484;  64; 8;16;MT_Depth;3
BlockStat;28; 484;  64; 8;16;ChromaQPAdj;0
BlockStat;28; 484;  64; 8;16;QP;38
BlockStat;28; 484;  64; 8;16;SplitSeries;5311521
BlockStat;28; 484;  64; 8;16;SkipFlag;0
BlockStat;28; 484;  64; 8;16;PredMode;0
BlockStat;28; 484;  64; 8;16;MergeFlag;0
BlockStat;28; 484;  64; 8;16;InterDir;3
BlockStat;28; 484;  64; 8;16;MVPIdxL0;0
BlockStat;28; 484;  64; 8;16;RefIdxL0;1
BlockStat;28; 484;  64; 8;16;MVPIdxL1;0
BlockStat;28; 484;  64; 8;16;RefIdxL1;0
BlockStat;28; 484;  64; 8;16;MVDL0;  -6;  -2
BlockStat;28; 484;  64; 8;16;MVL0;-326; -50
BlockStat;28; 484;  64; 8;16;MVDL1;   0;   0
BlockStat;28; 484;  64; 8;16;MVL1; -32;  28
BlockStat;28; 484;  64; 8;16;IMVMode;3
BlockStat;28; 484;  64; 8;16;RootCbf;1
BlockStat;28; 484;  64; 8; 8;Cbf_Y;0
BlockStat;28; 484;  64; 8; 8;TransformSkipFlag_Y;0
BlockStat;28; 484;  64; 8; 8;Cbf_Cb;0
BlockStat;28; 484;  64; 8; 8;Cbf_Cr;0
BlockStat;28; 484;  72; 8; 8;Cbf_Y;2
BlockStat;28; 484;  72; 8; 8;TransformSkipFlag_Y;0
BlockStat;28; 484;  72; 8; 8;Cbf_Cb;0
BlockStat;28; 484;  72; 8; 8;Cbf_Cr;0
BlockStat;28; 492;  64; 4;16;Depth;5
BlockStat;28; 492;  64; 4;16;QT_Depth;2
BlockStat;28; 492;  64; 4;16;BT_Depth;4
BlockStat;28; 492;  64; 4;16;MT_Depth;3
BlockStat;28; 492;  64; 4;16;ChromaQPAdj;0
BlockStat;28; 492;  64; 4;16;QP;38
BlockStat;28; 492;  64; 4;16;SplitSeries;5311521
BlockStat;28; 492;  64; 4;16;SkipFlag;0
BlockStat;28; 492;  64; 4;16;PredMode;0
BlockStat;28; 492;  64; 4;16;MergeFlag;0
BlockStat;28; 492;  64; 4;16;InterDir;1
BlockStat;28; 492;  64; 4;16;MVPIdxL0;1
BlockStat;28; 492;  64; 4;16;RefIdxL0;1
BlockStat;28; 492;  64; 4;16;MVDL0;   1;   0
BlockStat;28; 492;  64; 4;16;MVL0;-319; -48
BlockStat;28; 492;  64; 4;16;IMVMode;0
BlockStat;28; 492;  64; 4;16;RootCbf;1
BlockStat;28; 492;  64; 4;16;Cbf_Y;1
BlockStat;28; 492;  64; 4;16;TransformSkipFlag_Y;0
BlockStat;28; 492;  64; 4;16;Cbf_Cb;0
BlockStat;28; 492;  64; 4;16;Cbf_Cr;0
BlockStat;28; 480;  80;16;16;Depth;4
BlockStat;28; 480;  80;16;16;QT_Depth;2
BlockStat;28; 480;  80;16;16;BT_Depth;2
BlockStat;28; 480;  80;16;16;MT_Depth;2
BlockStat;28; 480;  80;16;16;ChromaQPAdj;0
BlockStat;28; 480;  80;16;16;QP;38
BlockStat;28; 480;  80;16;16;SplitSeries;68641
BlockStat;28; 480;  80;16;16;SkipFlag;1
BlockStat;28; 480;  80;16;16;MMVDSkipFlag;0
BlockStat;28; 480;  80;16;16;PredMode;0
BlockStat;28; 480;  80;16;16;MergeIdx;0
BlockStat;28; 480;  80;16;16;MergeType;0
BlockStat;28; 480;  80;16;16;MMVDMergeFlag;0
BlockStat;28; 480;  80;16;16;AffineFlag;0
BlockStat;28; 480;  80;16;16;MVPIdxL0;255
BlockStat;28; 480;  80;16;16;RefIdxL0;0
BlockStat;28; 480;  80;16;16;MVDL0;   0;   0
BlockStat;28; 480;  80;16;16;MVL0;-100;  -2
BlockStat;28; 496;  64; 8;32;Depth;4
BlockStat;28; 496;  64; 8;32;QT_Depth;2
BlockStat;28; 496;  64; 8;32;BT_Depth;2
BlockStat;28; 496;  64; 8;32;MT_Depth;2
BlockStat;28; 496;  64; 8;32;ChromaQPAdj;0
BlockStat;28; 496;  64; 8;32;QP;38
BlockStat;28; 496;  64; 8;32;SplitSeries;101409
BlockStat;28; 496;  64; 8;32;SkipFlag;0
BlockStat;28; 496;  64; 8;32;PredMode;0
BlockStat;28; 496;  64; 8;32;MergeFlag;0
BlockStat;28; 496;  64; 8;32;InterDir;1
BlockStat;28; 496;  64; 8;32;MVPIdxL0;0
BlockStat;28; 496;  64; 8;32;RefIdxL0;1
BlockStat;28; 496;  64; 8;32;MVDL0;  12;   6
BlockStat;28; 496;  64; 8;32;MVL0;-306; -44
BlockStat;28; 496;  64; 8;32;IMVMode;3
BlockStat;28; 496;  64; 8;32;RootCbf;1
BlockStat;28; 496;  64; 8;16;Cbf_Y;0
BlockStat;28; 496;  64; 8;16;TransformSkipFlag_Y;0
BlockStat;28; 496;  64; 8;16;Cbf_Cb;0
BlockStat;28; 496;  64; 8;16;Cbf_Cr;0
BlockStat;28; 496;  80; 8;16;Cbf_Y;2
BlockStat;28; 496;  80; 8;16;TransformSkipFlag_Y;0
BlockStat;28; 496;  80; 8;16;Cbf_Cb;0
BlockStat;28; 496;  80; 8;16;Cbf_Cr;0
BlockStat;28; 504;  64; 8;16;Depth;5
BlockStat;28; 504;  64; 8;16;QT_Depth;2
BlockStat;28; 504;  64; 8;16;BT_Depth;3
BlockStat;28; 504;  64; 8;16;MT_Depth;3
BlockStat;28; 504;  64; 8;16;ChromaQPAdj;0
BlockStat;28; 504;  64; 8;16;QP;38
BlockStat;28; 504;  64; 8;16;SplitSeries;2198561
BlockStat;28; 504;  64; 8;16;SkipFlag;1
BlockStat;28; 504;  64; 8;16;MMVDSkipFlag;0
BlockStat;28; 504;  64; 8;16;PredMode;0
BlockStat;28; 504;  64; 8;16;MergeIdx;2
BlockStat;28; 504;  64; 8;16;MergeType;0
BlockStat;28; 504;  64; 8;16;MMVDMergeFlag;0
BlockStat;28; 504;  64; 8;16;AffineFlag;0
BlockStat;28; 504;  64; 8;16;MVPIdxL0;255
BlockStat;28; 504;  64; 8;16;RefIdxL0;1
BlockStat;28; 504;  64; 8;16;MVPIdxL1;255
BlockStat;28; 504;  64; 8;16;RefIdxL1;0
BlockStat;28; 504;  64; 8;16;MVDL0;   0;   0
BlockStat;28; 504;  64; 8;16;MVL0;-320; -48
BlockStat;28; 504;  64; 8;16;MVDL1;   0;   0
BlockStat;28; 504;  64; 8;16;MVL1; -80;   0
BlockStat;28; 504;  80; 8;16;Depth;5
BlockStat;28; 504;  80; 8;16;QT_Depth;2
BlockStat;28; 504;  80; 8;16;BT_Depth;3
BlockStat;28; 504;  80; 8;16;MT_Depth;3
BlockStat;28; 504;  80; 8;16;ChromaQPAdj;0
BlockStat;28; 504;  80; 8;16;QP;38
BlockStat;28; 504;  80; 8;16;SplitSeries;2198561
BlockStat;28; 504;  80; 8;16;SkipFlag;0
BlockStat;28; 504;  80; 8;16;PredMode;1
BlockStat;28; 504;  80; 8;16;Luma_IntraMode;28
BlockStat;28; 504;  80; 8;16;Chroma_IntraMode;28
BlockStat;28; 504;  80; 8;16;MultiRefIdx;0
BlockStat;28; 504;  80; 8;16;Cbf_Y;1
BlockStat;28; 504;  80; 8;16;TransformSkipFlag_Y;0
BlockStat;28; 504;  80; 8;16;Cbf_Cb;0
BlockStat;28; 504;  80; 8;16;Cbf_Cr;0
BlockStat;28; 448;  96; 4;32;Depth;4
BlockStat;28; 448;  96; 4;32;QT_Depth;2
BlockStat;28; 448;  96; 4;32;BT_Depth;3
BlockStat;28; 448;  96; 4;32;MT_Depth;2
BlockStat;28; 448;  96; 4;32;ChromaQPAdj;0
BlockStat;28; 448;  96; 4;32;QP;38
BlockStat;28; 448;  96; 4;32;SplitSeries;103457
BlockStat;28; 448;  96; 4;32;SkipFlag;0
BlockStat;28; 448;  96; 4;32;PredMode;0
BlockStat;28; 448;  96; 4;32;MergeFlag;0
BlockStat;28; 448;  96; 4;32;InterDir;1
BlockStat;28; 448;  96; 4;32;MVPIdxL0;0
BlockStat;28; 448;  96; 4;32;RefIdxL0;1
BlockStat;28; 448;  96; 4;32;MVDL0;   4;   0
BlockStat;28; 448;  96; 4;32;MVL0;-280; -48
BlockStat;28; 448;  96; 4;32;IMVMode;1
BlockStat;28; 448;  96; 4;32;RootCbf;1
BlockStat;28; 448;  96; 4;24;Cbf_Y;0
BlockStat;28; 448;  96; 4;24;TransformSkipFlag_Y;0
BlockStat;28; 448;  96; 4;24;Cbf_Cb;0
BlockStat;28; 448;  96; 4;24;Cbf_Cr;0
BlockStat;28; 448; 120; 4; 8;Cbf_Y;2
BlockStat;28; 448; 120; 4; 8;TransformSkipFlag_Y;0
BlockStat;28; 448; 120; 4; 8;Cbf_Cb;0
BlockStat;28; 448; 120; 4; 8;Cbf_Cr;0
BlockStat;28; 452;  96; 4;32;Depth;4
BlockStat;28; 452;  96; 4;32;QT_Depth;2
BlockStat;28; 452;  96; 4;32;BT_Depth;3
BlockStat;28; 452;  96; 4;32;MT_Depth;2
BlockStat;28; 452;  96; 4;32;ChromaQPAdj;0
BlockStat;28; 452;  96; 4;32;QP;38
BlockStat;28; 452;  96; 4;32;SplitSeries;103457
BlockStat;28; 452;  96; 4;32;SkipFlag;0
BlockStat;28; 452;  96; 4;32;PredMode;0
BlockStat;28; 452;  96; 4;32;MergeFlag;0
BlockStat;28; 452;  96; 4;32;InterDir;3
BlockStat;28; 452;  96; 4;32;MVPIdxL0;1
BlockStat;28; 452;  96; 4;32;RefIdxL0;0
BlockStat;28; 452;  96; 4;32;MVPIdxL1;0
BlockStat;28; 452;  96; 4;32;RefIdxL1;1
BlockStat;28; 452;  96; 4;32;MVDL0;   0;  36
BlockStat;28; 452;  96; 4;32;MVL0;-100;  36
BlockStat;28; 452;  96; 4;32;MVDL1;   0;   0
BlockStat;28; 452;  96; 4;32;MVL1;-280; -48
BlockStat;28; 452;  96; 4;32;IMVMode;1
BlockStat;28; 452;  96; 4;32;RootCbf;0
BlockStat;28; 456;  96;16;16;Depth;4
BlockStat;28; 456;  96;16;16;QT_Depth;2
BlockStat;28; 456;  96;16;16;BT_Depth;2
BlockStat;28; 456;  96;16;16;MT_Depth;2
BlockStat;28; 456;  96;16;16;ChromaQPAdj;0
BlockStat;28; 456;  96;16;16;QP;38
BlockStat;28; 456;  96;16;16;SplitSeries;70689
BlockStat;28; 456;  96;16;16;SkipFlag;1
BlockStat;28; 456;  96;16;16;MMVDSkipFlag;0
BlockStat;28; 456;  96;16;16;PredMode;0
BlockStat;28; 456;  96;16;16;MergeIdx;2
BlockStat;28; 456;  96;16;16;MergeType;0
BlockStat;28; 456;  96;16;16;MMVDMergeFlag;0
BlockStat;28; 456;  96;16;16;AffineFlag;0
BlockStat;28; 456;  96;16;16;MVPIdxL0;255
BlockStat;28; 456;  96;16;16;RefIdxL0;1
BlockStat;28; 456;  96;16;16;MVDL0;   0;   0
BlockStat;28; 456;  96;16;16;MVL0;-267; -46
BlockStat;28; 456; 112;16;16;Depth;4
BlockStat;28; 456; 112;16;16;QT_Depth;2
BlockStat;28; 456; 112;16;16;BT_Depth;2
BlockStat;28; 456; 112;16;16;MT_Depth;2
BlockStat;28; 456; 112;16;16;ChromaQPAdj;0
BlockStat;28; 456; 112;16;16;QP;38
BlockStat;28; 456; 112;16;16;SplitSeries;70689
BlockStat;28; 456; 112;16;16;SkipFlag;0
BlockStat;28; 456; 112;16;16;PredMode;0
BlockStat;28; 456; 112;16;16;MergeFlag;0
BlockStat;28; 456; 112;16;16;InterDir;1
BlockStat;28; 456; 112;16;16;AffineFlag;1
BlockStat;28; 456; 112;16;16;AffineType;1
BlockStat;28; 456; 112;16;16;MVPIdxL0;1
BlockStat;28; 456; 112;16;16;RefIdxL0;1
BlockStat;28; 456; 112;16;16;AffineMVL0;-271; -57;-271; -49;-272; -49
BlockStat;28; 456; 112;16;16;RootCbf;0
BlockStat;28; 472;  96; 8;32;Depth;3
BlockStat;28; 472;  96; 8;32;QT_Depth;2
BlockStat;28; 472;  96; 8;32;BT_Depth;2
BlockStat;28; 472;  96; 8;32;MT_Depth;1
BlockStat;28; 472;  96; 8;32;ChromaQPAdj;0
BlockStat;28; 472;  96; 8;32;QP;38
BlockStat;28; 472;  96; 8;32;SplitSeries;5153
BlockStat;28; 472;  96; 8;32;SkipFlag;1
BlockStat;28; 472;  96; 8;32;MMVDSkipFlag;0
BlockStat;28; 472;  96; 8;32;PredMode;0
BlockStat;28; 472;  96; 8;32;MergeIdx;1
BlockStat;28; 472;  96; 8;32;MergeType;0
BlockStat;28; 472;  96; 8;32;MMVDMergeFlag;0
BlockStat;28; 472;  96; 8;32;AffineFlag;0
BlockStat;28; 472;  96; 8;32;MVPIdxL0;255
BlockStat;28; 472;  96; 8;32;RefIdxL0;0
BlockStat;28; 472;  96; 8;32;MVDL0;   0;   0
BlockStat;28; 472;  96; 8;32;MVL0;-100;  -2
BlockStat;28; 480;  96;16;32;Depth;3
BlockStat;28; 480;  96;16;32;QT_Depth;2
BlockStat;28; 480;  96;16;32;BT_Depth;1
BlockStat;28; 480;  96;16;32;MT_Depth;1
BlockStat;28; 480;  96;16;32;ChromaQPAdj;0
BlockStat;28; 480;  96;16;32;QP;38
BlockStat;28; 480;  96;16;32;SplitSeries;3105
BlockStat;28; 480;  96;16;32;SkipFlag;1
BlockStat;28; 480;  96;16;32;MMVDSkipFlag;0
BlockStat;28; 480;  96;16;32;PredMode;0
BlockStat;28; 480;  96;16;32;MergeIdx;0
BlockStat;28; 480;  96;16;32;MergeType;0
BlockStat;28; 480;  96;16;32;MMVDMergeFlag;0
BlockStat;28; 480;  96;16;32;AffineFlag;0
BlockStat;28; 480;  96;16;32;MVPIdxL0;255
BlockStat;28; 480;  96;16;32;RefIdxL0;0
BlockStat;28; 480;  96;16;32;MVDL0;   0;   0
BlockStat;28; 480;  96;16;32;MVL0;-100;  -2
BlockStat;28; 496;  96;16;32;Depth;3
BlockStat;28; 496;  96;16;32;QT_Depth;2
BlockStat;28; 496;  96;16;32;BT_Depth;1
BlockStat;28; 496;  96;16;32;MT_Depth;1
BlockStat;28; 496;  96;16;32;ChromaQPAdj;0
BlockStat;28; 496;  96;16;32;QP;38
BlockStat;28; 496;  96;16;32;SplitSeries;3105
BlockStat;28; 496;  96;16;32;SkipFlag;0
BlockStat;28; 496;  96;16;32;PredMode;0
BlockStat;28; 496;  96;16;32;MergeFlag;0
BlockStat;28; 496;  96;16;32;InterDir;1
BlockStat;28; 496;  96;16;32;AffineFlag;0
BlockStat;28; 496;  96;16;32;MVPIdxL0;0
BlockStat;28; 496;  96;16;32;RefIdxL0;0
BlockStat;28; 496;  96;16;32;MVDL0; -16;  16
BlockStat;28; 496;  96;16;32;MVL0;-112;  16
BlockStat;28; 496;  96;16;32;IMVMode;2
BlockStat;28; 496;  96;16;32;RootCbf;1
BlockStat;28; 496;  96;16;32;Cbf_Y;1
BlockStat;28; 496;  96;16;32;TransformSkipFlag_Y;0
BlockStat;28; 496;  96;16;32;Cbf_Cb;0
BlockStat;28; 496;  96;16;32;Cbf_Cr;0
BlockStat;28; 512;   0;16;16;Depth;4
BlockStat;28; 512;   0;16;16;QT_Depth;2
BlockStat;28; 512;   0;16;16;BT_Depth;2
BlockStat;28; 512;   0;16;16;MT_Depth;2
BlockStat;28; 512;   0;16;16;ChromaQPAdj;0
BlockStat;28; 512;   0;16;16;QP;38
BlockStat;28; 512;   0;16;16;SplitSeries;68641
BlockStat;28; 512;   0;16;16;SkipFlag;0
BlockStat;28; 512;   0;16;16;PredMode;0
BlockStat;28; 512;   0;16;16;MergeFlag;0
BlockStat;28; 512;   0;16;16;InterDir;1
BlockStat;28; 512;   0;16;16;AffineFlag;1
BlockStat;28; 512;   0;16;16;AffineType;1
BlockStat;28; 512;   0;16;16;MVPIdxL0;0
BlockStat;28; 512;   0;16;16;RefIdxL0;0
BlockStat;28; 512;   0;16;16;AffineMVL0; -88;  -8; -85; -17; -91;   5
BlockStat;28; 512;   0;16;16;RootCbf;1
BlockStat;28; 512;   0;16;16;Cbf_Y;1
BlockStat;28; 512;   0;16;16;TransformSkipFlag_Y;0
BlockStat;28; 512;   0;16;16;Cbf_Cb;1
BlockStat;28; 512;   0;16;16;Cbf_Cr;0
BlockStat;28; 512;  16;16;16;Depth;4
BlockStat;28; 512;  16;16;16;QT_Depth;2
BlockStat;28; 512;  16;16;16;BT_Depth;2
BlockStat;28; 512;  16;16;16;MT_Depth;2
BlockStat;28; 512;  16;16;16;ChromaQPAdj;0
BlockStat;28; 512;  16;16;16;QP;38
BlockStat;28; 512;  16;16;16;SplitSeries;68641
BlockStat;28; 512;  16;16;16;SkipFlag;0
BlockStat;28; 512;  16;16;16;PredMode;0
BlockStat;28; 512;  16;16;16;MergeFlag;0
BlockStat;28; 512;  16;16;16;InterDir;1
BlockStat;28; 512;  16;16;16;AffineFlag;1
BlockStat;28; 512;  16;16;16;AffineType;1
BlockStat;28; 512;  16;16;16;MVPIdxL0;0
BlockStat;28; 512;  16;16;16;RefIdxL0;1
BlockStat;28; 512;  16;16;16;AffineMVL0;-315; -49;-312; -52;-309; -52
BlockStat;28; 512;  16;16;16;RootCbf;1
BlockStat;28; 512;  16;16;16;Cbf_Y;1
BlockStat;28; 512;  16;16;16;TransformSkipFlag_Y;0
BlockStat;28; 512;  16;16;16;Cbf_Cb;0
BlockStat;28; 512;  16;16;16;Cbf_Cr;0
BlockStat;28; 528;   0;16;32;Depth;3
BlockStat;28; 528;   0;16;32;QT_Depth;2
BlockStat;28; 528;   0;16;32;BT_Depth;1
BlockStat;28; 528;   0;16;32;MT_Depth;1
BlockStat;28; 528;   0;16;32;ChromaQPAdj;0
BlockStat;28; 528;   0;16;32;QP;38
BlockStat;28; 528;   0;16;32;SplitSeries;3105
BlockStat;28; 528;   0;16;32;SkipFlag;0
BlockStat;28; 528;   0;16;32;PredMode;0
BlockStat;28; 528;   0;16;32;MergeFlag;0
BlockStat;28; 528;   0;16;32;InterDir;3
BlockStat;28; 528;   0;16;32;AffineFlag;1
BlockStat;28; 528;   0;16;32;AffineType;0
BlockStat;28; 528;   0;16;32;MVPIdxL0;1
BlockStat;28; 528;   0;16;32;RefIdxL0;0
BlockStat;28; 528;   0;16;32;MVPIdxL1;0
BlockStat;28; 528;   0;16;32;RefIdxL1;1
BlockStat;28; 528;   0;16;32;AffineMVL0; -90;   3; -91;   6; -97;   0
BlockStat;28; 528;   0;16;32;AffineMVL1;-319; -48;-316; -51;-312; -41
BlockStat;28; 528;   0;16;32;RootCbf;1
BlockStat;28; 528;   0;16;32;Cbf_Y;1
BlockStat;28; 528;   0;16;32;TransformSkipFlag_Y;0
BlockStat;28; 528;   0;16;32;Cbf_Cb;0
BlockStat;28; 528;   0;16;32;Cbf_Cr;0
BlockStat;28; 544;   0;16;16;Depth;4
BlockStat;28; 544;   0;16;16;QT_Depth;2
BlockStat;28; 544;   0;16;16;BT_Depth;2
BlockStat;28; 544;   0;16;16;MT_Depth;2
BlockStat;28; 544;   0;16;16;ChromaQPAdj;0
BlockStat;28; 544;   0;16;16;QP;38
BlockStat;28; 544;   0;16;16;SplitSeries;68641
BlockStat;28; 544;   0;16;16;SkipFlag;0
BlockStat;28; 544;   0;16;16;PredMode;0
BlockStat;28; 544;   0;16;16;MergeFlag;0
BlockStat;28; 544;   0;16;16;InterDir;1
BlockStat;28; 544;   0;16;16;AffineFlag;1
BlockStat;28; 544;   0;16;16;AffineType;1
BlockStat;28; 544;   0;16;16;MVPIdxL0;1
BlockStat;28; 544;   0;16;16;RefIdxL0;0
BlockStat;28; 544;   0;16;16;AffineMVL0; -94;   5; -94;   4; -95;   5
BlockStat;28; 544;   0;16;16;RootCbf;1
BlockStat;28; 544;   0;16;16;Cbf_Y;1
BlockStat;28; 544;   0;16;16;TransformSkipFlag_Y;0
BlockStat;28; 544;   0;16;16;Cbf_Cb;0
BlockStat;28; 544;   0;16;16;Cbf_Cr;0
BlockStat;28; 544;  16;16; 4;Depth;5
BlockStat;28; 544;  16;16; 4;QT_Depth;2
BlockStat;28; 544;  16;16; 4;BT_Depth;4
BlockStat;28; 544;  16;16; 4;MT_Depth;3
BlockStat;28; 544;  16;16; 4;ChromaQPAdj;0
BlockStat;28; 544;  16;16; 4;QP;38
BlockStat;28; 544;  16;16; 4;SplitSeries;4262945
BlockStat;28; 544;  16;16; 4;SkipFlag;1
BlockStat;28; 544;  16;16; 4;MMVDSkipFlag;0
BlockStat;28; 544;  16;16; 4;PredMode;0
BlockStat;28; 544;  16;16; 4;MergeIdx;2
BlockStat;28; 544;  16;16; 4;MergeType;0
BlockStat;28; 544;  16;16; 4;MMVDMergeFlag;0
BlockStat;28; 544;  16;16; 4;MVPIdxL0;255
BlockStat;28; 544;  16;16; 4;RefIdxL0;0
BlockStat;28; 544;  16;16; 4;MVPIdxL1;255
BlockStat;28; 544;  16;16; 4;RefIdxL1;1
BlockStat;28; 544;  16;16; 4;MVDL0;   0;   0
BlockStat;28; 544;  16;16; 4;MVL0; -96;   4
BlockStat;28; 544;  16;16; 4;MVDL1;   0;   0
BlockStat;28; 544;  16;16; 4;MVL1;-311; -46
BlockStat;28; 544;  20;16; 8;Depth;5
BlockStat;28; 544;  20;16; 8;QT_Depth;2
BlockStat;28; 544;  20;16; 8;BT_Depth;3
BlockStat;28; 544;  20;16; 8;MT_Depth;3
BlockStat;28; 544;  20;16; 8;ChromaQPAdj;0
BlockStat;28; 544;  20;16; 8;QP;38
BlockStat;28; 544;  20;16; 8;SplitSeries;4262945
BlockStat;28; 544;  20;16; 8;SkipFlag;1
BlockStat;28; 544;  20;16; 8;MMVDSkipFlag;0
BlockStat;28; 544;  20;16; 8;PredMode;0
BlockStat;28; 544;  20;16; 8;MergeIdx;0
BlockStat;28; 544;  20;16; 8;MergeType;0
BlockStat;28; 544;  20;16; 8;MMVDMergeFlag;0
BlockStat;28; 544;  20;16; 8;AffineFlag;0
BlockStat;28; 544;  20;16; 8;MVPIdxL0;255
BlockStat;28; 544;  20;16; 8;RefIdxL0;0
BlockStat;28; 544;  20;16; 8;MVPIdxL1;255
BlockStat;28; 544;  20;16; 8;RefIdxL1;1
BlockStat;28; 544;  20;16; 8;MVDL0;   0;   0
BlockStat;28; 544;  20;16; 8;MVL0; -97;   3
BlockStat;28; 544;  20;16; 8;MVDL1;   0;   0
BlockStat;28; 544;  20;16; 8;MVL1;-310; -45
BlockStat;28; 544;  28;16; 4;Depth;5
BlockStat;28; 544;  28;16; 4;QT_Depth;2
BlockStat;28; 544;  28;16; 4;BT_Depth;4
BlockStat;28; 544;  28;16; 4;MT_Depth;3
BlockStat;28; 544;  28;16; 4;ChromaQPAdj;0
BlockStat;28; 544;  28;16; 4;QP;38
BlockStat;28; 544;  28;16; 4;SplitSeries;4262945
BlockStat;28; 544;  28;16; 4;SkipFlag;0
BlockStat;28; 544;  28;16; 4;PredMode;0
BlockStat;28; 544;  28;16; 4;MergeFlag;1
BlockStat;28; 544;  28;16; 4;MergeIdx;4
BlockStat;28; 544;  28;16; 4;MergeType;0
BlockStat;28; 544;  28;16; 4;MMVDMergeFlag;1
BlockStat;28; 544;  28;16; 4;MMVDMergeIdx;4
BlockStat;28; 544;  28;16; 4;MVPIdxL0;255
BlockStat;28; 544;  28;16; 4;RefIdxL0;0
BlockStat;28; 544;  28;16; 4;MVPIdxL1;255
BlockStat;28; 544;  28;16; 4;RefIdxL1;1
BlockStat;28; 544;  28;16; 4;MVDL0;   0;   0
BlockStat;28; 544;  28;16; 4;MVL0; -98;   3
BlockStat;28; 544;  28;16; 4;MVDL1;   0;   0
BlockStat;28; 544;  28;16; 4;MVL1;-307; -44
BlockStat;28; 544;  28;16; 4;Cbf_Y;1
BlockStat;28; 544;  28;16; 4;TransformSkipFlag_Y;0
BlockStat;28; 544;  28;16; 4;Cbf_Cb;0
BlockStat;28; 544;  28;16; 4;Cbf_Cr;0
BlockStat;28; 560;   0;16; 8;Depth;4
BlockStat;28; 560;   0;16; 8;QT_Depth;2
BlockStat;28; 560;   0;16; 8;BT_Depth;3
BlockStat;28; 560;   0;16; 8;MT_Depth;2
BlockStat;28; 560;   0;16; 8;ChromaQPAdj;0
BlockStat;28; 560;   0;16; 8;QP;38
BlockStat;28; 560;   0;16; 8;SplitSeries;134177
BlockStat;28; 560;   0;16; 8;SkipFlag;0
BlockStat;28; 560;   0;16; 8;PredMode;0
BlockStat;28; 560;   0;16; 8;MergeFlag;0
BlockStat;28; 560;   0;16; 8;InterDir;1
BlockStat;28; 560;   0;16; 8;MVPIdxL0;0
BlockStat;28; 560;   0;16; 8;RefIdxL0;0
BlockStat;28; 560;   0;16; 8;MVDL0;   3;   0
BlockStat;28; 560;   0;16; 8;MVL0; -91;   4
BlockStat;28; 560;   0;16; 8;IMVMode;0
BlockStat;28; 560;   0;16; 8;RootCbf;1
BlockStat;28; 560;   0;16; 8;Cbf_Y;1
BlockStat;28; 560;   0;16; 8;TransformSkipFlag_Y;0
BlockStat;28; 560;   0;16; 8;Cbf_Cb;0
BlockStat;28; 560;   0;16; 8;Cbf_Cr;0
BlockStat;28; 560;   8; 4;16;Depth;5
BlockStat;28; 560;   8; 4;16;QT_Depth;2
BlockStat;28; 560;   8; 4;16;BT_Depth;4
BlockStat;28; 560;   8; 4;16;MT_Depth;3
BlockStat;28; 560;   8; 4;16;ChromaQPAdj;0
BlockStat;28; 560;   8; 4;16;QP;38
BlockStat;28; 560;   8; 4;16;SplitSeries;5377057
BlockStat;28; 560;   8; 4;16;SkipFlag;0
BlockStat;28; 560;   8; 4;16;PredMode;0
BlockStat;28; 560;   8; 4;16;MergeFlag;1
BlockStat;28; 560;   8; 4;16;MergeIdx;0
BlockStat;28; 560;   8; 4;16;MergeType;0
BlockStat;28; 560;   8; 4;16;MMVDMergeFlag;0
BlockStat;28; 560;   8; 4;16;MHIntraFlag;0
BlockStat;28; 560;   8; 4;16;MVPIdxL0;255
BlockStat;28; 560;   8; 4;16;RefIdxL0;0
BlockStat;28; 560;   8; 4;16;MVPIdxL1;255
BlockStat;28; 560;   8; 4;16;RefIdxL1;1
BlockStat;28; 560;   8; 4;16;MVDL0;   0;   0
BlockStat;28; 560;   8; 4;16;MVL0; -97;   3
BlockStat;28; 560;   8; 4;16;MVDL1;   0;   0
BlockStat;28; 560;   8; 4;16;MVL1;-310; -45
BlockStat;28; 560;   8; 4;12;Cbf_Y;0
BlockStat;28; 560;   8; 4;12;TransformSkipFlag_Y;0
BlockStat;28; 560;   8; 4;12;Cbf_Cb;0
BlockStat;28; 560;   8; 4;12;Cbf_Cr;0
BlockStat;28; 560;  20; 4; 4;Cbf_Y;2
BlockStat;28; 560;  20; 4; 4;TransformSkipFlag_Y;0
BlockStat;28; 560;  20; 4; 4;Cbf_Cb;0
BlockStat;28; 560;  20; 4; 4;Cbf_Cr;0
BlockStat;28; 564;   8; 8;16;Depth;5
BlockStat;28; 564;   8; 8;16;QT_Depth;2
BlockStat;28; 564;   8; 8;16;BT_Depth;3
BlockStat;28; 564;   8; 8;16;MT_Depth;3
BlockStat;28; 564;   8; 8;16;ChromaQPAdj;0
BlockStat;28; 564;   8; 8;16;QP;38
BlockStat;28; 564;   8; 8;16;SplitSeries;5377057
BlockStat;28; 564;   8; 8;16;SkipFlag;0
BlockStat;28; 564;   8; 8;16;PredMode;0
BlockStat;28; 564;   8; 8;16;MergeFlag;0
BlockStat;28; 564;   8; 8;16;InterDir;1
BlockStat;28; 564;   8; 8;16;MVPIdxL0;0
BlockStat;28; 564;   8; 8;16;RefIdxL0;0
BlockStat;28; 564;   8; 8;16;MVDL0; 144; -16
BlockStat;28; 564;   8; 8;16;MVL0;  48; -16
BlockStat;28; 564;   8; 8;16;IMVMode;2
BlockStat;28; 564;   8; 8;16;RootCbf;1
BlockStat;28; 564;   8; 8; 8;Cbf_Y;2
BlockStat;28; 564;   8; 8; 8;TransformSkipFlag_Y;0
BlockStat;28; 564;   8; 8; 8;Cbf_Cb;0
BlockStat;28; 564;   8; 8; 8;Cbf_Cr;0
BlockStat;28; 564;  16; 8; 8;Cbf_Y;0
BlockStat;28; 564;  16; 8; 8;TransformSkipFlag_Y;0
BlockStat;28; 564;  16; 8; 8;Cbf_Cb;0
BlockStat;28; 564;  16; 8; 8;Cbf_Cr;0
BlockStat;28; 572;   8; 4;16;Depth;5
BlockStat;28; 572;   8; 4;16;QT_Depth;2
BlockStat;28; 572;   8; 4;16;BT_Depth;4
BlockStat;28; 572;   8; 4;16;MT_Depth;3
BlockStat;28; 572;   8; 4;16;ChromaQPAdj;0
BlockStat;28; 572;   8; 4;16;QP;38
BlockStat;28; 572;   8; 4;16;SplitSeries;5377057
BlockStat;28; 572;   8; 4;16;SkipFlag;1
BlockStat;28; 572;   8; 4;16;MMVDSkipFlag;0
BlockStat;28; 572;   8; 4;16;PredMode;0
BlockStat;28; 572;   8; 4;16;MergeIdx;0
BlockStat;28; 572;   8; 4;16;MergeType;0
BlockStat;28; 572;   8; 4;16;MMVDMergeFlag;0
BlockStat;28; 572;   8; 4;16;MVPIdxL0;255
BlockStat;28; 572;   8; 4;16;RefIdxL0;0
BlockStat;28; 572;   8; 4;16;MVDL0;   0;   0
BlockStat;28; 572;   8; 4;16;MVL0;  48; -16
BlockStat;28; 560;  24;16; 8;Depth;4
BlockStat;28; 560;  24;16; 8;QT_Depth;2
BlockStat;28; 560;  24;16; 8;BT_Depth;3
BlockStat;28; 560;  24;16; 8;MT_Depth;2
BlockStat;28; 560;  24;16; 8;ChromaQPAdj;0
BlockStat;28; 560;  24;16; 8;QP;38
BlockStat;28; 560;  24;16; 8;SplitSeries;134177
BlockStat;28; 560;  24;16; 8;SkipFlag;1
BlockStat;28; 560;  24;16; 8;MMVDSkipFlag;0
BlockStat;28; 560;  24;16; 8;PredMode;0
BlockStat;28; 560;  24;16; 8;MergeIdx;1
BlockStat;28; 560;  24;16; 8;MergeType;0
BlockStat;28; 560;  24;16; 8;MMVDMergeFlag;0
BlockStat;28; 560;  24;16; 8;AffineFlag;0
BlockStat;28; 560;  24;16; 8;MVPIdxL0;255
BlockStat;28; 560;  24;16; 8;RefIdxL0;0
BlockStat;28; 560;  24;16; 8;MVDL0;   0;   0
BlockStat;28; 560;  24;16; 8;MVL0;  48; -16
BlockStat;28; 512;  32;16; 4;Depth;5
BlockStat;28; 512;  32;16; 4;QT_Depth;2
BlockStat;28; 512;  32;16; 4;BT_Depth;4
BlockStat;28; 512;  32;16; 4;MT_Depth;3
BlockStat;28; 512;  32;16; 4;ChromaQPAdj;0
BlockStat;28; 512;  32;16; 4;QP;38
BlockStat;28; 512;  32;16; 4;SplitSeries;4294689
BlockStat;28; 512;  32;16; 4;SkipFlag;1
BlockStat;28; 512;  32;16; 4;MMVDSkipFlag;0
BlockStat;28; 512;  32;16; 4;PredMode;0
BlockStat;28; 512;  32;16; 4;MergeIdx;42
BlockStat;28; 512;  32;16; 4;MergeType;0
BlockStat;28; 512;  32;16; 4;MMVDMergeFlag;1
BlockStat;28; 512;  32;16; 4;MMVDMergeIdx;42
BlockStat;28; 512;  32;16; 4;MVPIdxL0;255
BlockStat;28; 512;  32;16; 4;RefIdxL0;1
BlockStat;28; 512;  32;16; 4;MVDL0;   0;   0
BlockStat;28; 512;  32;16; 4;MVL0;-306; -51
BlockStat;28; 512;  36;16; 8;Depth;5
BlockStat;28; 512;  36;16; 8;QT_Depth;2
BlockStat;28; 512;  36;16; 8;BT_Depth;3
BlockStat;28; 512;  36;16; 8;MT_Depth;3
BlockStat;28; 512;  36;16; 8;ChromaQPAdj;0
BlockStat;28; 512;  36;16; 8;QP;38
BlockStat;28; 512;  36;16; 8;SplitSeries;4294689
BlockStat;28; 512;  36;16; 8;SkipFlag;0
BlockStat;28; 512;  36;16; 8;PredMode;0
BlockStat;28; 512;  36;16; 8;MergeFlag;0
BlockStat;28; 512;  36;16; 8;InterDir;1
BlockStat;28; 512;  36;16; 8;MVPIdxL0;1
BlockStat;28; 512;  36;16; 8;RefIdxL0;1
BlockStat;28; 512;  36;16; 8;MVDL0;   6;  24
BlockStat;28; 512;  36;16; 8;MVL0;-300; -26
BlockStat;28; 512;  36;16; 8;IMVMode;3
BlockStat;28; 512;  36;16; 8;RootCbf;1
BlockStat;28; 512;  36;16; 8;Cbf_Y;1
BlockStat;28; 512;  36;16; 8;TransformSkipFlag_Y;0
BlockStat;28; 512;  36;16; 8;Cbf_Cb;1
BlockStat;28; 512;  36;16; 8;Cbf_Cr;0
BlockStat;28; 512;  44;16; 4;Depth;5
BlockStat;28; 512;  44;16; 4;QT_Depth;2
BlockStat;28; 512;  44;16; 4;BT_Depth;4
BlockStat;28; 512;  44;16; 4;MT_Depth;3
BlockStat;28; 512;  44;16; 4;ChromaQPAdj;0
BlockStat;28; 512;  44;16; 4;QP;38
BlockStat;28; 512;  44;16; 4;SplitSeries;4294689
BlockStat;28; 512;  44;16; 4;SkipFlag;0
BlockStat;28; 512;  44;16; 4;PredMode;0
BlockStat;28; 512;  44;16; 4;MergeFlag;0
BlockStat;28; 512;  44;16; 4;InterDir;1
BlockStat;28; 512;  44;16; 4;MVPIdxL0;1
BlockStat;28; 512;  44;16; 4;RefIdxL0;0
BlockStat;28; 512;  44;16; 4;MVDL0;  12;   0
BlockStat;28; 512;  44;16; 4;MVL0; -80;   4
BlockStat;28; 512;  44;16; 4;IMVMode;1
BlockStat;28; 512;  44;16; 4;RootCbf;0
BlockStat;28; 528;  32;16;16;Depth;4
BlockStat;28; 528;  32;16;16;QT_Depth;2
BlockStat;28; 528;  32;16;16;BT_Depth;2
BlockStat;28; 528;  32;16;16;MT_Depth;2
BlockStat;28; 528;  32;16;16;ChromaQPAdj;0
BlockStat;28; 528;  32;16;16;QP;38
BlockStat;28; 528;  32;16;16;SplitSeries;100385
BlockStat;28; 528;  32;16;16;SkipFlag;0
BlockStat;28; 528;  32;16;16;PredMode;0
BlockStat;28; 528;  32;16;16;MergeFlag;0
BlockStat;28; 528;  32;16;16;InterDir;3
BlockStat;28; 528;  32;16;16;AffineFlag;1
BlockStat;28; 528;  32;16;16;AffineType;0
BlockStat;28; 528;  32;16;16;MVPIdxL0;0
BlockStat;28; 528;  32;16;16;RefIdxL0;1
BlockStat;28; 528;  32;16;16;MVPIdxL1;0
BlockStat;28; 528;  32;16;16;RefIdxL1;0
BlockStat;28; 528;  32;16;16;AffineMVL0;-311; -57;-308; -63;-305; -54
BlockStat;28; 528;  32;16;16;AffineMVL1; -97;   0;-100;   3;-100;  -3
BlockStat;28; 528;  32;16;16;RootCbf;0
BlockStat;28; 512;  48;16; 8;Depth;5
BlockStat;28; 512;  48;16; 8;QT_Depth;2
BlockStat;28; 512;  48;16; 8;BT_Depth;3
BlockStat;28; 512;  48;16; 8;MT_Depth;3
BlockStat;28; 512;  48;16; 8;ChromaQPAdj;0
BlockStat;28; 512;  48;16; 8;QP;38
BlockStat;28; 512;  48;16; 8;SplitSeries;3213345
BlockStat;28; 512;  48;16; 8;SkipFlag;1
BlockStat;28; 512;  48;16; 8;MMVDSkipFlag;0
BlockStat;28; 512;  48;16; 8;PredMode;0
BlockStat;28; 512;  48;16; 8;MergeIdx;37
BlockStat;28; 512;  48;16; 8;MergeType;0
BlockStat;28; 512;  48;16; 8;MMVDMergeFlag;1
BlockStat;28; 512;  48;16; 8;MMVDMergeIdx;37
BlockStat;28; 512;  48;16; 8;MVPIdxL0;255
BlockStat;28; 512;  48;16; 8;RefIdxL0;0
BlockStat;28; 512;  48;16; 8;MVDL0;   0;   0
BlockStat;28; 512;  48;16; 8;MVL0; -82;   4
BlockStat;28; 528;  48;16; 8;Depth;5
BlockStat;28; 528;  48;16; 8;QT_Depth;2
BlockStat;28; 528;  48;16; 8;BT_Depth;3
BlockStat;28; 528;  48;16; 8;MT_Depth;3
BlockStat;28; 528;  48;16; 8;ChromaQPAdj;0
BlockStat;28; 528;  48;16; 8;QP;38
BlockStat;28; 528;  48;16; 8;SplitSeries;3213345
BlockStat;28; 528;  48;16; 8;SkipFlag;1
BlockStat;28; 528;  48;16; 8;MMVDSkipFlag;0
BlockStat;28; 528;  48;16; 8;PredMode;0
BlockStat;28; 528;  48;16; 8;MergeIdx;0
BlockStat;28; 528;  48;16; 8;MergeType;0
BlockStat;28; 528;  48;16; 8;MMVDMergeFlag;0
BlockStat;28; 528;  48;16; 8;AffineFlag;1
BlockStat;28; 528;  48;16; 8;MVPIdxL0;0
BlockStat;28; 528;  48;16; 8;RefIdxL0;1
BlockStat;28; 528;  48;16; 8;MVPIdxL1;0
BlockStat;28; 528;  48;16; 8;RefIdxL1;0
BlockStat;28; 528;  48;16; 8;AffineMVL0;-303; -53;-300; -59;-301; -52
BlockStat;28; 528;  48;16; 8;AffineMVL1;-101;  -4;-104;  -1;-102;  -5
BlockStat;28; 512;  56;16; 8;Depth;5
BlockStat;28; 512;  56;16; 8;QT_Depth;2
BlockStat;28; 512;  56;16; 8;BT_Depth;3
BlockStat;28; 512;  56;16; 8;MT_Depth;3
BlockStat;28; 512;  56;16; 8;ChromaQPAdj;0
BlockStat;28; 512;  56;16; 8;QP;38
BlockStat;28; 512;  56;16; 8;SplitSeries;3213345
BlockStat;28; 512;  56;16; 8;SkipFlag;1
BlockStat;28; 512;  56;16; 8;MMVDSkipFlag;0
BlockStat;28; 512;  56;16; 8;PredMode;0
BlockStat;28; 512;  56;16; 8;MergeIdx;1
BlockStat;28; 512;  56;16; 8;MergeType;0
BlockStat;28; 512;  56;16; 8;MMVDMergeFlag;0
BlockStat;28; 512;  56;16; 8;AffineFlag;0
BlockStat;28; 512;  56;16; 8;MVPIdxL0;255
BlockStat;28; 512;  56;16; 8;RefIdxL0;0
BlockStat;28; 512;  56;16; 8;MVDL0;   0;   0
BlockStat;28; 512;  56;16; 8;MVL0; -82;   4
BlockStat;28; 528;  56;16; 8;Depth;5
BlockStat;28; 528;  56;16; 8;QT_Depth;2
BlockStat;28; 528;  56;16; 8;BT_Depth;3
BlockStat;28; 528;  56;16; 8;MT_Depth;3
BlockStat;28; 528;  56;16; 8;ChromaQPAdj;0
BlockStat;28; 528;  56;16; 8;QP;38
BlockStat;28; 528;  56;16; 8;SplitSeries;3213345
BlockStat;28; 528;  56;16; 8;SkipFlag;0
BlockStat;28; 528;  56;16; 8;PredMode;0
BlockStat;28; 528;  56;16; 8;MergeFlag;1
BlockStat;28; 528;  56;16; 8;MergeIdx;10
BlockStat;28; 528;  56;16; 8;MergeType;0
BlockStat;28; 528;  56;16; 8;MMVDMergeFlag;1
BlockStat;28; 528;  56;16; 8;MMVDMergeIdx;10
BlockStat;28; 528;  56;16; 8;MVPIdxL0;255
BlockStat;28; 528;  56;16; 8;RefIdxL0;0
BlockStat;28; 528;  56;16; 8;MVDL0;   0;   0
BlockStat;28; 528;  56;16; 8;MVL0; -82;   8
BlockStat;28; 528;  56; 8; 8;Cbf_Y;0
BlockStat;28; 528;  56; 8; 8;TransformSkipFlag_Y;0
BlockStat;28; 528;  56; 8; 8;Cbf_Cb;0
BlockStat;28; 528;  56; 8; 8;Cbf_Cr;0
BlockStat;28; 536;  56; 8; 8;Cbf_Y;2
BlockStat;28; 536;  56; 8; 8;TransformSkipFlag_Y;0
BlockStat;28; 536;  56; 8; 8;Cbf_Cb;0
BlockStat;28; 536;  56; 8; 8;Cbf_Cr;0
BlockStat;28; 544;  32; 4;16;Depth;4
BlockStat;28; 544;  32; 4;16;QT_Depth;3
BlockStat;28; 544;  32; 4;16;BT_Depth;2
BlockStat;28; 544;  32; 4;16;MT_Depth;1
BlockStat;28; 544;  32; 4;16;ChromaQPAdj;0
BlockStat;28; 544;  32; 4;16;QP;38
BlockStat;28; 544;  32; 4;16;SplitSeries;164897
BlockStat;28; 544;  32; 4;16;SkipFlag;1
BlockStat;28; 544;  32; 4;16;MMVDSkipFlag;0
BlockStat;28; 544;  32; 4;16;PredMode;0
BlockStat;28; 544;  32; 4;16;MergeIdx;0
BlockStat;28; 544;  32; 4;16;MergeType;0
BlockStat;28; 544;  32; 4;16;MMVDMergeFlag;0
BlockStat;28; 544;  32; 4;16;MVPIdxL0;255
BlockStat;28; 544;  32; 4;16;RefIdxL0;1
BlockStat;28; 544;  32; 4;16;MVPIdxL1;255
BlockStat;28; 544;  32; 4;16;RefIdxL1;0
BlockStat;28; 544;  32; 4;16;MVDL0;   0;   0
BlockStat;28; 544;  32; 4;16;MVL0;-302; -60
BlockStat;28; 544;  32; 4;16;MVDL1;   0;   0
BlockStat;28; 544;  32; 4;16;MVL1;-103;   0
BlockStat;28; 548;  32; 8;16;Depth;4
BlockStat;28; 548;  32; 8;16;QT_Depth;3
BlockStat;28; 548;  32; 8;16;BT_Depth;1
BlockStat;28; 548;  32; 8;16;MT_Depth;1
BlockStat;28; 548;  32; 8;16;ChromaQPAdj;0
BlockStat;28; 548;  32; 8;16;QP;38
BlockStat;28; 548;  32; 8;16;SplitSeries;164897
BlockStat;28; 548;  32; 8;16;SkipFlag;1
BlockStat;28; 548;  32; 8;16;MMVDSkipFlag;0
BlockStat;28; 548;  32; 8;16;PredMode;0
BlockStat;28; 548;  32; 8;16;MergeIdx;0
BlockStat;28; 548;  32; 8;16;MergeType;0
BlockStat;28; 548;  32; 8;16;MMVDMergeFlag;0
BlockStat;28; 548;  32; 8;16;AffineFlag;0
BlockStat;28; 548;  32; 8;16;MVPIdxL0;255
BlockStat;28; 548;  32; 8;16;RefIdxL0;1
BlockStat;28; 548;  32; 8;16;MVPIdxL1;255
BlockStat;28; 548;  32; 8;16;RefIdxL1;0
BlockStat;28; 548;  32; 8;16;MVDL0;   0;   0
BlockStat;28; 548;  32; 8;16;MVL0;-302; -60
BlockStat;28; 548;  32; 8;16;MVDL1;   0;   0
BlockStat;28; 548;  32; 8;16;MVL1;-103;   0
BlockStat;28; 556;  32; 4;16;Depth;4
BlockStat;28; 556;  32; 4;16;QT_Depth;3
BlockStat;28; 556;  32; 4;16;BT_Depth;2
BlockStat;28; 556;  32; 4;16;MT_Depth;1
BlockStat;28; 556;  32; 4;16;ChromaQPAdj;0
BlockStat;28; 556;  32; 4;16;QP;38
BlockStat;28; 556;  32; 4;16;SplitSeries;164897
BlockStat;28; 556;  32; 4;16;SkipFlag;0
BlockStat;28; 556;  32; 4;16;PredMode;1
BlockStat;28; 556;  32; 4;16;Luma_IntraMode;0
BlockStat;28; 556;  32; 4;16;Chroma_IntraMode;0
BlockStat;28; 556;  32; 4;16;MultiRefIdx;0
BlockStat;28; 556;  32; 4;16;Cbf_Y;1
BlockStat;28; 556;  32; 4;16;TransformSkipFlag_Y;0
BlockStat;28; 556;  32; 4;16;Cbf_Cb;0
BlockStat;28; 556;  32; 4;16;Cbf_Cr;1
BlockStat;28; 560;  32;16;16;Depth;3
BlockStat;28; 560;  32;16;16;QT_Depth;3
BlockStat;28; 560;  32;16;16;BT_Depth;0
BlockStat;28; 560;  32;16;16;MT_Depth;0
BlockStat;28; 560;  32;16;16;ChromaQPAdj;0
BlockStat;28; 560;  32;16;16;QP;38
BlockStat;28; 560;  32;16;16;SplitSeries;1057
BlockStat;28; 560;  32;16;16;SkipFlag;1
BlockStat;28; 560;  32;16;16;MMVDSkipFlag;0
BlockStat;28; 560;  32;16;16;PredMode;0
BlockStat;28; 560;  32;16;16;MergeIdx;0
BlockStat;28; 560;  32;16;16;MergeType;0
BlockStat;28; 560;  32;16;16;MMVDMergeFlag;0
BlockStat;28; 560;  32;16;16;AffineFlag;0
BlockStat;28; 560;  32;16;16;MVPIdxL0;255
BlockStat;28; 560;  32;16;16;RefIdxL0;0
BlockStat;28; 560;  32;16;16;MVDL0;   0;   0
BlockStat;28; 560;  32;16;16;MVL0;  48; -16
BlockStat;28; 544;  48; 8;16;Depth;4
BlockStat;28; 544;  48; 8;16;QT_Depth;3
BlockStat;28; 544;  48; 8;16;BT_Depth;1
BlockStat;28; 544;  48; 8;16;MT_Depth;1
BlockStat;28; 544;  48; 8;16;ChromaQPAdj;0
BlockStat;28; 544;  48; 8;16;QP;38
BlockStat;28; 544;  48; 8;16;SplitSeries;99361
BlockStat;28; 544;  48; 8;16;SkipFlag;0
BlockStat;28; 544;  48; 8;16;PredMode;0
BlockStat;28; 544;  48; 8;16;MergeFlag;0
BlockStat;28; 544;  48; 8;16;InterDir;3
BlockStat;28; 544;  48; 8;16;MVPIdxL0;1
BlockStat;28; 544;  48; 8;16;RefIdxL0;0
BlockStat;28; 544;  48; 8;16;MVPIdxL1;0
BlockStat;28; 544;  48; 8;16;RefIdxL1;1
BlockStat;28; 544;  48; 8;16;MVDL0;   0;   4
BlockStat;28; 544;  48; 8;16;MVL0;-104;   4
BlockStat;28; 544;  48; 8;16;MVDL1;   0;   0
BlockStat;28; 544;  48; 8;16;MVL1;-300; -60
BlockStat;28; 544;  48; 8;16;IMVMode;1
BlockStat;28; 544;  48; 8;16;RootCbf;1
BlockStat;28; 544;  48; 8;16;Cbf_Y;1
BlockStat;28; 544;  48; 8;16;TransformSkipFlag_Y;0
BlockStat;28; 544;  48; 8;16;Cbf_Cb;0
BlockStat;28; 544;  48; 8;16;Cbf_Cr;0
BlockStat;28; 552;  48; 4;16;Depth;5
BlockStat;28; 552;  48; 4;16;QT_Depth;3
BlockStat;28; 552;  48; 4;16;BT_Depth;2
BlockStat;28; 552;  48; 4;16;MT_Depth;2
BlockStat;28; 552;  48; 4;16;ChromaQPAdj;0
BlockStat;28; 552;  48; 4;16;QP;38
BlockStat;28; 552;  48; 4;16;SplitSeries;3245089
BlockStat;28; 552;  48; 4;16;SkipFlag;0
BlockStat;28; 552;  48; 4;16;PredMode;0
BlockStat;28; 552;  48; 4;16;MergeFlag;0
BlockStat;28; 552;  48; 4;16;InterDir;1
BlockStat;28; 552;  48; 4;16;MVPIdxL0;0
BlockStat;28; 552;  48; 4;16;RefIdxL0;0
BlockStat;28; 552;  48; 4;16;MVDL0;  -1;   0
BlockStat;28; 552;  48; 4;16;MVL0;-105;   4
BlockStat;28; 552;  48; 4;16;IMVMode;0
BlockStat;28; 552;  48; 4;16;RootCbf;1
BlockStat;28; 552;  48; 4;16;Cbf_Y;1
BlockStat;28; 552;  48; 4;16;TransformSkipFlag_Y;0
BlockStat;28; 552;  48; 4;16;Cbf_Cb;1
BlockStat;28; 552;  48; 4;16;Cbf_Cr;1
BlockStat;28; 556;  48; 4;16;Depth;5
BlockStat;28; 556;  48; 4;16;QT_Depth;3
BlockStat;28; 556;  48; 4;16;BT_Depth;2
BlockStat;28; 556;  48; 4;16;MT_Depth;2
BlockStat;28; 556;  48; 4;16;ChromaQPAdj;0
BlockStat;28; 556;  48; 4;16;QP;38
BlockStat;28; 556;  48; 4;16;SplitSeries;3245089
BlockStat;28; 556;  48; 4;16;SkipFlag;1
BlockStat;28; 556;  48; 4;16;MMVDSkipFlag;0
BlockStat;28; 556;  48; 4;16;PredMode;0
BlockStat;28; 556;  48; 4;16;MergeIdx;1
BlockStat;28; 556;  48; 4;16;MergeType;0
BlockStat;28; 556;  48; 4;16;MMVDMergeFlag;0
BlockStat;28; 556;  48; 4;16;MVPIdxL0;255
BlockStat;28; 556;  48; 4;16;RefIdxL0;0
BlockStat;28; 556;  48; 4;16;MVDL0;   0;   0
BlockStat;28; 556;  48; 4;16;MVL0;  48; -16
BlockStat;28; 560;  48;16;16;Depth;3
BlockStat;28; 560;  48;16;16;QT_Depth;3
BlockStat;28; 560;  48;16;16;BT_Depth;0
BlockStat;28; 560;  48;16;16;MT_Depth;0
BlockStat;28; 560;  48;16;16;ChromaQPAdj;0
BlockStat;28; 560;  48;16;16;QP;38
BlockStat;28; 560;  48;16;16;SplitSeries;1057
BlockStat;28; 560;  48;16;16;SkipFlag;1
BlockStat;28; 560;  48;16;16;MMVDSkipFlag;0
BlockStat;28; 560;  48;16;16;PredMode;0
BlockStat;28; 560;  48;16;16;MergeIdx;0
BlockStat;28; 560;  48;16;16;MergeType;0
BlockStat;28; 560;  48;16;16;MMVDMergeFlag;0
BlockStat;28; 560;  48;16;16;AffineFlag;0
BlockStat;28; 560;  48;16;16;MVPIdxL0;255
BlockStat;28; 560;  48;16;16;RefIdxL0;0
BlockStat;28; 560;  48;16;16;MVDL0;   0;   0
BlockStat;28; 560;  48;16;16;MVL0;  48; -16
BlockStat;28; 576;   0;32;16;Depth;3
BlockStat;28; 576;   0;32;16;QT_Depth;1
BlockStat;28; 576;   0;32;16;BT_Depth;3
BlockStat;28; 576;   0;32;16;MT_Depth;2
BlockStat;28; 576;   0;32;16;ChromaQPAdj;0
BlockStat;28; 576;   0;32;16;QP;38
BlockStat;28; 576;   0;32;16;SplitSeries;3201
BlockStat;28; 576;   0;32;16;SkipFlag;0
BlockStat;28; 576;   0;32;16;PredMode;0
BlockStat;28; 576;   0;32;16;MergeFlag;0
BlockStat;28; 576;   0;32;16;InterDir;3
BlockStat;28; 576;   0;32;16;AffineFlag;0
BlockStat;28; 576;   0;32;16;MVPIdxL0;0
BlockStat;28; 576;   0;32;16;RefIdxL0;1
BlockStat;28; 576;   0;32;16;MVPIdxL1;0
BlockStat;28; 576;   0;32;16;RefIdxL1;0
BlockStat;28; 576;   0;32;16;MVDL0;  52;  24
BlockStat;28; 576;   0;32;16;MVL0; 116;  20
BlockStat;28; 576;   0;32;16;MVDL1;   0;   0
BlockStat;28; 576;   0;32;16;MVL1;  48; -16
BlockStat;28; 576;   0;32;16;IMVMode;1
BlockStat;28; 576;   0;32;16;RootCbf;0
BlockStat;28; 608;   0;32;16;Depth;3
BlockStat;28; 608;   0;32;16;QT_Depth;1
BlockStat;28; 608;   0;32;16;BT_Depth;3
BlockStat;28; 608;   0;32;16;MT_Depth;2
BlockStat;28; 608;   0;32;16;ChromaQPAdj;0
BlockStat;28; 608;   0;32;16;QP;38
BlockStat;28; 608;   0;32;16;SplitSeries;3201
BlockStat;28; 608;   0;32;16;SkipFlag;0
BlockStat;28; 608;   0;32;16;PredMode;0
BlockStat;28; 608;   0;32;16;MergeFlag;0
BlockStat;28; 608;   0;32;16;InterDir;1
BlockStat;28; 608;   0;32;16;AffineFlag;1
BlockStat;28; 608;   0;32;16;AffineType;1
BlockStat;28; 608;   0;32;16;MVPIdxL0;0
BlockStat;28; 608;   0;32;16;RefIdxL0;1
BlockStat;28; 608;   0;32;16;AffineMVL0; 117;  20; 120;  13; 120;  20
BlockStat;28; 608;   0;32;16;RootCbf;1
BlockStat;28; 608;   0;32;16;Cbf_Y;1
BlockStat;28; 608;   0;32;16;TransformSkipFlag_Y;0
BlockStat;28; 608;   0;32;16;Cbf_Cb;0
BlockStat;28; 608;   0;32;16;Cbf_Cr;1
BlockStat;28; 576;  16; 8;32;Depth;4
BlockStat;28; 576;  16; 8;32;QT_Depth;1
BlockStat;28; 576;  16; 8;32;BT_Depth;4
BlockStat;28; 576;  16; 8;32;MT_Depth;3
BlockStat;28; 576;  16; 8;32;ChromaQPAdj;0
BlockStat;28; 576;  16; 8;32;QP;38
BlockStat;28; 576;  16; 8;32;SplitSeries;167041
BlockStat;28; 576;  16; 8;32;SkipFlag;0
BlockStat;28; 576;  16; 8;32;PredMode;0
BlockStat;28; 576;  16; 8;32;MergeFlag;1
BlockStat;28; 576;  16; 8;32;MergeIdx;1
BlockStat;28; 576;  16; 8;32;MergeType;0
BlockStat;28; 576;  16; 8;32;MMVDMergeFlag;0
BlockStat;28; 576;  16; 8;32;AffineFlag;0
BlockStat;28; 576;  16; 8;32;MHIntraFlag;0
BlockStat;28; 576;  16; 8;32;MVPIdxL0;255
BlockStat;28; 576;  16; 8;32;RefIdxL0;1
BlockStat;28; 576;  16; 8;32;MVPIdxL1;255
BlockStat;28; 576;  16; 8;32;RefIdxL1;0
BlockStat;28; 576;  16; 8;32;MVDL0;   0;   0
BlockStat;28; 576;  16; 8;32;MVL0; 116;  20
BlockStat;28; 576;  16; 8;32;MVDL1;   0;   0
BlockStat;28; 576;  16; 8;32;MVL1;  48; -16
BlockStat;28; 576;  16; 8;32;Cbf_Y;1
BlockStat;28; 576;  16; 8;32;TransformSkipFlag_Y;0
BlockStat;28; 576;  16; 8;32;Cbf_Cb;0
BlockStat;28; 576;  16; 8;32;Cbf_Cr;1
BlockStat;28; 584;  16;16;32;Depth;4
BlockStat;28; 584;  16;16;32;QT_Depth;1
BlockStat;28; 584;  16;16;32;BT_Depth;3
BlockStat;28; 584;  16;16;32;MT_Depth;3
BlockStat;28; 584;  16;16;32;ChromaQPAdj;0
BlockStat;28; 584;  16;16;32;QP;38
BlockStat;28; 584;  16;16;32;SplitSeries;167041
BlockStat;28; 584;  16;16;32;SkipFlag;0
BlockStat;28; 584;  16;16;32;PredMode;0
BlockStat;28; 584;  16;16;32;MergeFlag;0
BlockStat;28; 584;  16;16;32;InterDir;1
BlockStat;28; 584;  16;16;32;AffineFlag;1
BlockStat;28; 584;  16;16;32;AffineType;1
BlockStat;28; 584;  16;16;32;MVPIdxL0;0
BlockStat;28; 584;  16;16;32;RefIdxL0;0
BlockStat;28; 584;  16;16;32;AffineMVL0;  48; -17;  48; -20;  52; -20
BlockStat;28; 584;  16;16;32;RootCbf;1
BlockStat;28; 584;  16;16;16;Cbf_Y;0
BlockStat;28; 584;  16;16;16;TransformSkipFlag_Y;0
BlockStat;28; 584;  16;16;16;Cbf_Cb;0
BlockStat;28; 584;  16;16;16;Cbf_Cr;0
BlockStat;28; 584;  32;16;16;Cbf_Y;0
BlockStat;28; 584;  32;16;16;TransformSkipFlag_Y;0
BlockStat;28; 584;  32;16;16;Cbf_Cb;0
BlockStat;28; 584;  32;16;16;Cbf_Cr;2
BlockStat;28; 600;  16; 8;32;Depth;4
BlockStat;28; 600;  16; 8;32;QT_Depth;1
BlockStat;28; 600;  16; 8;32;BT_Depth;4
BlockStat;28; 600;  16; 8;32;MT_Depth;3
BlockStat;28; 600;  16; 8;32;ChromaQPAdj;0
BlockStat;28; 600;  16; 8;32;QP;38
BlockStat;28; 600;  16; 8;32;SplitSeries;167041
BlockStat;28; 600;  16; 8;32;SkipFlag;1
BlockStat;28; 600;  16; 8;32;MMVDSkipFlag;0
BlockStat;28; 600;  16; 8;32;PredMode;0
BlockStat;28; 600;  16; 8;32;MergeIdx;0
BlockStat;28; 600;  16; 8;32;MergeType;0
BlockStat;28; 600;  16; 8;32;MMVDMergeFlag;0
BlockStat;28; 600;  16; 8;32;AffineFlag;0
BlockStat;28; 600;  16; 8;32;MVPIdxL0;255
BlockStat;28; 600;  16; 8;32;RefIdxL0;0
BlockStat;28; 600;  16; 8;32;MVDL0;   0;   0
BlockStat;28; 600;  16; 8;32;MVL0;  52; -23
BlockStat;28; 608;  16;32;32;Depth;3
BlockStat;28; 608;  16;32;32;QT_Depth;1
BlockStat;28; 608;  16;32;32;BT_Depth;2
BlockStat;28; 608;  16;32;32;MT_Depth;2
BlockStat;28; 608;  16;32;32;ChromaQPAdj;0
BlockStat;28; 608;  16;32;32;QP;38
BlockStat;28; 608;  16;32;32;SplitSeries;3201
BlockStat;28; 608;  16;32;32;SkipFlag;0
BlockStat;28; 608;  16;32;32;PredMode;0
BlockStat;28; 608;  16;32;32;MergeFlag;1
BlockStat;28; 608;  16;32;32;MergeIdx;0
BlockStat;28; 608;  16;32;32;MergeType;0
BlockStat;28; 608;  16;32;32;MMVDMergeFlag;0
BlockStat;28; 608;  16;32;32;AffineFlag;0
BlockStat;28; 608;  16;32;32;MHIntraFlag;0
BlockStat;28; 608;  16;32;32;MVPIdxL0;255
BlockStat;28; 608;  16;32;32;RefIdxL0;0
BlockStat;28; 608;  16;32;32;MVDL0;   0;   0
BlockStat;28; 608;  16;32;32;MVL0;  52; -23
BlockStat;28; 608;  16;16;32;Cbf_Y;0
BlockStat;28; 608;  16;16;32;TransformSkipFlag_Y;0
BlockStat;28; 608;  16;16;32;Cbf_Cb;0
BlockStat;28; 608;  16;16;32;Cbf_Cr;0
BlockStat;28; 624;  16;16;32;Cbf_Y;2
BlockStat;28; 624;  16;16;32;TransformSkipFlag_Y;0
BlockStat;28; 624;  16;16;32;Cbf_Cb;0
BlockStat;28; 624;  16;16;32;Cbf_Cr;0
BlockStat;28; 576;  48; 8;16;Depth;4
BlockStat;28; 576;  48; 8;16;QT_Depth;1
BlockStat;28; 576;  48; 8;16;BT_Depth;5
BlockStat;28; 576;  48; 8;16;MT_Depth;3
BlockStat;28; 576;  48; 8;16;ChromaQPAdj;0
BlockStat;28; 576;  48; 8;16;QP;38
BlockStat;28; 576;  48; 8;16;SplitSeries;167041
BlockStat;28; 576;  48; 8;16;SkipFlag;1
BlockStat;28; 576;  48; 8;16;MMVDSkipFlag;0
BlockStat;28; 576;  48; 8;16;PredMode;0
BlockStat;28; 576;  48; 8;16;MergeIdx;1
BlockStat;28; 576;  48; 8;16;MergeType;0
BlockStat;28; 576;  48; 8;16;MMVDMergeFlag;0
BlockStat;28; 576;  48; 8;16;AffineFlag;0
BlockStat;28; 576;  48; 8;16;MVPIdxL0;255
BlockStat;28; 576;  48; 8;16;RefIdxL0;1
BlockStat;28; 576;  48; 8;16;MVPIdxL1;255
BlockStat;28; 576;  48; 8;16;RefIdxL1;0
BlockStat;28; 576;  48; 8;16;MVDL0;   0;   0
BlockStat;28; 576;  48; 8;16;MVL0; 116;  20
BlockStat;28; 576;  48; 8;16;MVDL1;   0;   0
BlockStat;28; 576;  48; 8;16;MVL1;  48; -16
BlockStat;28; 584;  48;16;16;Depth;4
BlockStat;28; 584;  48;16;16;QT_Depth;1
BlockStat;28; 584;  48;16;16;BT_Depth;4
BlockStat;28; 584;  48;16;16;MT_Depth;3
BlockStat;28; 584;  48;16;16;ChromaQPAdj;0
BlockStat;28; 584;  48;16;16;QP;38
BlockStat;28; 584;  48;16;16;SplitSeries;167041
BlockStat;28; 584;  48;16;16;SkipFlag;1
BlockStat;28; 584;  48;16;16;MMVDSkipFlag;0
BlockStat;28; 584;  48;16;16;PredMode;0
BlockStat;28; 584;  48;16;16;MergeIdx;0
BlockStat;28; 584;  48;16;16;MergeType;0
BlockStat;28; 584;  48;16;16;MMVDMergeFlag;0
BlockStat;28; 584;  48;16;16;AffineFlag;0
BlockStat;28; 584;  48;16;16;MVPIdxL0;255
BlockStat;28; 584;  48;16;16;RefIdxL0;1
BlockStat;28; 584;  48;16;16;MVPIdxL1;255
BlockStat;28; 584;  48;16;16;RefIdxL1;0
BlockStat;28; 584;  48;16;16;MVDL0;   0;   0
BlockStat;28; 584;  48;16;16;MVL0; 116;  20
BlockStat;28; 584;  48;16;16;MVDL1;   0;   0
BlockStat;28; 584;  48;16;16;MVL1;  48; -16
BlockStat;28; 600;  48; 8;16;Depth;4
BlockStat;28; 600;  48; 8;16;QT_Depth;1
BlockStat;28; 600;  48; 8;16;BT_Depth;5
BlockStat;28; 600;  48; 8;16;MT_Depth;3
BlockStat;28; 600;  48; 8;16;ChromaQPAdj;0
BlockStat;28; 600;  48; 8;16;QP;38
BlockStat;28; 600;  48; 8;16;SplitSeries;167041
BlockStat;28; 600;  48; 8;16;SkipFlag;0
BlockStat;28; 600;  48; 8;16;PredMode;0
BlockStat;28; 600;  48; 8;16;MergeFlag;1
BlockStat;28; 600;  48; 8;16;MergeIdx;1
BlockStat;28; 600;  48; 8;16;MergeType;0
BlockStat;28; 600;  48; 8;16;MMVDMergeFlag;0
BlockStat;28; 600;  48; 8;16;AffineFlag;0
BlockStat;28; 600;  48; 8;16;MHIntraFlag;0
BlockStat;28; 600;  48; 8;16;MVPIdxL0;255
BlockStat;28; 600;  48; 8;16;RefIdxL0;0
BlockStat;28; 600;  48; 8;16;MVDL0;   0;   0
BlockStat;28; 600;  48; 8;16;MVL0;  52; -23
BlockStat;28; 600;  48; 8;16;Cbf_Y;1
BlockStat;28; 600;  48; 8;16;TransformSkipFlag_Y;0
BlockStat;28; 600;  48; 8;16;Cbf_Cb;0
BlockStat;28; 600;  48; 8;16;Cbf_Cr;0
BlockStat;28; 608;  48;32;16;Depth;3
BlockStat;28; 608;  48;32;16;QT_Depth;1
BlockStat;28; 608;  48;32;16;BT_Depth;3
BlockStat;28; 608;  48;32;16;MT_Depth;2
BlockStat;28; 608;  48;32;16;ChromaQPAdj;0
BlockStat;28; 608;  48;32;16;QP;38
BlockStat;28; 608;  48;32;16;SplitSeries;3201
BlockStat;28; 608;  48;32;16;SkipFlag;0
BlockStat;28; 608;  48;32;16;PredMode;0
BlockStat;28; 608;  48;32;16;MergeFlag;1
BlockStat;28; 608;  48;32;16;MergeIdx;0
BlockStat;28; 608;  48;32;16;MergeType;0
BlockStat;28; 608;  48;32;16;MMVDMergeFlag;0
BlockStat;28; 608;  48;32;16;AffineFlag;0
BlockStat;28; 608;  48;32;16;MHIntraFlag;0
BlockStat;28; 608;  48;32;16;MVPIdxL0;255
BlockStat;28; 608;  48;32;16;RefIdxL0;0
BlockStat;28; 608;  48;32;16;MVDL0;   0;   0
BlockStat;28; 608;  48;32;16;MVL0;  52; -23
BlockStat;28; 608;  48;32;16;Cbf_Y;1
BlockStat;28; 608;  48;32;16;TransformSkipFlag_Y;0
BlockStat;28; 608;  48;32;16;Cbf_Cb;0
BlockStat;28; 608;  48;32;16;Cbf_Cr;0
BlockStat;28; 512;  64;32; 8;Depth;3
BlockStat;28; 512;  64;32; 8;QT_Depth;2
BlockStat;28; 512;  64;32; 8;BT_Depth;2
BlockStat;28; 512;  64;32; 8;MT_Depth;1
BlockStat;28; 512;  64;32; 8;ChromaQPAdj;0
BlockStat;28; 512;  64;32; 8;QP;38
BlockStat;28; 512;  64;32; 8;SplitSeries;4129
BlockStat;28; 512;  64;32; 8;SkipFlag;1
BlockStat;28; 512;  64;32; 8;MMVDSkipFlag;0
BlockStat;28; 512;  64;32; 8;PredMode;0
BlockStat;28; 512;  64;32; 8;MergeIdx;37
BlockStat;28; 512;  64;32; 8;MergeType;0
BlockStat;28; 512;  64;32; 8;MMVDMergeFlag;1
BlockStat;28; 512;  64;32; 8;MMVDMergeIdx;37
BlockStat;28; 512;  64;32; 8;MVPIdxL0;255
BlockStat;28; 512;  64;32; 8;RefIdxL0;0
BlockStat;28; 512;  64;32; 8;MVDL0;   0;   0
BlockStat;28; 512;  64;32; 8;MVL0; -84;   8
BlockStat;28; 512;  72;32; 4;Depth;4
BlockStat;28; 512;  72;32; 4;QT_Depth;2
BlockStat;28; 512;  72;32; 4;BT_Depth;3
BlockStat;28; 512;  72;32; 4;MT_Depth;2
BlockStat;28; 512;  72;32; 4;ChromaQPAdj;0
BlockStat;28; 512;  72;32; 4;QP;38
BlockStat;28; 512;  72;32; 4;SplitSeries;135201
BlockStat;28; 512;  72;32; 4;SkipFlag;1
BlockStat;28; 512;  72;32; 4;MMVDSkipFlag;0
BlockStat;28; 512;  72;32; 4;PredMode;0
BlockStat;28; 512;  72;32; 4;MergeIdx;1
BlockStat;28; 512;  72;32; 4;MergeType;0
BlockStat;28; 512;  72;32; 4;MMVDMergeFlag;0
BlockStat;28; 512;  72;32; 4;MVPIdxL0;255
BlockStat;28; 512;  72;32; 4;RefIdxL0;0
BlockStat;28; 512;  72;32; 4;MVDL0;   0;   0
BlockStat;28; 512;  72;32; 4;MVL0; -84;   8
BlockStat;28; 512;  76;16; 8;Depth;5
BlockStat;28; 512;  76;16; 8;QT_Depth;2
BlockStat;28; 512;  76;16; 8;BT_Depth;3
BlockStat;28; 512;  76;16; 8;MT_Depth;3
BlockStat;28; 512;  76;16; 8;ChromaQPAdj;0
BlockStat;28; 512;  76;16; 8;QP;38
BlockStat;28; 512;  76;16; 8;SplitSeries;3280929
BlockStat;28; 512;  76;16; 8;SkipFlag;0
BlockStat;28; 512;  76;16; 8;PredMode;0
BlockStat;28; 512;  76;16; 8;MergeFlag;0
BlockStat;28; 512;  76;16; 8;InterDir;1
BlockStat;28; 512;  76;16; 8;MVPIdxL0;0
BlockStat;28; 512;  76;16; 8;RefIdxL0;1
BlockStat;28; 512;  76;16; 8;MVDL0;   4;  -8
BlockStat;28; 512;  76;16; 8;MVL0;-316; -56
BlockStat;28; 512;  76;16; 8;IMVMode;1
BlockStat;28; 512;  76;16; 8;RootCbf;0
BlockStat;28; 528;  76;16; 8;Depth;5
BlockStat;28; 528;  76;16; 8;QT_Depth;2
BlockStat;28; 528;  76;16; 8;BT_Depth;3
BlockStat;28; 528;  76;16; 8;MT_Depth;3
BlockStat;28; 528;  76;16; 8;ChromaQPAdj;0
BlockStat;28; 528;  76;16; 8;QP;38
BlockStat;28; 528;  76;16; 8;SplitSeries;3280929
BlockStat;28; 528;  76;16; 8;SkipFlag;0
BlockStat;28; 528;  76;16; 8;PredMode;0
BlockStat;28; 528;  76;16; 8;MergeFlag;0
BlockStat;28; 528;  76;16; 8;InterDir;1
BlockStat;28; 528;  76;16; 8;MVPIdxL0;0
BlockStat;28; 528;  76;16; 8;RefIdxL0;1
BlockStat;28; 528;  76;16; 8;MVDL0;   1;   1
BlockStat;28; 528;  76;16; 8;MVL0;-315; -55
BlockStat;28; 528;  76;16; 8;IMVMode;0
BlockStat;28; 528;  76;16; 8;RootCbf;0
BlockStat;28; 512;  84;16; 4;Depth;5
BlockStat;28; 512;  84;16; 4;QT_Depth;2
BlockStat;28; 512;  84;16; 4;BT_Depth;4
BlockStat;28; 512;  84;16; 4;MT_Depth;3
BlockStat;28; 512;  84;16; 4;ChromaQPAdj;0
BlockStat;28; 512;  84;16; 4;QP;38
BlockStat;28; 512;  84;16; 4;SplitSeries;3280929
BlockStat;28; 512;  84;16; 4;SkipFlag;0
BlockStat;28; 512;  84;16; 4;PredMode;0
BlockStat;28; 512;  84;16; 4;MergeFlag;1
BlockStat;28; 512;  84;16; 4;MergeIdx;6
BlockStat;28; 512;  84;16; 4;MergeType;0
BlockStat;28; 512;  84;16; 4;MMVDMergeFlag;1
BlockStat;28; 512;  84;16; 4;MMVDMergeIdx;6
BlockStat;28; 512;  84;16; 4;MVPIdxL0;255
BlockStat;28; 512;  84;16; 4;RefIdxL0;1
BlockStat;28; 512;  84;16; 4;MVDL0;   0;   0
BlockStat;28; 512;  84;16; 4;MVL0;-316; -54
BlockStat;28; 512;  84;16; 4;Cbf_Y;1
BlockStat;28; 512;  84;16; 4;TransformSkipFlag_Y;0
BlockStat;28; 512;  84;16; 4;Cbf_Cb;0
BlockStat;28; 512;  84;16; 4;Cbf_Cr;0
BlockStat;28; 528;  84;16; 4;Depth;5
BlockStat;28; 528;  84;16; 4;QT_Depth;2
BlockStat;28; 528;  84;16; 4;BT_Depth;4
BlockStat;28; 528;  84;16; 4;MT_Depth;3
BlockStat;28; 528;  84;16; 4;ChromaQPAdj;0
BlockStat;28; 528;  84;16; 4;QP;38
BlockStat;28; 528;  84;16; 4;SplitSeries;3280929
BlockStat;28; 528;  84;16; 4;SkipFlag;0
BlockStat;28; 528;  84;16; 4;PredMode;0
BlockStat;28; 528;  84;16; 4;MergeFlag;0
BlockStat;28; 528;  84;16; 4;InterDir;1
BlockStat;28; 528;  84;16; 4;MVPIdxL0;0
BlockStat;28; 528;  84;16; 4;RefIdxL0;1
BlockStat;28; 528;  84;16; 4;MVDL0;   8;   4
BlockStat;28; 528;  84;16; 4;MVL0;-308; -48
BlockStat;28; 528;  84;16; 4;IMVMode;1
BlockStat;28; 528;  84;16; 4;RootCbf;0
BlockStat;28; 512;  88;16; 8;Depth;4
BlockStat;28; 512;  88;16; 8;QT_Depth;2
BlockStat;28; 512;  88;16; 8;BT_Depth;3
BlockStat;28; 512;  88;16; 8;MT_Depth;2
BlockStat;28; 512;  88;16; 8;ChromaQPAdj;0
BlockStat;28; 512;  88;16; 8;QP;38
BlockStat;28; 512;  88;16; 8;SplitSeries;102433
BlockStat;28; 512;  88;16; 8;SkipFlag;0
BlockStat;28; 512;  88;16; 8;PredMode;1
BlockStat;28; 512;  88;16; 8;Luma_IntraMode;33
BlockStat;28; 512;  88;16; 8;Chroma_IntraMode;67
BlockStat;28; 512;  88;16; 8;MultiRefIdx;0
BlockStat;28; 512;  88;16; 8;Cbf_Y;1
BlockStat;28; 512;  88;16; 8;TransformSkipFlag_Y;2
BlockStat;28; 512;  88;16; 8;Cbf_Cb;0
BlockStat;28; 512;  88;16; 8;Cbf_Cr;0
BlockStat;28; 528;  88; 4; 8;Depth;5
BlockStat;28; 528;  88; 4; 8;QT_Depth;2
BlockStat;28; 528;  88; 4; 8;BT_Depth;5
BlockStat;28; 528;  88; 4; 8;MT_Depth;3
BlockStat;28; 528;  88; 4; 8;ChromaQPAdj;0
BlockStat;28; 528;  88; 4; 8;QP;38
BlockStat;28; 528;  88; 4; 8;SplitSeries;5345313
BlockStat;28; 528;  88; 4; 8;SkipFlag;0
BlockStat;28; 528;  88; 4; 8;PredMode;0
BlockStat;28; 528;  88; 4; 8;MergeFlag;0
BlockStat;28; 528;  88; 4; 8;InterDir;1
BlockStat;28; 528;  88; 4; 8;MVPIdxL0;0
BlockStat;28; 528;  88; 4; 8;RefIdxL0;0
BlockStat;28; 528;  88; 4; 8;MVDL0; -16;   0
BlockStat;28; 528;  88; 4; 8;MVL0;-100;   8
BlockStat;28; 528;  88; 4; 8;IMVMode;1
BlockStat;28; 528;  88; 4; 8;RootCbf;0
BlockStat;28; 532;  88; 8; 8;Depth;5
BlockStat;28; 532;  88; 8; 8;QT_Depth;2
BlockStat;28; 532;  88; 8; 8;BT_Depth;4
BlockStat;28; 532;  88; 8; 8;MT_Depth;3
BlockStat;28; 532;  88; 8; 8;ChromaQPAdj;0
BlockStat;28; 532;  88; 8; 8;QP;38
BlockStat;28; 532;  88; 8; 8;SplitSeries;5345313
BlockStat;28; 532;  88; 8; 8;SkipFlag;0
BlockStat;28; 532;  88; 8; 8;PredMode;0
BlockStat;28; 532;  88; 8; 8;MergeFlag;0
BlockStat;28; 532;  88; 8; 8;InterDir;1
BlockStat;28; 532;  88; 8; 8;MVPIdxL0;0
BlockStat;28; 532;  88; 8; 8;RefIdxL0;0
BlockStat;28; 532;  88; 8; 8;MVDL0; -12;  12
BlockStat;28; 532;  88; 8; 8;MVL0;-112;  20
BlockStat;28; 532;  88; 8; 8;IMVMode;1
BlockStat;28; 532;  88; 8; 8;RootCbf;1
BlockStat;28; 532;  88; 4; 8;Cbf_Y;0
BlockStat;28; 532;  88; 4; 8;TransformSkipFlag_Y;0
BlockStat;28; 532;  88; 4; 8;Cbf_Cb;0
BlockStat;28; 532;  88; 4; 8;Cbf_Cr;0
BlockStat;28; 536;  88; 4; 8;Cbf_Y;2
BlockStat;28; 536;  88; 4; 8;TransformSkipFlag_Y;0
BlockStat;28; 536;  88; 4; 8;Cbf_Cb;0
BlockStat;28; 536;  88; 4; 8;Cbf_Cr;0
BlockStat;28; 540;  88; 4; 8;Depth;5
BlockStat;28; 540;  88; 4; 8;QT_Depth;2
BlockStat;28; 540;  88; 4; 8;BT_Depth;5
BlockStat;28; 540;  88; 4; 8;MT_Depth;3
BlockStat;28; 540;  88; 4; 8;ChromaQPAdj;0
BlockStat;28; 540;  88; 4; 8;QP;38
BlockStat;28; 540;  88; 4; 8;SplitSeries;5345313
BlockStat;28; 540;  88; 4; 8;SkipFlag;0
BlockStat;28; 540;  88; 4; 8;PredMode;0
BlockStat;28; 540;  88; 4; 8;MergeFlag;0
BlockStat;28; 540;  88; 4; 8;InterDir;1
BlockStat;28; 540;  88; 4; 8;MVPIdxL0;1
BlockStat;28; 540;  88; 4; 8;RefIdxL0;1
BlockStat;28; 540;  88; 4; 8;MVDL0;   0;   0
BlockStat;28; 540;  88; 4; 8;MVL0;-315; -55
BlockStat;28; 540;  88; 4; 8;RootCbf;1
BlockStat;28; 540;  88; 4; 8;Cbf_Y;1
BlockStat;28; 540;  88; 4; 8;TransformSkipFlag_Y;0
BlockStat;28; 540;  88; 4; 8;Cbf_Cb;0
BlockStat;28; 540;  88; 4; 8;Cbf_Cr;1
BlockStat;28; 544;  64; 8; 8;Depth;4
BlockStat;28; 544;  64; 8; 8;QT_Depth;2
BlockStat;28; 544;  64; 8; 8;BT_Depth;4
BlockStat;28; 544;  64; 8; 8;MT_Depth;2
BlockStat;28; 544;  64; 8; 8;ChromaQPAdj;0
BlockStat;28; 544;  64; 8; 8;QP;38
BlockStat;28; 544;  64; 8; 8;SplitSeries;167969
BlockStat;28; 544;  64; 8; 8;SkipFlag;1
BlockStat;28; 544;  64; 8; 8;MMVDSkipFlag;0
BlockStat;28; 544;  64; 8; 8;PredMode;0
BlockStat;28; 544;  64; 8; 8;MergeIdx;0
BlockStat;28; 544;  64; 8; 8;MergeType;0
BlockStat;28; 544;  64; 8; 8;MMVDMergeFlag;0
BlockStat;28; 544;  64; 8; 8;AffineFlag;1
BlockStat;28; 544;  64; 8; 8;MVPIdxL0;0
BlockStat;28; 544;  64; 8; 8;RefIdxL0;0
BlockStat;28; 544;  64; 8; 8;AffineMVL0; -88;   7; -99;   5; -89;   7
BlockStat;28; 552;  64;16; 8;Depth;4
BlockStat;28; 552;  64;16; 8;QT_Depth;2
BlockStat;28; 552;  64;16; 8;BT_Depth;3
BlockStat;28; 552;  64;16; 8;MT_Depth;2
BlockStat;28; 552;  64;16; 8;ChromaQPAdj;0
BlockStat;28; 552;  64;16; 8;QP;38
BlockStat;28; 552;  64;16; 8;SplitSeries;167969
BlockStat;28; 552;  64;16; 8;SkipFlag;1
BlockStat;28; 552;  64;16; 8;MMVDSkipFlag;0
BlockStat;28; 552;  64;16; 8;PredMode;0
BlockStat;28; 552;  64;16; 8;MergeIdx;36
BlockStat;28; 552;  64;16; 8;MergeType;0
BlockStat;28; 552;  64;16; 8;MMVDMergeFlag;1
BlockStat;28; 552;  64;16; 8;MMVDMergeIdx;36
BlockStat;28; 552;  64;16; 8;MVPIdxL0;255
BlockStat;28; 552;  64;16; 8;RefIdxL0;0
BlockStat;28; 552;  64;16; 8;MVDL0;   0;   0
BlockStat;28; 552;  64;16; 8;MVL0;  50; -16
BlockStat;28; 568;  64; 8; 8;Depth;4
BlockStat;28; 568;  64; 8; 8;QT_Depth;2
BlockStat;28; 568;  64; 8; 8;BT_Depth;4
BlockStat;28; 568;  64; 8; 8;MT_Depth;2
BlockStat;28; 568;  64; 8; 8;ChromaQPAdj;0
BlockStat;28; 568;  64; 8; 8;QP;38
BlockStat;28; 568;  64; 8; 8;SplitSeries;167969
BlockStat;28; 568;  64; 8; 8;SkipFlag;1
BlockStat;28; 568;  64; 8; 8;MMVDSkipFlag;0
BlockStat;28; 568;  64; 8; 8;PredMode;0
BlockStat;28; 568;  64; 8; 8;MergeIdx;0
BlockStat;28; 568;  64; 8; 8;MergeType;0
BlockStat;28; 568;  64; 8; 8;MMVDMergeFlag;0
BlockStat;28; 568;  64; 8; 8;AffineFlag;0
BlockStat;28; 568;  64; 8; 8;MVPIdxL0;255
BlockStat;28; 568;  64; 8; 8;RefIdxL0;0
BlockStat;28; 568;  64; 8; 8;MVDL0;   0;   0
BlockStat;28; 568;  64; 8; 8;MVL0;  50; -16
BlockStat;28; 544;  72; 8;16;Depth;5
BlockStat;28; 544;  72; 8;16;QT_Depth;2
BlockStat;28; 544;  72; 8;16;BT_Depth;3
BlockStat;28; 544;  72; 8;16;MT_Depth;3
BlockStat;28; 544;  72; 8;16;ChromaQPAdj;0
BlockStat;28; 544;  72; 8;16;QP;38
BlockStat;28; 544;  72; 8;16;SplitSeries;3248161
BlockStat;28; 544;  72; 8;16;SkipFlag;0
BlockStat;28; 544;  72; 8;16;PredMode;1
BlockStat;28; 544;  72; 8;16;Luma_IntraMode;57
BlockStat;28; 544;  72; 8;16;Chroma_IntraMode;57
BlockStat;28; 544;  72; 8;16;MultiRefIdx;0
BlockStat;28; 544;  72; 8;16;Cbf_Y;1
BlockStat;28; 544;  72; 8;16;TransformSkipFlag_Y;0
BlockStat;28; 544;  72; 8;16;Cbf_Cb;0
BlockStat;28; 544;  72; 8;16;Cbf_Cr;1
BlockStat;28; 552;  72; 8;16;Depth;5
BlockStat;28; 552;  72; 8;16;QT_Depth;2
BlockStat;28; 552;  72; 8;16;BT_Depth;3
BlockStat;28; 552;  72; 8;16;MT_Depth;3
BlockStat;28; 552;  72; 8;16;ChromaQPAdj;0
BlockStat;28; 552;  72; 8;16;QP;38
BlockStat;28; 552;  72; 8;16;SplitSeries;3248161
BlockStat;28; 552;  72; 8;16;SkipFlag;1
BlockStat;28; 552;  72; 8;16;MMVDSkipFlag;0
BlockStat;28; 552;  72; 8;16;PredMode;0
BlockStat;28; 552;  72; 8;16;MergeIdx;0
BlockStat;28; 552;  72; 8;16;MergeType;0
BlockStat;28; 552;  72; 8;16;MMVDMergeFlag;0
BlockStat;28; 552;  72; 8;16;AffineFlag;0
BlockStat;28; 552;  72; 8;16;MVPIdxL0;255
BlockStat;28; 552;  72; 8;16;RefIdxL0;0
BlockStat;28; 552;  72; 8;16;MVDL0;   0;   0
BlockStat;28; 552;  72; 8;16;MVL0;  50; -16
BlockStat;28; 560;  72;16;16;Depth;4
BlockStat;28; 560;  72;16;16;QT_Depth;2
BlockStat;28; 560;  72;16;16;BT_Depth;2
BlockStat;28; 560;  72;16;16;MT_Depth;2
BlockStat;28; 560;  72;16;16;ChromaQPAdj;0
BlockStat;28; 560;  72;16;16;QP;38
BlockStat;28; 560;  72;16;16;SplitSeries;102433
BlockStat;28; 560;  72;16;16;SkipFlag;0
BlockStat;28; 560;  72;16;16;PredMode;0
BlockStat;28; 560;  72;16;16;MergeFlag;1
BlockStat;28; 560;  72;16;16;MergeIdx;15
BlockStat;28; 560;  72;16;16;MergeType;0
BlockStat;28; 560;  72;16;16;MMVDMergeFlag;1
BlockStat;28; 560;  72;16;16;MMVDMergeIdx;15
BlockStat;28; 560;  72;16;16;MVPIdxL0;255
BlockStat;28; 560;  72;16;16;RefIdxL0;0
BlockStat;28; 560;  72;16;16;MVDL0;   0;   0
BlockStat;28; 560;  72;16;16;MVL0;  50; -24
BlockStat;28; 560;  72;16;16;Cbf_Y;1
BlockStat;28; 560;  72;16;16;TransformSkipFlag_Y;0
BlockStat;28; 560;  72;16;16;Cbf_Cb;0
BlockStat;28; 560;  72;16;16;Cbf_Cr;0
BlockStat;28; 544;  88;16; 8;Depth;4
BlockStat;28; 544;  88;16; 8;QT_Depth;2
BlockStat;28; 544;  88;16; 8;BT_Depth;3
BlockStat;28; 544;  88;16; 8;MT_Depth;2
BlockStat;28; 544;  88;16; 8;ChromaQPAdj;0
BlockStat;28; 544;  88;16; 8;QP;38
BlockStat;28; 544;  88;16; 8;SplitSeries;102433
BlockStat;28; 544;  88;16; 8;SkipFlag;1
BlockStat;28; 544;  88;16; 8;MMVDSkipFlag;0
BlockStat;28; 544;  88;16; 8;PredMode;0
BlockStat;28; 544;  88;16; 8;MergeIdx;36
BlockStat;28; 544;  88;16; 8;MergeType;0
BlockStat;28; 544;  88;16; 8;MMVDMergeFlag;1
BlockStat;28; 544;  88;16; 8;MMVDMergeIdx;36
BlockStat;28; 544;  88;16; 8;MVPIdxL0;255
BlockStat;28; 544;  88;16; 8;RefIdxL0;0
BlockStat;28; 544;  88;16; 8;MVDL0;   0;   0
BlockStat;28; 544;  88;16; 8;MVL0;  52; -16
BlockStat;28; 560;  88;16; 8;Depth;4
BlockStat;28; 560;  88;16; 8;QT_Depth;2
BlockStat;28; 560;  88;16; 8;BT_Depth;3
BlockStat;28; 560;  88;16; 8;MT_Depth;2
BlockStat;28; 560;  88;16; 8;ChromaQPAdj;0
BlockStat;28; 560;  88;16; 8;QP;38
BlockStat;28; 560;  88;16; 8;SplitSeries;102433
BlockStat;28; 560;  88;16; 8;SkipFlag;0
BlockStat;28; 560;  88;16; 8;PredMode;0
BlockStat;28; 560;  88;16; 8;MergeFlag;0
BlockStat;28; 560;  88;16; 8;InterDir;1
BlockStat;28; 560;  88;16; 8;MVPIdxL0;0
BlockStat;28; 560;  88;16; 8;RefIdxL0;0
BlockStat;28; 560;  88;16; 8;MVDL0;   4;  -4
BlockStat;28; 560;  88;16; 8;MVL0;  56; -20
BlockStat;28; 560;  88;16; 8;IMVMode;1
BlockStat;28; 560;  88;16; 8;RootCbf;0
BlockStat;28; 512;  96;16;16;Depth;3
BlockStat;28; 512;  96;16;16;QT_Depth;3
BlockStat;28; 512;  96;16;16;BT_Depth;0
BlockStat;28; 512;  96;16;16;MT_Depth;0
BlockStat;28; 512;  96;16;16;ChromaQPAdj;0
BlockStat;28; 512;  96;16;16;QP;38
BlockStat;28; 512;  96;16;16;SplitSeries;1057
BlockStat;28; 512;  96;16;16;SkipFlag;0
BlockStat;28; 512;  96;16;16;PredMode;0
BlockStat;28; 512;  96;16;16;MergeFlag;1
BlockStat;28; 512;  96;16;16;MergeIdx;5
BlockStat;28; 512;  96;16;16;MergeType;0
BlockStat;28; 512;  96;16;16;MMVDMergeFlag;0
BlockStat;28; 512;  96;16;16;AffineFlag;0
BlockStat;28; 512;  96;16;16;MHIntraFlag;0
BlockStat;28; 512;  96;16;16;MVPIdxL0;255
BlockStat;28; 512;  96;16;16;RefIdxL0;0
BlockStat;28; 512;  96;16;16;MVDL0;   0;   0
BlockStat;28; 512;  96;16;16;MVL0;-106;  12
BlockStat;28; 512;  96;16;16;Cbf_Y;1
BlockStat;28; 512;  96;16;16;TransformSkipFlag_Y;0
BlockStat;28; 512;  96;16;16;Cbf_Cb;0
BlockStat;28; 512;  96;16;16;Cbf_Cr;0
BlockStat;28; 528;  96; 4;16;Depth;5
BlockStat;28; 528;  96; 4;16;QT_Depth;3
BlockStat;28; 528;  96; 4;16;BT_Depth;2
BlockStat;28; 528;  96; 4;16;MT_Depth;2
BlockStat;28; 528;  96; 4;16;ChromaQPAdj;0
BlockStat;28; 528;  96; 4;16;QP;38
BlockStat;28; 528;  96; 4;16;SplitSeries;3245089
BlockStat;28; 528;  96; 4;16;SkipFlag;0
BlockStat;28; 528;  96; 4;16;PredMode;0
BlockStat;28; 528;  96; 4;16;MergeFlag;1
BlockStat;28; 528;  96; 4;16;MergeIdx;0
BlockStat;28; 528;  96; 4;16;MergeType;0
BlockStat;28; 528;  96; 4;16;MMVDMergeFlag;0
BlockStat;28; 528;  96; 4;16;MHIntraFlag;0
BlockStat;28; 528;  96; 4;16;MVPIdxL0;255
BlockStat;28; 528;  96; 4;16;RefIdxL0;0
BlockStat;28; 528;  96; 4;16;MVDL0;   0;   0
BlockStat;28; 528;  96; 4;16;MVL0;-106;  12
BlockStat;28; 528;  96; 4; 4;Cbf_Y;2
BlockStat;28; 528;  96; 4; 4;TransformSkipFlag_Y;0
BlockStat;28; 528;  96; 4; 4;Cbf_Cb;0
BlockStat;28; 528;  96; 4; 4;Cbf_Cr;0
BlockStat;28; 528; 100; 4;12;Cbf_Y;0
BlockStat;28; 528; 100; 4;12;TransformSkipFlag_Y;0
BlockStat;28; 528; 100; 4;12;Cbf_Cb;0
BlockStat;28; 528; 100; 4;12;Cbf_Cr;0
BlockStat;28; 532;  96; 4;16;Depth;5
BlockStat;28; 532;  96; 4;16;QT_Depth;3
BlockStat;28; 532;  96; 4;16;BT_Depth;2
BlockStat;28; 532;  96; 4;16;MT_Depth;2
BlockStat;28; 532;  96; 4;16;ChromaQPAdj;0
BlockStat;28; 532;  96; 4;16;QP;38
BlockStat;28; 532;  96; 4;16;SplitSeries;3245089
BlockStat;28; 532;  96; 4;16;SkipFlag;1
BlockStat;28; 532;  96; 4;16;MMVDSkipFlag;0
BlockStat;28; 532;  96; 4;16;PredMode;0
BlockStat;28; 532;  96; 4;16;MergeIdx;9
BlockStat;28; 532;  96; 4;16;MergeType;0
BlockStat;28; 532;  96; 4;16;MMVDMergeFlag;1
BlockStat;28; 532;  96; 4;16;MMVDMergeIdx;9
BlockStat;28; 532;  96; 4;16;MVPIdxL0;255
BlockStat;28; 532;  96; 4;16;RefIdxL0;0
BlockStat;28; 532;  96; 4;16;MVDL0;   0;   0
BlockStat;28; 532;  96; 4;16;MVL0;-110;  12
BlockStat;28; 536;  96; 4; 4;Depth;6
BlockStat;28; 536;  96; 4; 4;QT_Depth;3
BlockStat;28; 536;  96; 4; 4;BT_Depth;4
BlockStat;28; 536;  96; 4; 4;MT_Depth;3
BlockStat;28; 536;  96; 4; 4;ChromaQPAdj;0
BlockStat;28; 536;  96; 4; 4;QP;38
BlockStat;28; 536;  96; 4; 4;SplitSeries;137462817
BlockStat;28; 536;  96; 4; 4;SkipFlag;0
BlockStat;28; 536;  96; 4; 4;PredMode;1
BlockStat;28; 536;  96; 4; 4;Luma_IntraMode;0
BlockStat;28; 536;  96; 4; 4;MultiRefIdx;0
BlockStat;28; 536;  96; 4; 4;Cbf_Y;1
BlockStat;28; 536;  96; 4; 4;TransformSkipFlag_Y;0
BlockStat;28; 536; 100; 4; 8;Depth;6
BlockStat;28; 536; 100; 4; 8;QT_Depth;3
BlockStat;28; 536; 100; 4; 8;BT_Depth;3
BlockStat;28; 536; 100; 4; 8;MT_Depth;3
BlockStat;28; 536; 100; 4; 8;ChromaQPAdj;0
BlockStat;28; 536; 100; 4; 8;QP;38
BlockStat;28; 536; 100; 4; 8;SplitSeries;137462817
BlockStat;28; 536; 100; 4; 8;SkipFlag;0
BlockStat;28; 536; 100; 4; 8;PredMode;1
BlockStat;28; 536; 100; 4; 8;Luma_IntraMode;2
BlockStat;28; 536; 100; 4; 8;MultiRefIdx;0
BlockStat;28; 536; 100; 4; 8;Cbf_Y;1
BlockStat;28; 536; 100; 4; 8;TransformSkipFlag_Y;0
BlockStat;28; 536; 108; 4; 4;Depth;6
BlockStat;28; 536; 108; 4; 4;QT_Depth;3
BlockStat;28; 536; 108; 4; 4;BT_Depth;4
BlockStat;28; 536; 108; 4; 4;MT_Depth;3
BlockStat;28; 536; 108; 4; 4;ChromaQPAdj;0
BlockStat;28; 536; 108; 4; 4;QP;38
BlockStat;28; 536; 108; 4; 4;SplitSeries;137462817
BlockStat;28; 536; 108; 4; 4;SkipFlag;0
BlockStat;28; 536; 108; 4; 4;PredMode;1
BlockStat;28; 536; 108; 4; 4;Luma_IntraMode;50
BlockStat;28; 536; 108; 4; 4;MultiRefIdx;0
BlockStat;28; 536; 108; 4; 4;Cbf_Y;1
BlockStat;28; 536; 108; 4; 4;TransformSkipFlag_Y;2
BlockStat;28;   0;   0; 0; 0;Depth;5
BlockStat;28;   0;   0; 0; 0;QT_Depth;3
BlockStat;28;   0;   0; 0; 0;BT_Depth;2
BlockStat;28;   0;   0; 0; 0;MT_Depth;2
BlockStat;28;   0;   0; 0; 0;ChromaQPAdj;0
BlockStat;28;   0;   0; 0; 0;QP;38
BlockStat;28;   0;   0; 0; 0;SplitSeries;3245089
BlockStat;28;   0;   0; 0; 0;PredMode;1
BlockStat;28; 536;  96; 4;16;Chroma_IntraMode;0
BlockStat;28; 536;  96; 4;16;Cbf_Cb;0
BlockStat;28; 536;  96; 4;16;Cbf_Cr;1
BlockStat;28; 540;  96; 4;16;Depth;5
BlockStat;28; 540;  96; 4;16;QT_Depth;3
BlockStat;28; 540;  96; 4;16;BT_Depth;2
BlockStat;28; 540;  96; 4;16;MT_Depth;2
BlockStat;28; 540;  96; 4;16;ChromaQPAdj;0
BlockStat;28; 540;  96; 4;16;QP;38
BlockStat;28; 540;  96; 4;16;SplitSeries;3245089
BlockStat;28; 540;  96; 4;16;SkipFlag;1
BlockStat;28; 540;  96; 4;16;MMVDSkipFlag;0
BlockStat;28; 540;  96; 4;16;PredMode;0
BlockStat;28; 540;  96; 4;16;MergeIdx;1
BlockStat;28; 540;  96; 4;16;MergeType;0
BlockStat;28; 540;  96; 4;16;MMVDMergeFlag;0
BlockStat;28; 540;  96; 4;16;MVPIdxL0;255
BlockStat;28; 540;  96; 4;16;RefIdxL0;0
BlockStat;28; 540;  96; 4;16;MVDL0;   0;   0
BlockStat;28; 540;  96; 4;16;MVL0;  52; -16
BlockStat;28; 512; 112;16;16;Depth;3
BlockStat;28; 512; 112;16;16;QT_Depth;3
BlockStat;28; 512; 112;16;16;BT_Depth;0
BlockStat;28; 512; 112;16;16;MT_Depth;0
BlockStat;28; 512; 112;16;16;ChromaQPAdj;0
BlockStat;28; 512; 112;16;16;QP;38
BlockStat;28; 512; 112;16;16;SplitSeries;1057
BlockStat;28; 512; 112;16;16;SkipFlag;0
BlockStat;28; 512; 112;16;16;PredMode;0
BlockStat;28; 512; 112;16;16;MergeFlag;1
BlockStat;28; 512; 112;16;16;MergeIdx;0
BlockStat;28; 512; 112;16;16;MergeType;0
BlockStat;28; 512; 112;16;16;MMVDMergeFlag;0
BlockStat;28; 512; 112;16;16;AffineFlag;0
BlockStat;28; 512; 112;16;16;MHIntraFlag;0
BlockStat;28; 512; 112;16;16;MVPIdxL0;255
BlockStat;28; 512; 112;16;16;RefIdxL0;0
BlockStat;28; 512; 112;16;16;MVDL0;   0;   0
BlockStat;28; 512; 112;16;16;MVL0;-112;  16
BlockStat;28; 512; 112;16; 8;Cbf_Y;0
BlockStat;28; 512; 112;16; 8;TransformSkipFlag_Y;0
BlockStat;28; 512; 112;16; 8;Cbf_Cb;0
BlockStat;28; 512; 112;16; 8;Cbf_Cr;0
BlockStat;28; 512; 120;16; 8;Cbf_Y;2
BlockStat;28; 512; 120;16; 8;TransformSkipFlag_Y;0
BlockStat;28; 512; 120;16; 8;Cbf_Cb;0
BlockStat;28; 512; 120;16; 8;Cbf_Cr;0
BlockStat;28; 528; 112; 8;16;Depth;4
BlockStat;28; 528; 112; 8;16;QT_Depth;3
BlockStat;28; 528; 112; 8;16;BT_Depth;1
BlockStat;28; 528; 112; 8;16;MT_Depth;1
BlockStat;28; 528; 112; 8;16;ChromaQPAdj;0
BlockStat;28; 528; 112; 8;16;QP;38
BlockStat;28; 528; 112; 8;16;SplitSeries;99361
BlockStat;28; 528; 112; 8;16;SkipFlag;0
BlockStat;28; 528; 112; 8;16;PredMode;0
BlockStat;28; 528; 112; 8;16;MergeFlag;1
BlockStat;28; 528; 112; 8;16;MergeIdx;36
BlockStat;28; 528; 112; 8;16;MergeType;0
BlockStat;28; 528; 112; 8;16;MMVDMergeFlag;1
BlockStat;28; 528; 112; 8;16;MMVDMergeIdx;36
BlockStat;28; 528; 112; 8;16;MVPIdxL0;255
BlockStat;28; 528; 112; 8;16;RefIdxL0;0
BlockStat;28; 528; 112; 8;16;MVDL0;   0;   0
BlockStat;28; 528; 112; 8;16;MVL0;-108;  12
BlockStat;28; 528; 112; 8;16;Cbf_Y;1
BlockStat;28; 528; 112; 8;16;TransformSkipFlag_Y;0
BlockStat;28; 528; 112; 8;16;Cbf_Cb;0
BlockStat;28; 528; 112; 8;16;Cbf_Cr;0
BlockStat;28; 536; 112; 4;16;Depth;5
BlockStat;28; 536; 112; 4;16;QT_Depth;3
BlockStat;28; 536; 112; 4;16;BT_Depth;2
BlockStat;28; 536; 112; 4;16;MT_Depth;2
BlockStat;28; 536; 112; 4;16;ChromaQPAdj;0
BlockStat;28; 536; 112; 4;16;QP;38
BlockStat;28; 536; 112; 4;16;SplitSeries;3245089
BlockStat;28; 536; 112; 4;16;SkipFlag;0
BlockStat;28; 536; 112; 4;16;PredMode;0
BlockStat;28; 536; 112; 4;16;MergeFlag;1
BlockStat;28; 536; 112; 4;16;MergeIdx;42
BlockStat;28; 536; 112; 4;16;MergeType;0
BlockStat;28; 536; 112; 4;16;MMVDMergeFlag;1
BlockStat;28; 536; 112; 4;16;MMVDMergeIdx;42
BlockStat;28; 536; 112; 4;16;MVPIdxL0;255
BlockStat;28; 536; 112; 4;16;RefIdxL0;0
BlockStat;28; 536; 112; 4;16;MVDL0;   0;   0
BlockStat;28; 536; 112; 4;16;MVL0;  52; -12
BlockStat;28; 536; 112; 4;16;Cbf_Y;1
BlockStat;28; 536; 112; 4;16;TransformSkipFlag_Y;0
BlockStat;28; 536; 112; 4;16;Cbf_Cb;0
BlockStat;28; 536; 112; 4;16;Cbf_Cr;0
BlockStat;28; 540; 112; 4;16;Depth;5
BlockStat;28; 540; 112; 4;16;QT_Depth;3
BlockStat;28; 540; 112; 4;16;BT_Depth;2
BlockStat;28; 540; 112; 4;16;MT_Depth;2
BlockStat;28; 540; 112; 4;16;ChromaQPAdj;0
BlockStat;28; 540; 112; 4;16;QP;38
BlockStat;28; 540; 112; 4;16;SplitSeries;3245089
BlockStat;28; 540; 112; 4;16;SkipFlag;1
BlockStat;28; 540; 112; 4;16;MMVDSkipFlag;0
BlockStat;28; 540; 112; 4;16;PredMode;0
BlockStat;28; 540; 112; 4;16;MergeIdx;12
BlockStat;28; 540; 112; 4;16;MergeType;0
BlockStat;28; 540; 112; 4;16;MMVDMergeFlag;1
BlockStat;28; 540; 112; 4;16;MMVDMergeIdx;12
BlockStat;28; 540; 112; 4;16;MVPIdxL0;255
BlockStat;28; 540; 112; 4;16;RefIdxL0;0
BlockStat;28; 540; 112; 4;16;MVDL0;   0;   0
BlockStat;28; 540; 112; 4;16;MVL0;  60; -12
BlockStat;28; 544;  96;32;16;Depth;3
BlockStat;28; 544;  96;32;16;QT_Depth;2
BlockStat;28; 544;  96;32;16;BT_Depth;1
BlockStat;28; 544;  96;32;16;MT_Depth;1
BlockStat;28; 544;  96;32;16;ChromaQPAdj;0
BlockStat;28; 544;  96;32;16;QP;38
BlockStat;28; 544;  96;32;16;SplitSeries;2081
BlockStat;28; 544;  96;32;16;SkipFlag;1
BlockStat;28; 544;  96;32;16;MMVDSkipFlag;0
BlockStat;28; 544;  96;32;16;PredMode;0
BlockStat;28; 544;  96;32;16;MergeIdx;38
BlockStat;28; 544;  96;32;16;MergeType;0
BlockStat;28; 544;  96;32;16;MMVDMergeFlag;1
BlockStat;28; 544;  96;32;16;MMVDMergeIdx;38
BlockStat;28; 544;  96;32;16;MVPIdxL0;255
BlockStat;28; 544;  96;32;16;RefIdxL0;0
BlockStat;28; 544;  96;32;16;MVDL0;   0;   0
BlockStat;28; 544;  96;32;16;MVL0;  56; -18
BlockStat;28; 544; 112; 8; 8;Depth;5
BlockStat;28; 544; 112; 8; 8;QT_Depth;2
BlockStat;28; 544; 112; 8; 8;BT_Depth;4
BlockStat;28; 544; 112; 8; 8;MT_Depth;3
BlockStat;28; 544; 112; 8; 8;ChromaQPAdj;0
BlockStat;28; 544; 112; 8; 8;QP;38
BlockStat;28; 544; 112; 8; 8;SplitSeries;5310497
BlockStat;28; 544; 112; 8; 8;SkipFlag;1
BlockStat;28; 544; 112; 8; 8;MMVDSkipFlag;0
BlockStat;28; 544; 112; 8; 8;PredMode;0
BlockStat;28; 544; 112; 8; 8;MergeIdx;0
BlockStat;28; 544; 112; 8; 8;MergeType;0
BlockStat;28; 544; 112; 8; 8;MMVDMergeFlag;0
BlockStat;28; 544; 112; 8; 8;AffineFlag;0
BlockStat;28; 544; 112; 8; 8;MVPIdxL0;255
BlockStat;28; 544; 112; 8; 8;RefIdxL0;0
BlockStat;28; 544; 112; 8; 8;MVDL0;   0;   0
BlockStat;28; 544; 112; 8; 8;MVL0;  60; -12
BlockStat;28; 552; 112;16; 8;Depth;5
BlockStat;28; 552; 112;16; 8;QT_Depth;2
BlockStat;28; 552; 112;16; 8;BT_Depth;3
BlockStat;28; 552; 112;16; 8;MT_Depth;3
BlockStat;28; 552; 112;16; 8;ChromaQPAdj;0
BlockStat;28; 552; 112;16; 8;QP;38
BlockStat;28; 552; 112;16; 8;SplitSeries;5310497
BlockStat;28; 552; 112;16; 8;SkipFlag;0
BlockStat;28; 552; 112;16; 8;PredMode;0
BlockStat;28; 552; 112;16; 8;MergeFlag;0
BlockStat;28; 552; 112;16; 8;InterDir;3
BlockStat;28; 552; 112;16; 8;MVPIdxL0;1
BlockStat;28; 552; 112;16; 8;RefIdxL0;0
BlockStat;28; 552; 112;16; 8;MVPIdxL1;0
BlockStat;28; 552; 112;16; 8;RefIdxL1;0
BlockStat;28; 552; 112;16; 8;MVDL0;   0;  16
BlockStat;28; 552; 112;16; 8;MVL0;  48;   0
BlockStat;28; 552; 112;16; 8;MVDL1;   0;   0
BlockStat;28; 552; 112;16; 8;MVL1;  64; -16
BlockStat;28; 552; 112;16; 8;IMVMode;2
BlockStat;28; 552; 112;16; 8;RootCbf;1
BlockStat;28; 552; 112;16; 8;Cbf_Y;1
BlockStat;28; 552; 112;16; 8;TransformSkipFlag_Y;0
BlockStat;28; 552; 112;16; 8;Cbf_Cb;0
BlockStat;28; 552; 112;16; 8;Cbf_Cr;1
BlockStat;28; 568; 112; 8; 8;Depth;5
BlockStat;28; 568; 112; 8; 8;QT_Depth;2
BlockStat;28; 568; 112; 8; 8;BT_Depth;4
BlockStat;28; 568; 112; 8; 8;MT_Depth;3
BlockStat;28; 568; 112; 8; 8;ChromaQPAdj;0
BlockStat;28; 568; 112; 8; 8;QP;38
BlockStat;28; 568; 112; 8; 8;SplitSeries;5310497
BlockStat;28; 568; 112; 8; 8;SkipFlag;1
BlockStat;28; 568; 112; 8; 8;MMVDSkipFlag;0
BlockStat;28; 568; 112; 8; 8;PredMode;0
BlockStat;28; 568; 112; 8; 8;MergeIdx;37
BlockStat;28; 568; 112; 8; 8;MergeType;0
BlockStat;28; 568; 112; 8; 8;MMVDMergeFlag;1
BlockStat;28; 568; 112; 8; 8;MMVDMergeIdx;37
BlockStat;28; 568; 112; 8; 8;MVPIdxL0;255
BlockStat;28; 568; 112; 8; 8;RefIdxL0;0
BlockStat;28; 568; 112; 8; 8;MVDL0;   0;   0
BlockStat;28; 568; 112; 8; 8;MVL0;  54; -18
BlockStat;28; 544; 120;32; 8;Depth;4
BlockStat;28; 544; 120;32; 8;QT_Depth;2
BlockStat;28; 544; 120;32; 8;BT_Depth;2
BlockStat;28; 544; 120;32; 8;MT_Depth;2
BlockStat;28; 544; 120;32; 8;ChromaQPAdj;0
BlockStat;28; 544; 120;32; 8;QP;38
BlockStat;28; 544; 120;32; 8;SplitSeries;67617
BlockStat;28; 544; 120;32; 8;SkipFlag;0
BlockStat;28; 544; 120;32; 8;PredMode;1
BlockStat;28; 544; 120;32; 8;Luma_IntraMode;0
BlockStat;28; 544; 120;32; 8;Chroma_IntraMode;66
BlockStat;28; 544; 120;32; 8;MultiRefIdx;0
BlockStat;28; 544; 120;32; 8;Cbf_Y;1
BlockStat;28; 544; 120;32; 8;TransformSkipFlag_Y;0
BlockStat;28; 544; 120;32; 8;Cbf_Cb;0
BlockStat;28; 544; 120;32; 8;Cbf_Cr;0
BlockStat;28; 576;  64;16;32;Depth;3
BlockStat;28; 576;  64;16;32;QT_Depth;2
BlockStat;28; 576;  64;16;32;BT_Depth;1
BlockStat;28; 576;  64;16;32;MT_Depth;1
BlockStat;28; 576;  64;16;32;ChromaQPAdj;0
BlockStat;28; 576;  64;16;32;QP;38
BlockStat;28; 576;  64;16;32;SplitSeries;3105
BlockStat;28; 576;  64;16;32;SkipFlag;1
BlockStat;28; 576;  64;16;32;MMVDSkipFlag;0
BlockStat;28; 576;  64;16;32;PredMode;0
BlockStat;28; 576;  64;16;32;MergeIdx;1
BlockStat;28; 576;  64;16;32;MergeType;0
BlockStat;28; 576;  64;16;32;MMVDMergeFlag;0
BlockStat;28; 576;  64;16;32;AffineFlag;0
BlockStat;28; 576;  64;16;32;MVPIdxL0;255
BlockStat;28; 576;  64;16;32;RefIdxL0;1
BlockStat;28; 576;  64;16;32;MVPIdxL1;255
BlockStat;28; 576;  64;16;32;RefIdxL1;0
BlockStat;28; 576;  64;16;32;MVDL0;   0;   0
BlockStat;28; 576;  64;16;32;MVL0; 116;  20
BlockStat;28; 576;  64;16;32;MVDL1;   0;   0
BlockStat;28; 576;  64;16;32;MVL1;  48; -16
BlockStat;28; 592;  64;16;32;Depth;3
BlockStat;28; 592;  64;16;32;QT_Depth;2
BlockStat;28; 592;  64;16;32;BT_Depth;1
BlockStat;28; 592;  64;16;32;MT_Depth;1
BlockStat;28; 592;  64;16;32;ChromaQPAdj;0
BlockStat;28; 592;  64;16;32;QP;38
BlockStat;28; 592;  64;16;32;SplitSeries;3105
BlockStat;28; 592;  64;16;32;SkipFlag;0
BlockStat;28; 592;  64;16;32;PredMode;0
BlockStat;28; 592;  64;16;32;MergeFlag;0
BlockStat;28; 592;  64;16;32;InterDir;1
BlockStat;28; 592;  64;16;32;AffineFlag;0
BlockStat;28; 592;  64;16;32;MVPIdxL0;0
BlockStat;28; 592;  64;16;32;RefIdxL0;0
BlockStat;28; 592;  64;16;32;MVDL0;   0;  -4
BlockStat;28; 592;  64;16;32;MVL0;  48; -20
BlockStat;28; 592;  64;16;32;IMVMode;1
BlockStat;28; 592;  64;16;32;RootCbf;1
BlockStat;28; 592;  64;16;16;Cbf_Y;0
BlockStat;28; 592;  64;16;16;TransformSkipFlag_Y;0
BlockStat;28; 592;  64;16;16;Cbf_Cb;0
BlockStat;28; 592;  64;16;16;Cbf_Cr;0
BlockStat;28; 592;  80;16;16;Cbf_Y;2
BlockStat;28; 592;  80;16;16;TransformSkipFlag_Y;0
BlockStat;28; 592;  80;16;16;Cbf_Cb;0
BlockStat;28; 592;  80;16;16;Cbf_Cr;0
BlockStat;28; 608;  64;32;32;Depth;2
BlockStat;28; 608;  64;32;32;QT_Depth;2
BlockStat;28; 608;  64;32;32;BT_Depth;0
BlockStat;28; 608;  64;32;32;MT_Depth;0
BlockStat;28; 608;  64;32;32;ChromaQPAdj;0
BlockStat;28; 608;  64;32;32;QP;38
BlockStat;28; 608;  64;32;32;SplitSeries;33
BlockStat;28; 608;  64;32;32;SkipFlag;0
BlockStat;28; 608;  64;32;32;PredMode;0
BlockStat;28; 608;  64;32;32;MergeFlag;1
BlockStat;28; 608;  64;32;32;MergeIdx;37
BlockStat;28; 608;  64;32;32;MergeType;0
BlockStat;28; 608;  64;32;32;MMVDMergeFlag;1
BlockStat;28; 608;  64;32;32;MMVDMergeIdx;37
BlockStat;28; 608;  64;32;32;MVPIdxL0;255
BlockStat;28; 608;  64;32;32;RefIdxL0;0
BlockStat;28; 608;  64;32;32;MVDL0;   0;   0
BlockStat;28; 608;  64;32;32;MVL0;  50; -23
BlockStat;28; 608;  64;32;32;Cbf_Y;1
BlockStat;28; 608;  64;32;32;TransformSkipFlag_Y;0
BlockStat;28; 608;  64;32;32;Cbf_Cb;0
BlockStat;28; 608;  64;32;32;Cbf_Cr;0
BlockStat;28; 576;  96; 8; 8;Depth;4
BlockStat;28; 576;  96; 8; 8;QT_Depth;2
BlockStat;28; 576;  96; 8; 8;BT_Depth;4
BlockStat;28; 576;  96; 8; 8;MT_Depth;2
BlockStat;28; 576;  96; 8; 8;ChromaQPAdj;0
BlockStat;28; 576;  96; 8; 8;QP;38
BlockStat;28; 576;  96; 8; 8;SplitSeries;136225
BlockStat;28; 576;  96; 8; 8;SkipFlag;1
BlockStat;28; 576;  96; 8; 8;MMVDSkipFlag;0
BlockStat;28; 576;  96; 8; 8;PredMode;0
BlockStat;28; 576;  96; 8; 8;MergeIdx;0
BlockStat;28; 576;  96; 8; 8;MergeType;0
BlockStat;28; 576;  96; 8; 8;MMVDMergeFlag;0
BlockStat;28; 576;  96; 8; 8;AffineFlag;0
BlockStat;28; 576;  96; 8; 8;MVPIdxL0;255
BlockStat;28; 576;  96; 8; 8;RefIdxL0;0
BlockStat;28; 576;  96; 8; 8;MVDL0;   0;   0
BlockStat;28; 576;  96; 8; 8;MVL0;  56; -18
BlockStat;28; 576; 104; 8;16;Depth;4
BlockStat;28; 576; 104; 8;16;QT_Depth;2
BlockStat;28; 576; 104; 8;16;BT_Depth;3
BlockStat;28; 576; 104; 8;16;MT_Depth;2
BlockStat;28; 576; 104; 8;16;ChromaQPAdj;0
BlockStat;28; 576; 104; 8;16;QP;38
BlockStat;28; 576; 104; 8;16;SplitSeries;136225
BlockStat;28; 576; 104; 8;16;SkipFlag;1
BlockStat;28; 576; 104; 8;16;MMVDSkipFlag;0
BlockStat;28; 576; 104; 8;16;PredMode;0
BlockStat;28; 576; 104; 8;16;MergeIdx;3
BlockStat;28; 576; 104; 8;16;MergeType;0
BlockStat;28; 576; 104; 8;16;MMVDMergeFlag;0
BlockStat;28; 576; 104; 8;16;AffineFlag;0
BlockStat;28; 576; 104; 8;16;MVPIdxL0;255
BlockStat;28; 576; 104; 8;16;RefIdxL0;0
BlockStat;28; 576; 104; 8;16;MVDL0;   0;   0
BlockStat;28; 576; 104; 8;16;MVL0;  50; -23
BlockStat;28; 576; 120; 8; 8;Depth;4
BlockStat;28; 576; 120; 8; 8;QT_Depth;2
BlockStat;28; 576; 120; 8; 8;BT_Depth;4
BlockStat;28; 576; 120; 8; 8;MT_Depth;2
BlockStat;28; 576; 120; 8; 8;ChromaQPAdj;0
BlockStat;28; 576; 120; 8; 8;QP;38
BlockStat;28; 576; 120; 8; 8;SplitSeries;136225
BlockStat;28; 576; 120; 8; 8;SkipFlag;0
BlockStat;28; 576; 120; 8; 8;PredMode;1
BlockStat;28; 576; 120; 8; 8;Luma_IntraMode;0
BlockStat;28; 576; 120; 8; 8;Chroma_IntraMode;0
BlockStat;28; 576; 120; 8; 8;MultiRefIdx;0
BlockStat;28; 576; 120; 8; 8;Cbf_Y;1
BlockStat;28; 576; 120; 8; 8;TransformSkipFlag_Y;0
BlockStat;28; 576; 120; 8; 8;Cbf_Cb;0
BlockStat;28; 576; 120; 8; 8;Cbf_Cr;0
BlockStat;28; 584;  96;16;32;Depth;3
BlockStat;28; 584;  96;16;32;QT_Depth;2
BlockStat;28; 584;  96;16;32;BT_Depth;1
BlockStat;28; 584;  96;16;32;MT_Depth;1
BlockStat;28; 584;  96;16;32;ChromaQPAdj;0
BlockStat;28; 584;  96;16;32;QP;38
BlockStat;28; 584;  96;16;32;SplitSeries;5153
BlockStat;28; 584;  96;16;32;SkipFlag;0
BlockStat;28; 584;  96;16;32;PredMode;0
BlockStat;28; 584;  96;16;32;MergeFlag;0
BlockStat;28; 584;  96;16;32;InterDir;1
BlockStat;28; 584;  96;16;32;AffineFlag;1
BlockStat;28; 584;  96;16;32;AffineType;0
BlockStat;28; 584;  96;16;32;MVPIdxL0;0
BlockStat;28; 584;  96;16;32;RefIdxL0;0
BlockStat;28; 584;  96;16;32;AffineMVL0;  46;   5;  31;   2;  53; -30
BlockStat;28; 584;  96;16;32;RootCbf;1
BlockStat;28; 584;  96;16;32;Cbf_Y;1
BlockStat;28; 584;  96;16;32;TransformSkipFlag_Y;0
BlockStat;28; 584;  96;16;32;Cbf_Cb;1
BlockStat;28; 584;  96;16;32;Cbf_Cr;0
BlockStat;28; 600;  96; 8;16;Depth;4
BlockStat;28; 600;  96; 8;16;QT_Depth;2
BlockStat;28; 600;  96; 8;16;BT_Depth;3
BlockStat;28; 600;  96; 8;16;MT_Depth;2
BlockStat;28; 600;  96; 8;16;ChromaQPAdj;0
BlockStat;28; 600;  96; 8;16;QP;38
BlockStat;28; 600;  96; 8;16;SplitSeries;70689
BlockStat;28; 600;  96; 8;16;SkipFlag;0
BlockStat;28; 600;  96; 8;16;PredMode;0
BlockStat;28; 600;  96; 8;16;MergeFlag;1
BlockStat;28; 600;  96; 8;16;MergeIdx;1
BlockStat;28; 600;  96; 8;16;MergeType;0
BlockStat;28; 600;  96; 8;16;MMVDMergeFlag;0
BlockStat;28; 600;  96; 8;16;AffineFlag;0
BlockStat;28; 600;  96; 8;16;MHIntraFlag;1
BlockStat;28; 600;  96; 8;16;Luma_IntraMode;0
BlockStat;28; 600;  96; 8;16;Chroma_IntraMode;70
BlockStat;28; 600;  96; 8;16;MVPIdxL0;255
BlockStat;28; 600;  96; 8;16;RefIdxL0;0
BlockStat;28; 600;  96; 8;16;MVDL0;   0;   0
BlockStat;28; 600;  96; 8;16;MVL0;  48; -20
BlockStat;28; 600;  96; 8;16;Cbf_Y;1
BlockStat;28; 600;  96; 8;16;TransformSkipFlag_Y;0
BlockStat;28; 600;  96; 8;16;Cbf_Cb;0
BlockStat;28; 600;  96; 8;16;Cbf_Cr;0
BlockStat;28; 600; 112; 8; 4;Depth;5
BlockStat;28; 600; 112; 8; 4;QT_Depth;2
BlockStat;28; 600; 112; 8; 4;BT_Depth;5
BlockStat;28; 600; 112; 8; 4;MT_Depth;3
BlockStat;28; 600; 112; 8; 4;ChromaQPAdj;0
BlockStat;28; 600; 112; 8; 4;QP;38
BlockStat;28; 600; 112; 8; 4;SplitSeries;4264993
BlockStat;28; 600; 112; 8; 4;SkipFlag;1
BlockStat;28; 600; 112; 8; 4;MMVDSkipFlag;0
BlockStat;28; 600; 112; 8; 4;PredMode;0
BlockStat;28; 600; 112; 8; 4;MergeIdx;41
BlockStat;28; 600; 112; 8; 4;MergeType;0
BlockStat;28; 600; 112; 8; 4;MMVDMergeFlag;1
BlockStat;28; 600; 112; 8; 4;MMVDMergeIdx;41
BlockStat;28; 600; 112; 8; 4;MVPIdxL0;255
BlockStat;28; 600; 112; 8; 4;RefIdxL0;0
BlockStat;28; 600; 112; 8; 4;MVDL0;   0;   0
BlockStat;28; 600; 112; 8; 4;MVL0;  44; -20
BlockStat;28; 600; 116; 8; 8;Depth;5
BlockStat;28; 600; 116; 8; 8;QT_Depth;2
BlockStat;28; 600; 116; 8; 8;BT_Depth;4
BlockStat;28; 600; 116; 8; 8;MT_Depth;3
BlockStat;28; 600; 116; 8; 8;ChromaQPAdj;0
BlockStat;28; 600; 116; 8; 8;QP;38
BlockStat;28; 600; 116; 8; 8;SplitSeries;4264993
BlockStat;28; 600; 116; 8; 8;SkipFlag;1
BlockStat;28; 600; 116; 8; 8;MMVDSkipFlag;0
BlockStat;28; 600; 116; 8; 8;PredMode;0
BlockStat;28; 600; 116; 8; 8;MergeIdx;5
BlockStat;28; 600; 116; 8; 8;MergeType;0
BlockStat;28; 600; 116; 8; 8;MMVDMergeFlag;0
BlockStat;28; 600; 116; 8; 8;AffineFlag;0
BlockStat;28; 600; 116; 8; 8;MVPIdxL0;255
BlockStat;28; 600; 116; 8; 8;RefIdxL0;0
BlockStat;28; 600; 116; 8; 8;MVDL0;   0;   0
BlockStat;28; 600; 116; 8; 8;MVL0;  41; -24
BlockStat;28; 600; 124; 8; 4;Depth;5
BlockStat;28; 600; 124; 8; 4;QT_Depth;2
BlockStat;28; 600; 124; 8; 4;BT_Depth;5
BlockStat;28; 600; 124; 8; 4;MT_Depth;3
BlockStat;28; 600; 124; 8; 4;ChromaQPAdj;0
BlockStat;28; 600; 124; 8; 4;QP;38
BlockStat;28; 600; 124; 8; 4;SplitSeries;4264993
BlockStat;28; 600; 124; 8; 4;SkipFlag;1
BlockStat;28; 600; 124; 8; 4;MMVDSkipFlag;0
BlockStat;28; 600; 124; 8; 4;PredMode;0
BlockStat;28; 600; 124; 8; 4;MergeIdx;0
BlockStat;28; 600; 124; 8; 4;MergeType;0
BlockStat;28; 600; 124; 8; 4;MMVDMergeFlag;0
BlockStat;28; 600; 124; 8; 4;MVPIdxL0;255
BlockStat;28; 600; 124; 8; 4;RefIdxL0;0
BlockStat;28; 600; 124; 8; 4;MVDL0;   0;   0
BlockStat;28; 600; 124; 8; 4;MVL0;  38; -33
BlockStat;28; 608;  96;16;16;Depth;3
BlockStat;28; 608;  96;16;16;QT_Depth;3
BlockStat;28; 608;  96;16;16;BT_Depth;0
BlockStat;28; 608;  96;16;16;MT_Depth;0
BlockStat;28; 608;  96;16;16;ChromaQPAdj;0
BlockStat;28; 608;  96;16;16;QP;38
BlockStat;28; 608;  96;16;16;SplitSeries;1057
BlockStat;28; 608;  96;16;16;SkipFlag;0
BlockStat;28; 608;  96;16;16;PredMode;0
BlockStat;28; 608;  96;16;16;MergeFlag;1
BlockStat;28; 608;  96;16;16;MergeIdx;1
BlockStat;28; 608;  96;16;16;MergeType;0
BlockStat;28; 608;  96;16;16;MMVDMergeFlag;0
BlockStat;28; 608;  96;16;16;AffineFlag;0
BlockStat;28; 608;  96;16;16;MHIntraFlag;1
BlockStat;28; 608;  96;16;16;Luma_IntraMode;0
BlockStat;28; 608;  96;16;16;Chroma_IntraMode;70
BlockStat;28; 608;  96;16;16;MVPIdxL0;255
BlockStat;28; 608;  96;16;16;RefIdxL0;0
BlockStat;28; 608;  96;16;16;MVDL0;   0;   0
BlockStat;28; 608;  96;16;16;MVL0;  50; -23
BlockStat;28; 608;  96;16;16;Cbf_Y;1
BlockStat;28; 608;  96;16;16;TransformSkipFlag_Y;0
BlockStat;28; 608;  96;16;16;Cbf_Cb;0
BlockStat;28; 608;  96;16;16;Cbf_Cr;0
BlockStat;28; 624;  96;16;16;Depth;3
BlockStat;28; 624;  96;16;16;QT_Depth;3
BlockStat;28; 624;  96;16;16;BT_Depth;0
BlockStat;28; 624;  96;16;16;MT_Depth;0
BlockStat;28; 624;  96;16;16;ChromaQPAdj;0
BlockStat;28; 624;  96;16;16;QP;38
BlockStat;28; 624;  96;16;16;SplitSeries;1057
BlockStat;28; 624;  96;16;16;SkipFlag;0
BlockStat;28; 624;  96;16;16;PredMode;0
BlockStat;28; 624;  96;16;16;MergeFlag;0
BlockStat;28; 624;  96;16;16;InterDir;1
BlockStat;28; 624;  96;16;16;AffineFlag;0
BlockStat;28; 624;  96;16;16;MVPIdxL0;0
BlockStat;28; 624;  96;16;16;RefIdxL0;0
BlockStat;28; 624;  96;16;16;MVDL0;   0;  -4
BlockStat;28; 624;  96;16;16;MVL0;  48; -28
BlockStat;28; 624;  96;16;16;IMVMode;1
BlockStat;28; 624;  96;16;16;RootCbf;1
BlockStat;28; 624;  96;16; 8;Cbf_Y;0
BlockStat;28; 624;  96;16; 8;TransformSkipFlag_Y;0
BlockStat;28; 624;  96;16; 8;Cbf_Cb;0
BlockStat;28; 624;  96;16; 8;Cbf_Cr;0
BlockStat;28; 624; 104;16; 8;Cbf_Y;2
BlockStat;28; 624; 104;16; 8;TransformSkipFlag_Y;0
BlockStat;28; 624; 104;16; 8;Cbf_Cb;0
BlockStat;28; 624; 104;16; 8;Cbf_Cr;2
BlockStat;28; 608; 112; 8;16;Depth;4
BlockStat;28; 608; 112; 8;16;QT_Depth;3
BlockStat;28; 608; 112; 8;16;BT_Depth;1
BlockStat;28; 608; 112; 8;16;MT_Depth;1
BlockStat;28; 608; 112; 8;16;ChromaQPAdj;0
BlockStat;28; 608; 112; 8;16;QP;38
BlockStat;28; 608; 112; 8;16;SplitSeries;99361
BlockStat;28; 608; 112; 8;16;SkipFlag;0
BlockStat;28; 608; 112; 8;16;PredMode;0
BlockStat;28; 608; 112; 8;16;MergeFlag;0
BlockStat;28; 608; 112; 8;16;InterDir;1
BlockStat;28; 608; 112; 8;16;MVPIdxL0;0
BlockStat;28; 608; 112; 8;16;RefIdxL0;1
BlockStat;28; 608; 112; 8;16;MVDL0;  12; -44
BlockStat;28; 608; 112; 8;16;MVL0;  96;   8
BlockStat;28; 608; 112; 8;16;IMVMode;1
BlockStat;28; 608; 112; 8;16;RootCbf;1
BlockStat;28; 608; 112; 8;16;Cbf_Y;1
BlockStat;28; 608; 112; 8;16;TransformSkipFlag_Y;0
BlockStat;28; 608; 112; 8;16;Cbf_Cb;0
BlockStat;28; 608; 112; 8;16;Cbf_Cr;0
BlockStat;28; 616; 112; 8;16;Depth;4
BlockStat;28; 616; 112; 8;16;QT_Depth;3
BlockStat;28; 616; 112; 8;16;BT_Depth;1
BlockStat;28; 616; 112; 8;16;MT_Depth;1
BlockStat;28; 616; 112; 8;16;ChromaQPAdj;0
BlockStat;28; 616; 112; 8;16;QP;38
BlockStat;28; 616; 112; 8;16;SplitSeries;99361
BlockStat;28; 616; 112; 8;16;SkipFlag;1
BlockStat;28; 616; 112; 8;16;MMVDSkipFlag;0
BlockStat;28; 616; 112; 8;16;PredMode;0
BlockStat;28; 616; 112; 8;16;MergeIdx;0
BlockStat;28; 616; 112; 8;16;MergeType;0
BlockStat;28; 616; 112; 8;16;MMVDMergeFlag;0
BlockStat;28; 616; 112; 8;16;AffineFlag;0
BlockStat;28; 616; 112; 8;16;MVPIdxL0;255
BlockStat;28; 616; 112; 8;16;RefIdxL0;1
BlockStat: POC 28 @( 616, 112) [ 8x16] TrianglePartitioning={   0,   0,   8,  16}
BlockStat: POC 28 @[(616, 112)--(624, 112)--(624, 128)--] TriangleMVL0={  48, -28}
BlockStat: POC 28 @[(616, 112)--(616, 128)--(624, 128)--] TriangleMVL0={  96,   8}
BlockStat;28; 624; 112; 8; 8;Depth;5
BlockStat;28; 624; 112; 8; 8;QT_Depth;3
BlockStat;28; 624; 112; 8; 8;BT_Depth;2
BlockStat;28; 624; 112; 8; 8;MT_Depth;2
BlockStat;28; 624; 112; 8; 8;ChromaQPAdj;0
BlockStat;28; 624; 112; 8; 8;QP;38
BlockStat;28; 624; 112; 8; 8;SplitSeries;2196513
BlockStat;28; 624; 112; 8; 8;SkipFlag;1
BlockStat;28; 624; 112; 8; 8;MMVDSkipFlag;0
BlockStat;28; 624; 112; 8; 8;PredMode;0
BlockStat;28; 624; 112; 8; 8;MergeIdx;0
BlockStat;28; 624; 112; 8; 8;MergeType;0
BlockStat;28; 624; 112; 8; 8;MMVDMergeFlag;0
BlockStat;28; 624; 112; 8; 8;AffineFlag;0
BlockStat;28; 624; 112; 8; 8;MVPIdxL0;255
BlockStat;28; 624; 112; 8; 8;RefIdxL0;0
BlockStat;28; 624; 112; 8; 8;MVDL0;   0;   0
BlockStat;28; 624; 112; 8; 8;MVL0;  48; -28
BlockStat;28; 624; 120; 8; 8;Depth;5
BlockStat;28; 624; 120; 8; 8;QT_Depth;3
BlockStat;28; 624; 120; 8; 8;BT_Depth;2
BlockStat;28; 624; 120; 8; 8;MT_Depth;2
BlockStat;28; 624; 120; 8; 8;ChromaQPAdj;0
BlockStat;28; 624; 120; 8; 8;QP;38
BlockStat;28; 624; 120; 8; 8;SplitSeries;2196513
BlockStat;28; 624; 120; 8; 8;SkipFlag;1
BlockStat;28; 624; 120; 8; 8;MMVDSkipFlag;0
BlockStat;28; 624; 120; 8; 8;PredMode;0
BlockStat;28; 624; 120; 8; 8;MergeIdx;1
BlockStat;28; 624; 120; 8; 8;MergeType;0
BlockStat;28; 624; 120; 8; 8;MMVDMergeFlag;0
BlockStat;28; 624; 120; 8; 8;AffineFlag;0
BlockStat;28; 624; 120; 8; 8;MVPIdxL0;255
BlockStat;28; 624; 120; 8; 8;RefIdxL0;0
BlockStat: POC 28 @( 624, 120) [ 8x 8] TrianglePartitioning={   0,   8,   8,   0}
BlockStat: POC 28 @[(624, 120)--(632, 120)--(624, 128)--] TriangleMVL0={  96,   8}
BlockStat: POC 28 @[(632, 120)--(624, 128)--(632, 128)--] TriangleMVL0={  48, -28}
BlockStat;28; 632; 112; 8;16;Depth;4
BlockStat;28; 632; 112; 8;16;QT_Depth;3
BlockStat;28; 632; 112; 8;16;BT_Depth;1
BlockStat;28; 632; 112; 8;16;MT_Depth;1
BlockStat;28; 632; 112; 8;16;ChromaQPAdj;0
BlockStat;28; 632; 112; 8;16;QP;38
BlockStat;28; 632; 112; 8;16;SplitSeries;99361
BlockStat;28; 632; 112; 8;16;SkipFlag;0
BlockStat;28; 632; 112; 8;16;PredMode;0
BlockStat;28; 632; 112; 8;16;MergeFlag;1
BlockStat;28; 632; 112; 8;16;MergeIdx;0
BlockStat;28; 632; 112; 8;16;MergeType;0
BlockStat;28; 632; 112; 8;16;MMVDMergeFlag;0
BlockStat;28; 632; 112; 8;16;AffineFlag;0
BlockStat;28; 632; 112; 8;16;MHIntraFlag;1
BlockStat;28; 632; 112; 8;16;Luma_IntraMode;0
BlockStat;28; 632; 112; 8;16;Chroma_IntraMode;70
BlockStat;28; 632; 112; 8;16;MVPIdxL0;255
BlockStat;28; 632; 112; 8;16;RefIdxL0;0
BlockStat;28; 632; 112; 8;16;MVDL0;   0;   0
BlockStat;28; 632; 112; 8;16;MVL0;  48; -28
BlockStat;28; 632; 112; 8;16;Cbf_Y;0
BlockStat;28; 632; 112; 8;16;TransformSkipFlag_Y;0
BlockStat;28; 632; 112; 8;16;Cbf_Cb;0
BlockStat;28; 632; 112; 8;16;Cbf_Cr;1
BlockStat;28; 640;   0;32;16;Depth;3
BlockStat;28; 640;   0;32;16;QT_Depth;2
BlockStat;28; 640;   0;32;16;BT_Depth;1
BlockStat;28; 640;   0;32;16;MT_Depth;1
BlockStat;28; 640;   0;32;16;ChromaQPAdj;0
BlockStat;28; 640;   0;32;16;QP;38
BlockStat;28; 640;   0;32;16;SplitSeries;2081
BlockStat;28; 640;   0;32;16;SkipFlag;0
BlockStat;28; 640;   0;32;16;PredMode;0
BlockStat;28; 640;   0;32;16;MergeFlag;1
BlockStat;28; 640;   0;32;16;MergeIdx;8
BlockStat;28; 640;   0;32;16;MergeType;0
BlockStat;28; 640;   0;32;16;MMVDMergeFlag;1
BlockStat;28; 640;   0;32;16;MMVDMergeIdx;8
BlockStat;28; 640;   0;32;16;MVPIdxL0;255
BlockStat;28; 640;   0;32;16;RefIdxL0;1
BlockStat;28; 640;   0;32;16;MVDL0;   0;   0
BlockStat;28; 640;   0;32;16;MVL0; 127;  13
BlockStat;28; 640;   0;32;16;Cbf_Y;1
BlockStat;28; 640;   0;32;16;TransformSkipFlag_Y;0
BlockStat;28; 640;   0;32;16;Cbf_Cb;0
BlockStat;28; 640;   0;32;16;Cbf_Cr;0
BlockStat;28; 640;  16;32;16;Depth;3
BlockStat;28; 640;  16;32;16;QT_Depth;2
BlockStat;28; 640;  16;32;16;BT_Depth;1
BlockStat;28; 640;  16;32;16;MT_Depth;1
BlockStat;28; 640;  16;32;16;ChromaQPAdj;0
BlockStat;28; 640;  16;32;16;QP;38
BlockStat;28; 640;  16;32;16;SplitSeries;2081
BlockStat;28; 640;  16;32;16;SkipFlag;0
BlockStat;28; 640;  16;32;16;PredMode;0
BlockStat;28; 640;  16;32;16;MergeFlag;1
BlockStat;28; 640;  16;32;16;MergeIdx;8
BlockStat;28; 640;  16;32;16;MergeType;0
BlockStat;28; 640;  16;32;16;MMVDMergeFlag;1
BlockStat;28; 640;  16;32;16;MMVDMergeIdx;8
BlockStat;28; 640;  16;32;16;MVPIdxL0;255
BlockStat;28; 640;  16;32;16;RefIdxL0;0
BlockStat;28; 640;  16;32;16;MVDL0;   0;   0
BlockStat;28; 640;  16;32;16;MVL0;  56; -23
BlockStat;28; 640;  16;32;16;Cbf_Y;1
BlockStat;28; 640;  16;32;16;TransformSkipFlag_Y;0
BlockStat;28; 640;  16;32;16;Cbf_Cb;0
BlockStat;28; 640;  16;32;16;Cbf_Cr;0
BlockStat;28; 672;   0; 8;32;Depth;3
BlockStat;28; 672;   0; 8;32;QT_Depth;2
BlockStat;28; 672;   0; 8;32;BT_Depth;2
BlockStat;28; 672;   0; 8;32;MT_Depth;1
BlockStat;28; 672;   0; 8;32;ChromaQPAdj;0
BlockStat;28; 672;   0; 8;32;QP;38
BlockStat;28; 672;   0; 8;32;SplitSeries;5153
BlockStat;28; 672;   0; 8;32;SkipFlag;0
BlockStat;28; 672;   0; 8;32;PredMode;0
BlockStat;28; 672;   0; 8;32;MergeFlag;1
BlockStat;28; 672;   0; 8;32;MergeIdx;0
BlockStat;28; 672;   0; 8;32;MergeType;0
BlockStat;28; 672;   0; 8;32;MMVDMergeFlag;0
BlockStat;28; 672;   0; 8;32;AffineFlag;0
BlockStat;28; 672;   0; 8;32;MHIntraFlag;0
BlockStat;28; 672;   0; 8;32;MVPIdxL0;255
BlockStat;28; 672;   0; 8;32;RefIdxL0;0
BlockStat;28; 672;   0; 8;32;MVDL0;   0;   0
BlockStat;28; 672;   0; 8;32;MVL0;  56; -23
BlockStat;28; 672;   0; 8;32;Cbf_Y;1
BlockStat;28; 672;   0; 8;32;TransformSkipFlag_Y;0
BlockStat;28; 672;   0; 8;32;Cbf_Cb;0
BlockStat;28; 672;   0; 8;32;Cbf_Cr;0
BlockStat;28; 680;   0;16;32;Depth;3
BlockStat;28; 680;   0;16;32;QT_Depth;2
BlockStat;28; 680;   0;16;32;BT_Depth;1
BlockStat;28; 680;   0;16;32;MT_Depth;1
BlockStat;28; 680;   0;16;32;ChromaQPAdj;0
BlockStat;28; 680;   0;16;32;QP;38
BlockStat;28; 680;   0;16;32;SplitSeries;5153
BlockStat;28; 680;   0;16;32;SkipFlag;0
BlockStat;28; 680;   0;16;32;PredMode;0
BlockStat;28; 680;   0;16;32;MergeFlag;1
BlockStat;28; 680;   0;16;32;MergeIdx;0
BlockStat;28; 680;   0;16;32;MergeType;0
BlockStat;28; 680;   0;16;32;MMVDMergeFlag;0
BlockStat;28; 680;   0;16;32;AffineFlag;0
BlockStat;28; 680;   0;16;32;MHIntraFlag;0
BlockStat;28; 680;   0;16;32;MVPIdxL0;255
BlockStat;28; 680;   0;16;32;RefIdxL0;0
BlockStat;28; 680;   0;16;32;MVDL0;   0;   0
BlockStat;28; 680;   0;16;32;MVL0;  56; -23
BlockStat;28; 680;   0;16;32;Cbf_Y;1
BlockStat;28; 680;   0;16;32;TransformSkipFlag_Y;0
BlockStat;28; 680;   0;16;32;Cbf_Cb;0
BlockStat;28; 680;   0;16;32;Cbf_Cr;0
BlockStat;28; 696;   0; 8;16;Depth;4
BlockStat;28; 696;   0; 8;16;QT_Depth;2
BlockStat;28; 696;   0; 8;16;BT_Depth;3
BlockStat;28; 696;   0; 8;16;MT_Depth;2
BlockStat;28; 696;   0; 8;16;ChromaQPAdj;0
BlockStat;28; 696;   0; 8;16;QP;38
BlockStat;28; 696;   0; 8;16;SplitSeries;70689
BlockStat;28; 696;   0; 8;16;SkipFlag;1
BlockStat;28; 696;   0; 8;16;MMVDSkipFlag;0
BlockStat;28; 696;   0; 8;16;PredMode;0
BlockStat;28; 696;   0; 8;16;MergeIdx;1
BlockStat;28; 696;   0; 8;16;MergeType;0
BlockStat;28; 696;   0; 8;16;MMVDMergeFlag;0
BlockStat;28; 696;   0; 8;16;AffineFlag;1
BlockStat;28; 696;   0; 8;16;MVPIdxL0;0
BlockStat;28; 696;   0; 8;16;RefIdxL0;0
BlockStat;28; 696;   0; 8;16;AffineMVL0;  51; -13;  41;   8;  51; -13
BlockStat;28; 696;  16; 8; 8;Depth;5
BlockStat;28; 696;  16; 8; 8;QT_Depth;2
BlockStat;28; 696;  16; 8; 8;BT_Depth;4
BlockStat;28; 696;  16; 8; 8;MT_Depth;3
BlockStat;28; 696;  16; 8; 8;ChromaQPAdj;0
BlockStat;28; 696;  16; 8; 8;QP;38
BlockStat;28; 696;  16; 8; 8;SplitSeries;2167841
BlockStat;28; 696;  16; 8; 8;SkipFlag;0
BlockStat;28; 696;  16; 8; 8;PredMode;0
BlockStat;28; 696;  16; 8; 8;MergeFlag;1
BlockStat;28; 696;  16; 8; 8;MergeIdx;2
BlockStat;28; 696;  16; 8; 8;MergeType;0
BlockStat;28; 696;  16; 8; 8;MMVDMergeFlag;0
BlockStat;28; 696;  16; 8; 8;AffineFlag;1
BlockStat;28; 696;  16; 8; 8;MVPIdxL0;0
BlockStat;28; 696;  16; 8; 8;RefIdxL0;0
BlockStat;28; 696;  16; 8; 8;AffineMVL0;  52; -16;  45;   0;  52; -16
BlockStat;28; 696;  16; 4; 8;Cbf_Y;0
BlockStat;28; 696;  16; 4; 8;TransformSkipFlag_Y;0
BlockStat;28; 696;  16; 4; 8;Cbf_Cb;0
BlockStat;28; 696;  16; 4; 8;Cbf_Cr;0
BlockStat;28; 700;  16; 4; 8;Cbf_Y;2
BlockStat;28; 700;  16; 4; 8;TransformSkipFlag_Y;0
BlockStat;28; 700;  16; 4; 8;Cbf_Cb;0
BlockStat;28; 700;  16; 4; 8;Cbf_Cr;0
BlockStat;28; 696;  24; 8; 8;Depth;5
BlockStat;28; 696;  24; 8; 8;QT_Depth;2
BlockStat;28; 696;  24; 8; 8;BT_Depth;4
BlockStat;28; 696;  24; 8; 8;MT_Depth;3
BlockStat;28; 696;  24; 8; 8;ChromaQPAdj;0
BlockStat;28; 696;  24; 8; 8;QP;38
BlockStat;28; 696;  24; 8; 8;SplitSeries;2167841
BlockStat;28; 696;  24; 8; 8;SkipFlag;0
BlockStat;28; 696;  24; 8; 8;PredMode;0
BlockStat;28; 696;  24; 8; 8;MergeFlag;0
BlockStat;28; 696;  24; 8; 8;InterDir;1
BlockStat;28; 696;  24; 8; 8;MVPIdxL0;0
BlockStat;28; 696;  24; 8; 8;RefIdxL0;0
BlockStat;28; 696;  24; 8; 8;MVDL0;   4;  12
BlockStat;28; 696;  24; 8; 8;MVL0;  60; -12
BlockStat;28; 696;  24; 8; 8;IMVMode;1
BlockStat;28; 696;  24; 8; 8;RootCbf;0
BlockStat;28; 640;  32;32;32;Depth;2
BlockStat;28; 640;  32;32;32;QT_Depth;2
BlockStat;28; 640;  32;32;32;BT_Depth;0
BlockStat;28; 640;  32;32;32;MT_Depth;0
BlockStat;28; 640;  32;32;32;ChromaQPAdj;0
BlockStat;28; 640;  32;32;32;QP;38
BlockStat;28; 640;  32;32;32;SplitSeries;33
BlockStat;28; 640;  32;32;32;SkipFlag;0
BlockStat;28; 640;  32;32;32;PredMode;0
BlockStat;28; 640;  32;32;32;MergeFlag;1
BlockStat;28; 640;  32;32;32;MergeIdx;37
BlockStat;28; 640;  32;32;32;MergeType;0
BlockStat;28; 640;  32;32;32;MMVDMergeFlag;1
BlockStat;28; 640;  32;32;32;MMVDMergeIdx;37
BlockStat;28; 640;  32;32;32;MVPIdxL0;255
BlockStat;28; 640;  32;32;32;RefIdxL0;0
BlockStat;28; 640;  32;32;32;MVDL0;   0;   0
BlockStat;28; 640;  32;32;32;MVL0;  54; -23
BlockStat;28; 640;  32;32;32;Cbf_Y;1
BlockStat;28; 640;  32;32;32;TransformSkipFlag_Y;0
BlockStat;28; 640;  32;32;32;Cbf_Cb;0
BlockStat;28; 640;  32;32;32;Cbf_Cr;1
BlockStat;28; 672;  32;16;16;Depth;4
BlockStat;28; 672;  32;16;16;QT_Depth;2
BlockStat;28; 672;  32;16;16;BT_Depth;2
BlockStat;28; 672;  32;16;16;MT_Depth;2
BlockStat;28; 672;  32;16;16;ChromaQPAdj;0
BlockStat;28; 672;  32;16;16;QP;38
BlockStat;28; 672;  32;16;16;SplitSeries;68641
BlockStat;28; 672;  32;16;16;SkipFlag;0
BlockStat;28; 672;  32;16;16;PredMode;0
BlockStat;28; 672;  32;16;16;MergeFlag;1
BlockStat;28; 672;  32;16;16;MergeIdx;1
BlockStat;28; 672;  32;16;16;MergeType;0
BlockStat;28; 672;  32;16;16;MMVDMergeFlag;0
BlockStat;28; 672;  32;16;16;AffineFlag;1
BlockStat;28; 672;  32;16;16;MVPIdxL0;0
BlockStat;28; 672;  32;16;16;RefIdxL0;0
BlockStat;28; 672;  32;16;16;AffineMVL0;  56; -23;  56; -23;  54; -23
BlockStat;28; 672;  32;16;16;Cbf_Y;1
BlockStat;28; 672;  32;16;16;TransformSkipFlag_Y;0
BlockStat;28; 672;  32;16;16;Cbf_Cb;0
BlockStat;28; 672;  32;16;16;Cbf_Cr;0
BlockStat;28; 672;  48;16;16;Depth;4
BlockStat;28; 672;  48;16;16;QT_Depth;2
BlockStat;28; 672;  48;16;16;BT_Depth;2
BlockStat;28; 672;  48;16;16;MT_Depth;2
BlockStat;28; 672;  48;16;16;ChromaQPAdj;0
BlockStat;28; 672;  48;16;16;QP;38
BlockStat;28; 672;  48;16;16;SplitSeries;68641
BlockStat;28; 672;  48;16;16;SkipFlag;0
BlockStat;28; 672;  48;16;16;PredMode;0
BlockStat;28; 672;  48;16;16;MergeFlag;1
BlockStat;28; 672;  48;16;16;MergeIdx;4
BlockStat;28; 672;  48;16;16;MergeType;0
BlockStat;28; 672;  48;16;16;MMVDMergeFlag;0
BlockStat;28; 672;  48;16;16;AffineFlag;0
BlockStat;28; 672;  48;16;16;MHIntraFlag;1
BlockStat;28; 672;  48;16;16;Luma_IntraMode;0
BlockStat;28; 672;  48;16;16;Chroma_IntraMode;70
BlockStat;28; 672;  48;16;16;MVPIdxL0;255
BlockStat;28; 672;  48;16;16;RefIdxL0;0
BlockStat;28; 672;  48;16;16;MVDL0;   0;   0
BlockStat;28; 672;  48;16;16;MVL0;  56; -23
BlockStat;28; 672;  48;16;16;Cbf_Y;1
BlockStat;28; 672;  48;16;16;TransformSkipFlag_Y;0
BlockStat;28; 672;  48;16;16;Cbf_Cb;0
BlockStat;28; 672;  48;16;16;Cbf_Cr;0
BlockStat;28; 688;  32;16;32;Depth;3
BlockStat;28; 688;  32;16;32;QT_Depth;2
BlockStat;28; 688;  32;16;32;BT_Depth;1
BlockStat;28; 688;  32;16;32;MT_Depth;1
BlockStat;28; 688;  32;16;32;ChromaQPAdj;0
BlockStat;28; 688;  32;16;32;QP;38
BlockStat;28; 688;  32;16;32;SplitSeries;3105
BlockStat;28; 688;  32;16;32;SkipFlag;0
BlockStat;28; 688;  32;16;32;PredMode;0
BlockStat;28; 688;  32;16;32;MergeFlag;0
BlockStat;28; 688;  32;16;32;InterDir;1
BlockStat;28; 688;  32;16;32;AffineFlag;1
BlockStat;28; 688;  32;16;32;AffineType;1
BlockStat;28; 688;  32;16;32;MVPIdxL0;0
BlockStat;28; 688;  32;16;32;RefIdxL0;0
BlockStat;28; 688;  32;16;32;AffineMVL0;  57; -24;  63; -21;  50; -24
BlockStat;28; 688;  32;16;32;RootCbf;1
BlockStat;28; 688;  32;16;16;Cbf_Y;2
BlockStat;28; 688;  32;16;16;TransformSkipFlag_Y;0
BlockStat;28; 688;  32;16;16;Cbf_Cb;0
BlockStat;28; 688;  32;16;16;Cbf_Cr;0
BlockStat;28; 688;  48;16;16;Cbf_Y;0
BlockStat;28; 688;  48;16;16;TransformSkipFlag_Y;0
BlockStat;28; 688;  48;16;16;Cbf_Cb;0
BlockStat;28; 688;  48;16;16;Cbf_Cr;0
BlockStat;28; 704;   0;16; 8;Depth;5
BlockStat;28; 704;   0;16; 8;QT_Depth;2
BlockStat;28; 704;   0;16; 8;BT_Depth;3
BlockStat;28; 704;   0;16; 8;MT_Depth;3
BlockStat;28; 704;   0;16; 8;ChromaQPAdj;0
BlockStat;28; 704;   0;16; 8;QP;38
BlockStat;28; 704;   0;16; 8;SplitSeries;2165793
BlockStat;28; 704;   0;16; 8;SkipFlag;0
BlockStat;28; 704;   0;16; 8;PredMode;0
BlockStat;28; 704;   0;16; 8;MergeFlag;1
BlockStat;28; 704;   0;16; 8;MergeIdx;0
BlockStat;28; 704;   0;16; 8;MergeType;0
BlockStat;28; 704;   0;16; 8;MMVDMergeFlag;0
BlockStat;28; 704;   0;16; 8;AffineFlag;0
BlockStat;28; 704;   0;16; 8;MHIntraFlag;0
BlockStat;28; 704;   0;16; 8;MVPIdxL0;255
BlockStat;28; 704;   0;16; 8;RefIdxL0;0
BlockStat;28; 704;   0;16; 8;MVDL0;   0;   0
BlockStat;28; 704;   0;16; 8;MVL0;  41;   8
BlockStat;28; 704;   0;16; 8;Cbf_Y;0
BlockStat;28; 704;   0;16; 8;TransformSkipFlag_Y;0
BlockStat;28; 704;   0;16; 8;Cbf_Cb;0
BlockStat;28; 704;   0;16; 8;Cbf_Cr;1
BlockStat;28; 704;   8;16; 8;Depth;5
BlockStat;28; 704;   8;16; 8;QT_Depth;2
BlockStat;28; 704;   8;16; 8;BT_Depth;3
BlockStat;28; 704;   8;16; 8;MT_Depth;3
BlockStat;28; 704;   8;16; 8;ChromaQPAdj;0
BlockStat;28; 704;   8;16; 8;QP;38
BlockStat;28; 704;   8;16; 8;SplitSeries;2165793
BlockStat;28; 704;   8;16; 8;SkipFlag;0
BlockStat;28; 704;   8;16; 8;PredMode;0
BlockStat;28; 704;   8;16; 8;MergeFlag;0
BlockStat;28; 704;   8;16; 8;InterDir;1
BlockStat;28; 704;   8;16; 8;MVPIdxL0;1
BlockStat;28; 704;   8;16; 8;RefIdxL0;1
BlockStat;28; 704;   8;16; 8;MVDL0;   4;   4
BlockStat;28; 704;   8;16; 8;MVL0; 132;  16
BlockStat;28; 704;   8;16; 8;IMVMode;1
BlockStat;28; 704;   8;16; 8;RootCbf;0
BlockStat;28; 704;  16;16;16;Depth;4
BlockStat;28; 704;  16;16;16;QT_Depth;2
BlockStat;28; 704;  16;16;16;BT_Depth;2
BlockStat;28; 704;  16;16;16;MT_Depth;2
BlockStat;28; 704;  16;16;16;ChromaQPAdj;0
BlockStat;28; 704;  16;16;16;QP;38
BlockStat;28; 704;  16;16;16;SplitSeries;68641
BlockStat;28; 704;  16;16;16;SkipFlag;1
BlockStat;28; 704;  16;16;16;MMVDSkipFlag;0
BlockStat;28; 704;  16;16;16;PredMode;0
BlockStat;28; 704;  16;16;16;MergeIdx;2
BlockStat;28; 704;  16;16;16;MergeType;0
BlockStat;28; 704;  16;16;16;MMVDMergeFlag;0
BlockStat;28; 704;  16;16;16;AffineFlag;0
BlockStat;28; 704;  16;16;16;MVPIdxL0;255
BlockStat;28; 704;  16;16;16;RefIdxL0;0
BlockStat: POC 28 @( 704,  16) [16x16] TrianglePartitioning={   0,  16,  16,   0}
BlockStat: POC 28 @[(704, 16)--(720, 16)--(704, 32)--] TriangleMVL0={  60, -12}
BlockStat: POC 28 @[(720, 16)--(704, 32)--(720, 32)--] TriangleMVL0={  63, -21}
BlockStat;28; 720;   0;16;32;Depth;3
BlockStat;28; 720;   0;16;32;QT_Depth;2
BlockStat;28; 720;   0;16;32;BT_Depth;1
BlockStat;28; 720;   0;16;32;MT_Depth;1
BlockStat;28; 720;   0;16;32;ChromaQPAdj;0
BlockStat;28; 720;   0;16;32;QP;38
BlockStat;28; 720;   0;16;32;SplitSeries;3105
BlockStat;28; 720;   0;16;32;SkipFlag;0
BlockStat;28; 720;   0;16;32;PredMode;0
BlockStat;28; 720;   0;16;32;MergeFlag;0
BlockStat;28; 720;   0;16;32;InterDir;1
BlockStat;28; 720;   0;16;32;AffineFlag;1
BlockStat;28; 720;   0;16;32;AffineType;1
BlockStat;28; 720;   0;16;32;MVPIdxL0;0
BlockStat;28; 720;   0;16;32;RefIdxL0;0
BlockStat;28; 720;   0;16;32;AffineMVL0;  59; -11;  53;  -2;  59; -11
BlockStat;28; 720;   0;16;32;RootCbf;1
BlockStat;28; 720;   0;16;32;Cbf_Y;1
BlockStat;28; 720;   0;16;32;TransformSkipFlag_Y;0
BlockStat;28; 720;   0;16;32;Cbf_Cb;0
BlockStat;28; 720;   0;16;32;Cbf_Cr;0
BlockStat;28; 736;   0; 4;32;Depth;5
BlockStat;28; 736;   0; 4;32;QT_Depth;2
BlockStat;28; 736;   0; 4;32;BT_Depth;3
BlockStat;28; 736;   0; 4;32;MT_Depth;3
BlockStat;28; 736;   0; 4;32;ChromaQPAdj;0
BlockStat;28; 736;   0; 4;32;QP;38
BlockStat;28; 736;   0; 4;32;SplitSeries;3247137
BlockStat;28; 736;   0; 4;32;SkipFlag;0
BlockStat;28; 736;   0; 4;32;PredMode;1
BlockStat;28; 736;   0; 4;32;Luma_IntraMode;0
BlockStat;28; 736;   0; 4;32;Chroma_IntraMode;0
BlockStat;28; 736;   0; 4;32;MultiRefIdx;0
BlockStat;28; 736;   0; 4; 8;Cbf_Y;2
BlockStat;28; 736;   0; 4; 8;TransformSkipFlag_Y;0
BlockStat;28;   0;   0; 0; 0;Cbf_Cb;0
BlockStat;28;   0;   0; 0; 0;Cbf_Cr;0
BlockStat;28; 736;   8; 4; 8;Cbf_Y;2
BlockStat;28; 736;   8; 4; 8;TransformSkipFlag_Y;0
BlockStat;28;   0;   0; 0; 0;Cbf_Cb;0
BlockStat;28;   0;   0; 0; 0;Cbf_Cr;0
BlockStat;28; 736;  16; 4; 8;Cbf_Y;2
BlockStat;28; 736;  16; 4; 8;TransformSkipFlag_Y;0
BlockStat;28;   0;   0; 0; 0;Cbf_Cb;0
BlockStat;28;   0;   0; 0; 0;Cbf_Cr;0
BlockStat;28; 736;  24; 4; 8;Cbf_Y;2
BlockStat;28; 736;  24; 4; 8;TransformSkipFlag_Y;0
BlockStat;28; 736;   0; 4;32;Cbf_Cb;0
BlockStat;28; 736;   0; 4;32;Cbf_Cr;2
BlockStat;28; 740;   0; 4;32;Depth;5
BlockStat;28; 740;   0; 4;32;QT_Depth;2
BlockStat;28; 740;   0; 4;32;BT_Depth;3
BlockStat;28; 740;   0; 4;32;MT_Depth;3
BlockStat;28; 740;   0; 4;32;ChromaQPAdj;0
BlockStat;28; 740;   0; 4;32;QP;38
BlockStat;28; 740;   0; 4;32;SplitSeries;3247137
BlockStat;28; 740;   0; 4;32;SkipFlag;0
BlockStat;28; 740;   0; 4;32;PredMode;1
BlockStat;28; 740;   0; 4;32;Luma_IntraMode;1
BlockStat;28; 740;   0; 4;32;Chroma_IntraMode;1
BlockStat;28; 740;   0; 4;32;MultiRefIdx;0
BlockStat;28; 740;   0; 4;32;Cbf_Y;1
BlockStat;28; 740;   0; 4;32;TransformSkipFlag_Y;2
BlockStat;28; 740;   0; 4;32;Cbf_Cb;0
BlockStat;28; 740;   0; 4;32;Cbf_Cr;0
BlockStat;28; 744;   0; 8;32;Depth;4
BlockStat;28; 744;   0; 8;32;QT_Depth;2
BlockStat;28; 744;   0; 8;32;BT_Depth;2
BlockStat;28; 744;   0; 8;32;MT_Depth;2
BlockStat;28; 744;   0; 8;32;ChromaQPAdj;0
BlockStat;28; 744;   0; 8;32;QP;38
BlockStat;28; 744;   0; 8;32;SplitSeries;101409
BlockStat;28; 744;   0; 8;32;SkipFlag;0
BlockStat;28; 744;   0; 8;32;PredMode;1
BlockStat;28; 744;   0; 8;32;Luma_IntraMode;0
BlockStat;28; 744;   0; 8;32;Chroma_IntraMode;0
BlockStat;28; 744;   0; 8;32;MultiRefIdx;0
BlockStat;28; 744;   0; 8; 8;Cbf_Y;2
BlockStat;28; 744;   0; 8; 8;TransformSkipFlag_Y;0
BlockStat;28;   0;   0; 0; 0;Cbf_Cb;0
BlockStat;28;   0;   0; 0; 0;Cbf_Cr;0
BlockStat;28; 744;   8; 8; 8;Cbf_Y;2
BlockStat;28; 744;   8; 8; 8;TransformSkipFlag_Y;0
BlockStat;28;   0;   0; 0; 0;Cbf_Cb;0
BlockStat;28;   0;   0; 0; 0;Cbf_Cr;0
BlockStat;28; 744;  16; 8; 8;Cbf_Y;2
BlockStat;28; 744;  16; 8; 8;TransformSkipFlag_Y;0
BlockStat;28;   0;   0; 0; 0;Cbf_Cb;0
BlockStat;28;   0;   0; 0; 0;Cbf_Cr;0
BlockStat;28; 744;  24; 8; 8;Cbf_Y;2
BlockStat;28; 744;  24; 8; 8;TransformSkipFlag_Y;0
BlockStat;28; 744;   0; 8;32;Cbf_Cb;0
BlockStat;28; 744;   0; 8;32;Cbf_Cr;0
BlockStat;28; 752;   0;16; 8;Depth;4
BlockStat;28; 752;   0;16; 8;QT_Depth;2
BlockStat;28; 752;   0;16; 8;BT_Depth;3
BlockStat;28; 752;   0;16; 8;MT_Depth;2
BlockStat;28; 752;   0;16; 8;ChromaQPAdj;0
BlockStat;28; 752;   0;16; 8;QP;38
BlockStat;28; 752;   0;16; 8;SplitSeries;134177
BlockStat;28; 752;   0;16; 8;SkipFlag;1
BlockStat;28; 752;   0;16; 8;MMVDSkipFlag;0
BlockStat;28; 752;   0;16; 8;PredMode;0
BlockStat;28; 752;   0;16; 8;MergeIdx;14
BlockStat;28; 752;   0;16; 8;MergeType;0
BlockStat;28; 752;   0;16; 8;MMVDMergeFlag;1
BlockStat;28; 752;   0;16; 8;MMVDMergeIdx;14
BlockStat;28; 752;   0;16; 8;MVPIdxL0;255
BlockStat;28; 752;   0;16; 8;RefIdxL0;0
BlockStat;28; 752;   0;16; 8;MVPIdxL1;255
BlockStat;28; 752;   0;16; 8;RefIdxL1;0
BlockStat;28; 752;   0;16; 8;MVDL0;   0;   0
BlockStat;28; 752;   0;16; 8;MVL0; -17;  25
BlockStat;28; 752;   0;16; 8;MVDL1;   0;   0
BlockStat;28; 752;   0;16; 8;MVL1; -17;  25
BlockStat;28; 752;   8; 8;16;Depth;5
BlockStat;28; 752;   8; 8;16;QT_Depth;2
BlockStat;28; 752;   8; 8;16;BT_Depth;3
BlockStat;28; 752;   8; 8;16;MT_Depth;3
BlockStat;28; 752;   8; 8;16;ChromaQPAdj;0
BlockStat;28; 752;   8; 8;16;QP;38
BlockStat;28; 752;   8; 8;16;SplitSeries;3279905
BlockStat;28; 752;   8; 8;16;SkipFlag;0
BlockStat;28; 752;   8; 8;16;PredMode;0
BlockStat;28; 752;   8; 8;16;MergeFlag;1
BlockStat;28; 752;   8; 8;16;MergeIdx;0
BlockStat;28; 752;   8; 8;16;MergeType;0
BlockStat;28; 752;   8; 8;16;MMVDMergeFlag;0
BlockStat;28; 752;   8; 8;16;AffineFlag;0
BlockStat;28; 752;   8; 8;16;MHIntraFlag;1
BlockStat;28; 752;   8; 8;16;Luma_IntraMode;0
BlockStat;28; 752;   8; 8;16;Chroma_IntraMode;70
BlockStat;28; 752;   8; 8;16;MVPIdxL0;255
BlockStat;28; 752;   8; 8;16;RefIdxL0;0
BlockStat;28; 752;   8; 8;16;MVPIdxL1;255
BlockStat;28; 752;   8; 8;16;RefIdxL1;0
BlockStat;28; 752;   8; 8;16;MVDL0;   0;   0
BlockStat;28; 752;   8; 8;16;MVL0; -17;  25
BlockStat;28; 752;   8; 8;16;MVDL1;   0;   0
BlockStat;28; 752;   8; 8;16;MVL1; -17;  25
BlockStat;28; 752;   8; 8;16;Cbf_Y;1
BlockStat;28; 752;   8; 8;16;TransformSkipFlag_Y;0
BlockStat;28; 752;   8; 8;16;Cbf_Cb;0
BlockStat;28; 752;   8; 8;16;Cbf_Cr;1
BlockStat;28; 760;   8; 8;16;Depth;5
BlockStat;28; 760;   8; 8;16;QT_Depth;2
BlockStat;28; 760;   8; 8;16;BT_Depth;3
BlockStat;28; 760;   8; 8;16;MT_Depth;3
BlockStat;28; 760;   8; 8;16;ChromaQPAdj;0
BlockStat;28; 760;   8; 8;16;QP;38
BlockStat;28; 760;   8; 8;16;SplitSeries;3279905
BlockStat;28; 760;   8; 8;16;SkipFlag;1
BlockStat;28; 760;   8; 8;16;MMVDSkipFlag;0
BlockStat;28; 760;   8; 8;16;PredMode;0
BlockStat;28; 760;   8; 8;16;MergeIdx;5
BlockStat;28; 760;   8; 8;16;MergeType;0
BlockStat;28; 760;   8; 8;16;MMVDMergeFlag;1
BlockStat;28; 760;   8; 8;16;MMVDMergeIdx;5
BlockStat;28; 760;   8; 8;16;MVPIdxL0;255
BlockStat;28; 760;   8; 8;16;RefIdxL0;0
BlockStat;28; 760;   8; 8;16;MVPIdxL1;255
BlockStat;28; 760;   8; 8;16;RefIdxL1;0
BlockStat;28; 760;   8; 8;16;MVDL0;   0;   0
BlockStat;28; 760;   8; 8;16;MVL0; -19;  25
BlockStat;28; 760;   8; 8;16;MVDL1;   0;   0
BlockStat;28; 760;   8; 8;16;MVL1; -19;  25
BlockStat;28; 752;  24; 8; 8;Depth;5
BlockStat;28; 752;  24; 8; 8;QT_Depth;2
BlockStat;28; 752;  24; 8; 8;BT_Depth;4
BlockStat;28; 752;  24; 8; 8;MT_Depth;3
BlockStat;28; 752;  24; 8; 8;ChromaQPAdj;0
BlockStat;28; 752;  24; 8; 8;QP;38
BlockStat;28; 752;  24; 8; 8;SplitSeries;3279905
BlockStat;28; 752;  24; 8; 8;SkipFlag;0
BlockStat;28; 752;  24; 8; 8;PredMode;1
BlockStat;28; 752;  24; 8; 8;Luma_IntraMode;0
BlockStat;28; 752;  24; 8; 8;Chroma_IntraMode;0
BlockStat;28; 752;  24; 8; 8;MultiRefIdx;0
BlockStat;28; 752;  24; 8; 8;Cbf_Y;1
BlockStat;28; 752;  24; 8; 8;TransformSkipFlag_Y;0
BlockStat;28; 752;  24; 8; 8;Cbf_Cb;0
BlockStat;28; 752;  24; 8; 8;Cbf_Cr;0
BlockStat;28; 760;  24; 8; 8;Depth;5
BlockStat;28; 760;  24; 8; 8;QT_Depth;2
BlockStat;28; 760;  24; 8; 8;BT_Depth;4
BlockStat;28; 760;  24; 8; 8;MT_Depth;3
BlockStat;28; 760;  24; 8; 8;ChromaQPAdj;0
BlockStat;28; 760;  24; 8; 8;QP;38
BlockStat;28; 760;  24; 8; 8;SplitSeries;3279905
BlockStat;28; 760;  24; 8; 8;SkipFlag;1
BlockStat;28; 760;  24; 8; 8;MMVDSkipFlag;0
BlockStat;28; 760;  24; 8; 8;PredMode;0
BlockStat;28; 760;  24; 8; 8;MergeIdx;0
BlockStat;28; 760;  24; 8; 8;MergeType;0
BlockStat;28; 760;  24; 8; 8;MMVDMergeFlag;0
BlockStat;28; 760;  24; 8; 8;AffineFlag;0
BlockStat;28; 760;  24; 8; 8;MVPIdxL0;255
BlockStat;28; 760;  24; 8; 8;RefIdxL0;0
BlockStat;28; 760;  24; 8; 8;MVPIdxL1;255
BlockStat;28; 760;  24; 8; 8;RefIdxL1;0
BlockStat;28; 760;  24; 8; 8;MVDL0;   0;   0
BlockStat;28; 760;  24; 8; 8;MVL0; -19;  25
BlockStat;28; 760;  24; 8; 8;MVDL1;   0;   0
BlockStat;28; 760;  24; 8; 8;MVL1; -19;  25
BlockStat;28; 704;  32; 8;16;Depth;5
BlockStat;28; 704;  32; 8;16;QT_Depth;2
BlockStat;28; 704;  32; 8;16;BT_Depth;3
BlockStat;28; 704;  32; 8;16;MT_Depth;3
BlockStat;28; 704;  32; 8;16;ChromaQPAdj;0
BlockStat;28; 704;  32; 8;16;QP;38
BlockStat;28; 704;  32; 8;16;SplitSeries;3214369
BlockStat;28; 704;  32; 8;16;SkipFlag;1
BlockStat;28; 704;  32; 8;16;MMVDSkipFlag;0
BlockStat;28; 704;  32; 8;16;PredMode;0
BlockStat;28; 704;  32; 8;16;MergeIdx;2
BlockStat;28; 704;  32; 8;16;MergeType;0
BlockStat;28; 704;  32; 8;16;MMVDMergeFlag;0
BlockStat;28; 704;  32; 8;16;AffineFlag;1
BlockStat;28; 704;  32; 8;16;MVPIdxL0;0
BlockStat;28; 704;  32; 8;16;RefIdxL0;0
BlockStat;28; 704;  32; 8;16;AffineMVL0;  61; -15;  62; -20;  60; -22
BlockStat;28; 712;  32; 8;16;Depth;5
BlockStat;28; 712;  32; 8;16;QT_Depth;2
BlockStat;28; 712;  32; 8;16;BT_Depth;3
BlockStat;28; 712;  32; 8;16;MT_Depth;3
BlockStat;28; 712;  32; 8;16;ChromaQPAdj;0
BlockStat;28; 712;  32; 8;16;QP;38
BlockStat;28; 712;  32; 8;16;SplitSeries;3214369
BlockStat;28; 712;  32; 8;16;SkipFlag;1
BlockStat;28; 712;  32; 8;16;MMVDSkipFlag;0
BlockStat;28; 712;  32; 8;16;PredMode;0
BlockStat;28; 712;  32; 8;16;MergeIdx;37
BlockStat;28; 712;  32; 8;16;MergeType;0
BlockStat;28; 712;  32; 8;16;MMVDMergeFlag;1
BlockStat;28; 712;  32; 8;16;MMVDMergeIdx;37
BlockStat;28; 712;  32; 8;16;MVPIdxL0;255
BlockStat;28; 712;  32; 8;16;RefIdxL0;0
BlockStat;28; 712;  32; 8;16;MVDL0;   0;   0
BlockStat;28; 712;  32; 8;16;MVL0;  61; -21
BlockStat;28; 704;  48; 4;16;Depth;5
BlockStat;28; 704;  48; 4;16;QT_Depth;2
BlockStat;28; 704;  48; 4;16;BT_Depth;4
BlockStat;28; 704;  48; 4;16;MT_Depth;3
BlockStat;28; 704;  48; 4;16;ChromaQPAdj;0
BlockStat;28; 704;  48; 4;16;QP;38
BlockStat;28; 704;  48; 4;16;SplitSeries;5311521
BlockStat;28; 704;  48; 4;16;SkipFlag;1
BlockStat;28; 704;  48; 4;16;MMVDSkipFlag;0
BlockStat;28; 704;  48; 4;16;PredMode;0
BlockStat;28; 704;  48; 4;16;MergeIdx;0
BlockStat;28; 704;  48; 4;16;MergeType;0
BlockStat;28; 704;  48; 4;16;MMVDMergeFlag;0
BlockStat;28; 704;  48; 4;16;MVPIdxL0;255
BlockStat;28; 704;  48; 4;16;RefIdxL0;0
BlockStat;28; 704;  48; 4;16;MVDL0;   0;   0
BlockStat;28; 704;  48; 4;16;MVL0;  56; -21
BlockStat;28; 708;  48; 8;16;Depth;5
BlockStat;28; 708;  48; 8;16;QT_Depth;2
BlockStat;28; 708;  48; 8;16;BT_Depth;3
BlockStat;28; 708;  48; 8;16;MT_Depth;3
BlockStat;28; 708;  48; 8;16;ChromaQPAdj;0
BlockStat;28; 708;  48; 8;16;QP;38
BlockStat;28; 708;  48; 8;16;SplitSeries;5311521
BlockStat;28; 708;  48; 8;16;SkipFlag;1
BlockStat;28; 708;  48; 8;16;MMVDSkipFlag;0
BlockStat;28; 708;  48; 8;16;PredMode;0
BlockStat;28; 708;  48; 8;16;MergeIdx;1
BlockStat;28; 708;  48; 8;16;MergeType;0
BlockStat;28; 708;  48; 8;16;MMVDMergeFlag;0
BlockStat;28; 708;  48; 8;16;AffineFlag;0
BlockStat;28; 708;  48; 8;16;MVPIdxL0;255
BlockStat;28; 708;  48; 8;16;RefIdxL0;0
BlockStat;28; 708;  48; 8;16;MVDL0;   0;   0
BlockStat;28; 708;  48; 8;16;MVL0;  61; -21
BlockStat;28; 716;  48; 4;16;Depth;5
BlockStat;28; 716;  48; 4;16;QT_Depth;2
BlockStat;28; 716;  48; 4;16;BT_Depth;4
BlockStat;28; 716;  48; 4;16;MT_Depth;3
BlockStat;28; 716;  48; 4;16;ChromaQPAdj;0
BlockStat;28; 716;  48; 4;16;QP;38
BlockStat;28; 716;  48; 4;16;SplitSeries;5311521
BlockStat;28; 716;  48; 4;16;SkipFlag;0
BlockStat;28; 716;  48; 4;16;PredMode;0
BlockStat;28; 716;  48; 4;16;MergeFlag;1
BlockStat;28; 716;  48; 4;16;MergeIdx;0
BlockStat;28; 716;  48; 4;16;MergeType;0
BlockStat;28; 716;  48; 4;16;MMVDMergeFlag;0
BlockStat;28; 716;  48; 4;16;MHIntraFlag;0
BlockStat;28; 716;  48; 4;16;MVPIdxL0;255
BlockStat;28; 716;  48; 4;16;RefIdxL0;0
BlockStat;28; 716;  48; 4;16;MVDL0;   0;   0
BlockStat;28; 716;  48; 4;16;MVL0;  61; -21
BlockStat;28; 716;  48; 4;16;Cbf_Y;1
BlockStat;28; 716;  48; 4;16;TransformSkipFlag_Y;0
BlockStat;28; 716;  48; 4;16;Cbf_Cb;0
BlockStat;28; 716;  48; 4;16;Cbf_Cr;0
BlockStat;28; 720;  32;16;32;Depth;3
BlockStat;28; 720;  32;16;32;QT_Depth;2
BlockStat;28; 720;  32;16;32;BT_Depth;1
BlockStat;28; 720;  32;16;32;MT_Depth;1
BlockStat;28; 720;  32;16;32;ChromaQPAdj;0
BlockStat;28; 720;  32;16;32;QP;38
BlockStat;28; 720;  32;16;32;SplitSeries;3105
BlockStat;28; 720;  32;16;32;SkipFlag;0
BlockStat;28; 720;  32;16;32;PredMode;0
BlockStat;28; 720;  32;16;32;MergeFlag;0
BlockStat;28; 720;  32;16;32;InterDir;3
BlockStat;28; 720;  32;16;32;AffineFlag;0
BlockStat;28; 720;  32;16;32;MVPIdxL0;1
BlockStat;28; 720;  32;16;32;RefIdxL0;0
BlockStat;28; 720;  32;16;32;MVPIdxL1;0
BlockStat;28; 720;  32;16;32;RefIdxL1;0
BlockStat;28; 720;  32;16;32;MVDL0;   0;  -8
BlockStat;28; 720;  32;16;32;MVL0;  52;  -8
BlockStat;28; 720;  32;16;32;MVDL1;   0;   0
BlockStat;28; 720;  32;16;32;MVL1;  60; -20
BlockStat;28; 720;  32;16;32;IMVMode;1
BlockStat;28; 720;  32;16;32;RootCbf;1
BlockStat;28; 720;  32;16;32;Cbf_Y;1
BlockStat;28; 720;  32;16;32;TransformSkipFlag_Y;0
BlockStat;28; 720;  32;16;32;Cbf_Cb;0
BlockStat;28; 720;  32;16;32;Cbf_Cr;0
BlockStat;28; 736;  32; 8;16;Depth;4
BlockStat;28; 736;  32; 8;16;QT_Depth;2
BlockStat;28; 736;  32; 8;16;BT_Depth;3
BlockStat;28; 736;  32; 8;16;MT_Depth;2
BlockStat;28; 736;  32; 8;16;ChromaQPAdj;0
BlockStat;28; 736;  32; 8;16;QP;38
BlockStat;28; 736;  32; 8;16;SplitSeries;165921
BlockStat;28; 736;  32; 8;16;SkipFlag;0
BlockStat;28; 736;  32; 8;16;PredMode;1
BlockStat;28; 736;  32; 8;16;Luma_IntraMode;0
BlockStat;28; 736;  32; 8;16;Chroma_IntraMode;0
BlockStat;28; 736;  32; 8;16;MultiRefIdx;0
BlockStat;28; 736;  32; 2;16;Cbf_Y;0
BlockStat;28; 736;  32; 2;16;TransformSkipFlag_Y;0
BlockStat;28;   0;   0; 0; 0;Cbf_Cb;0
BlockStat;28;   0;   0; 0; 0;Cbf_Cr;0
BlockStat;28; 738;  32; 2;16;Cbf_Y;0
BlockStat;28; 738;  32; 2;16;TransformSkipFlag_Y;0
BlockStat;28;   0;   0; 0; 0;Cbf_Cb;0
BlockStat;28;   0;   0; 0; 0;Cbf_Cr;0
BlockStat;28; 740;  32; 2;16;Cbf_Y;2
BlockStat;28; 740;  32; 2;16;TransformSkipFlag_Y;0
BlockStat;28;   0;   0; 0; 0;Cbf_Cb;0
BlockStat;28;   0;   0; 0; 0;Cbf_Cr;0
BlockStat;28; 742;  32; 2;16;Cbf_Y;2
BlockStat;28; 742;  32; 2;16;TransformSkipFlag_Y;0
BlockStat;28; 736;  32; 8;16;Cbf_Cb;0
BlockStat;28; 736;  32; 8;16;Cbf_Cr;0
BlockStat;28; 744;  32;16; 8;Depth;5
BlockStat;28; 744;  32;16; 8;QT_Depth;2
BlockStat;28; 744;  32;16; 8;BT_Depth;3
BlockStat;28; 744;  32;16; 8;MT_Depth;3
BlockStat;28; 744;  32;16; 8;ChromaQPAdj;0
BlockStat;28; 744;  32;16; 8;QP;38
BlockStat;28; 744;  32;16; 8;SplitSeries;2263073
BlockStat;28; 744;  32;16; 8;SkipFlag;0
BlockStat;28; 744;  32;16; 8;PredMode;1
BlockStat;28; 744;  32;16; 8;Luma_IntraMode;1
BlockStat;28; 744;  32;16; 8;Chroma_IntraMode;1
BlockStat;28; 744;  32;16; 8;MultiRefIdx;0
BlockStat;28; 744;  32;16; 8;Cbf_Y;1
BlockStat;28; 744;  32;16; 8;TransformSkipFlag_Y;2
BlockStat;28; 744;  32;16; 8;Cbf_Cb;1
BlockStat;28; 744;  32;16; 8;Cbf_Cr;0
BlockStat;28; 744;  40;16; 8;Depth;5
BlockStat;28; 744;  40;16; 8;QT_Depth;2
BlockStat;28; 744;  40;16; 8;BT_Depth;3
BlockStat;28; 744;  40;16; 8;MT_Depth;3
BlockStat;28; 744;  40;16; 8;ChromaQPAdj;0
BlockStat;28; 744;  40;16; 8;QP;38
BlockStat;28; 744;  40;16; 8;SplitSeries;2263073
BlockStat;28; 744;  40;16; 8;SkipFlag;0
BlockStat;28; 744;  40;16; 8;PredMode;1
BlockStat;28; 744;  40;16; 8;Luma_IntraMode;1
BlockStat;28; 744;  40;16; 8;Chroma_IntraMode;1
BlockStat;28; 744;  40;16; 8;MultiRefIdx;0
BlockStat;28; 744;  40;16; 8;Cbf_Y;1
BlockStat;28; 744;  40;16; 8;TransformSkipFlag_Y;0
BlockStat;28; 744;  40;16; 8;Cbf_Cb;0
BlockStat;28; 744;  40;16; 8;Cbf_Cr;0
BlockStat;28; 760;  32; 4;16;Depth;5
BlockStat;28; 760;  32; 4;16;QT_Depth;2
BlockStat;28; 760;  32; 4;16;BT_Depth;4
BlockStat;28; 760;  32; 4;16;MT_Depth;3
BlockStat;28; 760;  32; 4;16;ChromaQPAdj;0
BlockStat;28; 760;  32; 4;16;QP;38
BlockStat;28; 760;  32; 4;16;SplitSeries;3311649
BlockStat;28; 760;  32; 4;16;SkipFlag;0
BlockStat;28; 760;  32; 4;16;PredMode;1
BlockStat;28; 760;  32; 4;16;Luma_IntraMode;0
BlockStat;28; 760;  32; 4;16;Chroma_IntraMode;0
BlockStat;28; 760;  32; 4;16;MultiRefIdx;0
BlockStat;28; 760;  32; 4;16;Cbf_Y;1
BlockStat;28; 760;  32; 4;16;TransformSkipFlag_Y;2
BlockStat;28; 760;  32; 4;16;Cbf_Cb;0
BlockStat;28; 760;  32; 4;16;Cbf_Cr;0
BlockStat;28; 764;  32; 4;16;Depth;5
BlockStat;28; 764;  32; 4;16;QT_Depth;2
BlockStat;28; 764;  32; 4;16;BT_Depth;4
BlockStat;28; 764;  32; 4;16;MT_Depth;3
BlockStat;28; 764;  32; 4;16;ChromaQPAdj;0
BlockStat;28; 764;  32; 4;16;QP;38
BlockStat;28; 764;  32; 4;16;SplitSeries;3311649
BlockStat;28; 764;  32; 4;16;SkipFlag;1
BlockStat;28; 764;  32; 4;16;MMVDSkipFlag;0
BlockStat;28; 764;  32; 4;16;PredMode;0
BlockStat;28; 764;  32; 4;16;MergeIdx;0
BlockStat;28; 764;  32; 4;16;MergeType;0
BlockStat;28; 764;  32; 4;16;MMVDMergeFlag;0
BlockStat;28; 764;  32; 4;16;MVPIdxL0;255
BlockStat;28; 764;  32; 4;16;RefIdxL0;0
BlockStat;28; 764;  32; 4;16;MVPIdxL1;255
BlockStat;28; 764;  32; 4;16;RefIdxL1;0
BlockStat;28; 764;  32; 4;16;MVDL0;   0;   0
BlockStat;28; 764;  32; 4;16;MVL0; -19;  25
BlockStat;28; 764;  32; 4;16;MVDL1;   0;   0
BlockStat;28; 764;  32; 4;16;MVL1; -19;  25
BlockStat;28; 736;  48;16;16;Depth;4
BlockStat;28; 736;  48;16;16;QT_Depth;2
BlockStat;28; 736;  48;16;16;BT_Depth;2
BlockStat;28; 736;  48;16;16;MT_Depth;2
BlockStat;28; 736;  48;16;16;ChromaQPAdj;0
BlockStat;28; 736;  48;16;16;QP;38
BlockStat;28; 736;  48;16;16;SplitSeries;100385
BlockStat;28; 736;  48;16;16;SkipFlag;0
BlockStat;28; 736;  48;16;16;PredMode;0
BlockStat;28; 736;  48;16;16;MergeFlag;0
BlockStat;28; 736;  48;16;16;InterDir;1
BlockStat;28; 736;  48;16;16;AffineFlag;0
BlockStat;28; 736;  48;16;16;MVPIdxL0;0
BlockStat;28; 736;  48;16;16;RefIdxL0;0
BlockStat;28; 736;  48;16;16;MVDL0;  -7;   0
BlockStat;28; 736;  48;16;16;MVL0;  45;  -8
BlockStat;28; 736;  48;16;16;IMVMode;0
BlockStat;28; 736;  48;16;16;RootCbf;1
BlockStat;28; 736;  48;12;16;Cbf_Y;0
BlockStat;28; 736;  48;12;16;TransformSkipFlag_Y;0
BlockStat;28; 736;  48;12;16;Cbf_Cb;0
BlockStat;28; 736;  48;12;16;Cbf_Cr;0
BlockStat;28; 748;  48; 4;16;Cbf_Y;2
BlockStat;28; 748;  48; 4;16;TransformSkipFlag_Y;0
BlockStat;28; 748;  48; 4;16;Cbf_Cb;0
BlockStat;28; 748;  48; 4;16;Cbf_Cr;0
BlockStat;28; 752;  48;16;16;Depth;4
BlockStat;28; 752;  48;16;16;QT_Depth;2
BlockStat;28; 752;  48;16;16;BT_Depth;2
BlockStat;28; 752;  48;16;16;MT_Depth;2
BlockStat;28; 752;  48;16;16;ChromaQPAdj;0
BlockStat;28; 752;  48;16;16;QP;38
BlockStat;28; 752;  48;16;16;SplitSeries;100385
BlockStat;28; 752;  48;16;16;SkipFlag;0
BlockStat;28; 752;  48;16;16;PredMode;1
BlockStat;28; 752;  48;16;16;Luma_IntraMode;58
BlockStat;28; 752;  48;16;16;Chroma_IntraMode;58
BlockStat;28; 752;  48;16;16;MultiRefIdx;0
BlockStat;28; 752;  48;16;16;Cbf_Y;1
BlockStat;28; 752;  48;16;16;TransformSkipFlag_Y;2
BlockStat;28; 752;  48;16;16;Cbf_Cb;0
BlockStat;28; 752;  48;16;16;Cbf_Cr;0
BlockStat;28; 640;  64;32;32;Depth;2
BlockStat;28; 640;  64;32;32;QT_Depth;2
BlockStat;28; 640;  64;32;32;BT_Depth;0
BlockStat;28; 640;  64;32;32;MT_Depth;0
BlockStat;28; 640;  64;32;32;ChromaQPAdj;0
BlockStat;28; 640;  64;32;32;QP;38
BlockStat;28; 640;  64;32;32;SplitSeries;33
BlockStat;28; 640;  64;32;32;SkipFlag;0
BlockStat;28; 640;  64;32;32;PredMode;0
BlockStat;28; 640;  64;32;32;MergeFlag;1
BlockStat;28; 640;  64;32;32;MergeIdx;1
BlockStat;28; 640;  64;32;32;MergeType;0
BlockStat;28; 640;  64;32;32;MMVDMergeFlag;0
BlockStat;28; 640;  64;32;32;AffineFlag;1
BlockStat;28; 640;  64;32;32;MVPIdxL0;0
BlockStat;28; 640;  64;32;32;RefIdxL0;0
BlockStat;28; 640;  64;32;32;AffineMVL0;  52; -23;  54; -23;  50; -23
BlockStat;28; 640;  64;32;32;Cbf_Y;1
BlockStat;28; 640;  64;32;32;TransformSkipFlag_Y;0
BlockStat;28; 640;  64;32;32;Cbf_Cb;0
BlockStat;28; 640;  64;32;32;Cbf_Cr;0
BlockStat;28; 672;  64;16; 8;Depth;4
BlockStat;28; 672;  64;16; 8;QT_Depth;2
BlockStat;28; 672;  64;16; 8;BT_Depth;3
BlockStat;28; 672;  64;16; 8;MT_Depth;2
BlockStat;28; 672;  64;16; 8;ChromaQPAdj;0
BlockStat;28; 672;  64;16; 8;QP;38
BlockStat;28; 672;  64;16; 8;SplitSeries;102433
BlockStat;28; 672;  64;16; 8;SkipFlag;0
BlockStat;28; 672;  64;16; 8;PredMode;1
BlockStat;28; 672;  64;16; 8;Luma_IntraMode;1
BlockStat;28; 672;  64;16; 8;Chroma_IntraMode;1
BlockStat;28; 672;  64;16; 8;MultiRefIdx;0
BlockStat;28; 672;  64;16; 8;Cbf_Y;1
BlockStat;28; 672;  64;16; 8;TransformSkipFlag_Y;0
BlockStat;28; 672;  64;16; 8;Cbf_Cb;0
BlockStat;28; 672;  64;16; 8;Cbf_Cr;0
BlockStat;28; 688;  64;16; 8;Depth;4
BlockStat;28; 688;  64;16; 8;QT_Depth;2
BlockStat;28; 688;  64;16; 8;BT_Depth;3
BlockStat;28; 688;  64;16; 8;MT_Depth;2
BlockStat;28; 688;  64;16; 8;ChromaQPAdj;0
BlockStat;28; 688;  64;16; 8;QP;38
BlockStat;28; 688;  64;16; 8;SplitSeries;102433
BlockStat;28; 688;  64;16; 8;SkipFlag;1
BlockStat;28; 688;  64;16; 8;MMVDSkipFlag;0
BlockStat;28; 688;  64;16; 8;PredMode;0
BlockStat;28; 688;  64;16; 8;MergeIdx;0
BlockStat;28; 688;  64;16; 8;MergeType;0
BlockStat;28; 688;  64;16; 8;MMVDMergeFlag;0
BlockStat;28; 688;  64;16; 8;AffineFlag;0
BlockStat;28; 688;  64;16; 8;MVPIdxL0;255
BlockStat;28; 688;  64;16; 8;RefIdxL0;0
BlockStat;28; 688;  64;16; 8;MVDL0;   0;   0
BlockStat;28; 688;  64;16; 8;MVL0;  56; -21
BlockStat;28; 672;  72;16;16;Depth;4
BlockStat;28; 672;  72;16;16;QT_Depth;2
BlockStat;28; 672;  72;16;16;BT_Depth;2
BlockStat;28; 672;  72;16;16;MT_Depth;2
BlockStat;28; 672;  72;16;16;ChromaQPAdj;0
BlockStat;28; 672;  72;16;16;QP;38
BlockStat;28; 672;  72;16;16;SplitSeries;102433
BlockStat;28; 672;  72;16;16;SkipFlag;1
BlockStat;28; 672;  72;16;16;MMVDSkipFlag;0
BlockStat;28; 672;  72;16;16;PredMode;0
BlockStat;28; 672;  72;16;16;MergeIdx;42
BlockStat;28; 672;  72;16;16;MergeType;0
BlockStat;28; 672;  72;16;16;MMVDMergeFlag;1
BlockStat;28; 672;  72;16;16;MMVDMergeIdx;42
BlockStat;28; 672;  72;16;16;MVPIdxL0;255
BlockStat;28; 672;  72;16;16;RefIdxL0;0
BlockStat;28; 672;  72;16;16;MVDL0;   0;   0
BlockStat;28; 672;  72;16;16;MVL0;  56; -17
BlockStat;28; 688;  72;16;16;Depth;4
BlockStat;28; 688;  72;16;16;QT_Depth;2
BlockStat;28; 688;  72;16;16;BT_Depth;2
BlockStat;28; 688;  72;16;16;MT_Depth;2
BlockStat;28; 688;  72;16;16;ChromaQPAdj;0
BlockStat;28; 688;  72;16;16;QP;38
BlockStat;28; 688;  72;16;16;SplitSeries;102433
BlockStat;28; 688;  72;16;16;SkipFlag;0
BlockStat;28; 688;  72;16;16;PredMode;1
BlockStat;28; 688;  72;16;16;Luma_IntraMode;9
BlockStat;28; 688;  72;16;16;Chroma_IntraMode;0
BlockStat;28; 688;  72;16;16;MultiRefIdx;0
BlockStat;28; 688;  72;16;16;Cbf_Y;1
BlockStat;28; 688;  72;16;16;TransformSkipFlag_Y;2
BlockStat;28; 688;  72;16;16;Cbf_Cb;0
BlockStat;28; 688;  72;16;16;Cbf_Cr;0
BlockStat;28; 672;  88;32; 8;Depth;3
BlockStat;28; 672;  88;32; 8;QT_Depth;2
BlockStat;28; 672;  88;32; 8;BT_Depth;2
BlockStat;28; 672;  88;32; 8;MT_Depth;1
BlockStat;28; 672;  88;32; 8;ChromaQPAdj;0
BlockStat;28; 672;  88;32; 8;QP;38
BlockStat;28; 672;  88;32; 8;SplitSeries;4129
BlockStat;28; 672;  88;32; 8;SkipFlag;1
BlockStat;28; 672;  88;32; 8;MMVDSkipFlag;0
BlockStat;28; 672;  88;32; 8;PredMode;0
BlockStat;28; 672;  88;32; 8;MergeIdx;9
BlockStat;28; 672;  88;32; 8;MergeType;0
BlockStat;28; 672;  88;32; 8;MMVDMergeFlag;1
BlockStat;28; 672;  88;32; 8;MMVDMergeIdx;9
BlockStat;28; 672;  88;32; 8;MVPIdxL0;255
BlockStat;28; 672;  88;32; 8;RefIdxL0;0
BlockStat;28; 672;  88;32; 8;MVDL0;   0;   0
BlockStat;28; 672;  88;32; 8;MVL0;  48; -23
BlockStat;28; 640;  96;32;16;Depth;3
BlockStat;28; 640;  96;32;16;QT_Depth;2
BlockStat;28; 640;  96;32;16;BT_Depth;1
BlockStat;28; 640;  96;32;16;MT_Depth;1
BlockStat;28; 640;  96;32;16;ChromaQPAdj;0
BlockStat;28; 640;  96;32;16;QP;38
BlockStat;28; 640;  96;32;16;SplitSeries;2081
BlockStat;28; 640;  96;32;16;SkipFlag;0
BlockStat;28; 640;  96;32;16;PredMode;0
BlockStat;28; 640;  96;32;16;MergeFlag;0
BlockStat;28; 640;  96;32;16;InterDir;1
BlockStat;28; 640;  96;32;16;AffineFlag;1
BlockStat;28; 640;  96;32;16;AffineType;1
BlockStat;28; 640;  96;32;16;MVPIdxL0;0
BlockStat;28; 640;  96;32;16;RefIdxL0;0
BlockStat;28; 640;  96;32;16;AffineMVL0;  51; -24;  48; -28;  48; -24
BlockStat;28; 640;  96;32;16;RootCbf;1
BlockStat;28; 640;  96;32;16;Cbf_Y;1
BlockStat;28; 640;  96;32;16;TransformSkipFlag_Y;0
BlockStat;28; 640;  96;32;16;Cbf_Cb;0
BlockStat;28; 640;  96;32;16;Cbf_Cr;0
BlockStat;28; 640; 112;32;16;Depth;3
BlockStat;28; 640; 112;32;16;QT_Depth;2
BlockStat;28; 640; 112;32;16;BT_Depth;1
BlockStat;28; 640; 112;32;16;MT_Depth;1
BlockStat;28; 640; 112;32;16;ChromaQPAdj;0
BlockStat;28; 640; 112;32;16;QP;38
BlockStat;28; 640; 112;32;16;SplitSeries;2081
BlockStat;28; 640; 112;32;16;SkipFlag;0
BlockStat;28; 640; 112;32;16;PredMode;0
BlockStat;28; 640; 112;32;16;MergeFlag;0
BlockStat;28; 640; 112;32;16;InterDir;3
BlockStat;28; 640; 112;32;16;AffineFlag;0
BlockStat;28; 640; 112;32;16;MVPIdxL0;0
BlockStat;28; 640; 112;32;16;RefIdxL0;0
BlockStat;28; 640; 112;32;16;MVPIdxL1;0
BlockStat;28; 640; 112;32;16;RefIdxL1;0
BlockStat;28; 640; 112;32;16;MVDL0;   4;   8
BlockStat;28; 640; 112;32;16;MVL0;  52; -20
BlockStat;28; 640; 112;32;16;MVDL1;   0;   0
BlockStat;28; 640; 112;32;16;MVL1;  48; -28
BlockStat;28; 640; 112;32;16;IMVMode;1
BlockStat;28; 640; 112;32;16;RootCbf;1
BlockStat;28; 640; 112;32;16;Cbf_Y;1
BlockStat;28; 640; 112;32;16;TransformSkipFlag_Y;0
BlockStat;28; 640; 112;32;16;Cbf_Cb;0
BlockStat;28; 640; 112;32;16;Cbf_Cr;0
BlockStat;28; 672;  96; 8;32;Depth;3
BlockStat;28; 672;  96; 8;32;QT_Depth;2
BlockStat;28; 672;  96; 8;32;BT_Depth;2
BlockStat;28; 672;  96; 8;32;MT_Depth;1
BlockStat;28; 672;  96; 8;32;ChromaQPAdj;0
BlockStat;28; 672;  96; 8;32;QP;38
BlockStat;28; 672;  96; 8;32;SplitSeries;5153
BlockStat;28; 672;  96; 8;32;SkipFlag;1
BlockStat;28; 672;  96; 8;32;MMVDSkipFlag;0
BlockStat;28; 672;  96; 8;32;PredMode;0
BlockStat;28; 672;  96; 8;32;MergeIdx;9
BlockStat;28; 672;  96; 8;32;MergeType;0
BlockStat;28; 672;  96; 8;32;MMVDMergeFlag;1
BlockStat;28; 672;  96; 8;32;MMVDMergeIdx;9
BlockStat;28; 672;  96; 8;32;MVPIdxL0;255
BlockStat;28; 672;  96; 8;32;RefIdxL0;0
BlockStat;28; 672;  96; 8;32;MVPIdxL1;255
BlockStat;28; 672;  96; 8;32;RefIdxL1;0
BlockStat;28; 672;  96; 8;32;MVDL0;   0;   0
BlockStat;28; 672;  96; 8;32;MVL0;  48; -20
BlockStat;28; 672;  96; 8;32;MVDL1;   0;   0
BlockStat;28; 672;  96; 8;32;MVL1;  44; -28
BlockStat;28; 680;  96;16;32;Depth;3
BlockStat;28; 680;  96;16;32;QT_Depth;2
BlockStat;28; 680;  96;16;32;BT_Depth;1
BlockStat;28; 680;  96;16;32;MT_Depth;1
BlockStat;28; 680;  96;16;32;ChromaQPAdj;0
BlockStat;28; 680;  96;16;32;QP;38
BlockStat;28; 680;  96;16;32;SplitSeries;5153
BlockStat;28; 680;  96;16;32;SkipFlag;0
BlockStat;28; 680;  96;16;32;PredMode;0
BlockStat;28; 680;  96;16;32;MergeFlag;1
BlockStat;28; 680;  96;16;32;MergeIdx;0
BlockStat;28; 680;  96;16;32;MergeType;0
BlockStat;28; 680;  96;16;32;MMVDMergeFlag;0
BlockStat;28; 680;  96;16;32;AffineFlag;0
BlockStat;28; 680;  96;16;32;MHIntraFlag;1
BlockStat;28; 680;  96;16;32;Luma_IntraMode;0
BlockStat;28; 680;  96;16;32;Chroma_IntraMode;70
BlockStat;28; 680;  96;16;32;MVPIdxL0;255
BlockStat;28; 680;  96;16;32;RefIdxL0;0
BlockStat;28; 680;  96;16;32;MVPIdxL1;255
BlockStat;28; 680;  96;16;32;RefIdxL1;0
BlockStat;28; 680;  96;16;32;MVDL0;   0;   0
BlockStat;28; 680;  96;16;32;MVL0;  48; -20
BlockStat;28; 680;  96;16;32;MVDL1;   0;   0
BlockStat;28; 680;  96;16;32;MVL1;  44; -28
BlockStat;28; 680;  96;16;32;Cbf_Y;1
BlockStat;28; 680;  96;16;32;TransformSkipFlag_Y;0
BlockStat;28; 680;  96;16;32;Cbf_Cb;0
BlockStat;28; 680;  96;16;32;Cbf_Cr;0
BlockStat;28; 696;  96; 8; 8;Depth;4
BlockStat;28; 696;  96; 8; 8;QT_Depth;2
BlockStat;28; 696;  96; 8; 8;BT_Depth;4
BlockStat;28; 696;  96; 8; 8;MT_Depth;2
BlockStat;28; 696;  96; 8; 8;ChromaQPAdj;0
BlockStat;28; 696;  96; 8; 8;QP;38
BlockStat;28; 696;  96; 8; 8;SplitSeries;136225
BlockStat;28; 696;  96; 8; 8;SkipFlag;1
BlockStat;28; 696;  96; 8; 8;MMVDSkipFlag;0
BlockStat;28; 696;  96; 8; 8;PredMode;0
BlockStat;28; 696;  96; 8; 8;MergeIdx;0
BlockStat;28; 696;  96; 8; 8;MergeType;0
BlockStat;28; 696;  96; 8; 8;MMVDMergeFlag;0
BlockStat;28; 696;  96; 8; 8;AffineFlag;0
BlockStat;28; 696;  96; 8; 8;MVPIdxL0;255
BlockStat;28; 696;  96; 8; 8;RefIdxL0;0
BlockStat;28; 696;  96; 8; 8;MVPIdxL1;255
BlockStat;28; 696;  96; 8; 8;RefIdxL1;0
BlockStat;28; 696;  96; 8; 8;MVDL0;   0;   0
BlockStat;28; 696;  96; 8; 8;MVL0;  48; -20
BlockStat;28; 696;  96; 8; 8;MVDL1;   0;   0
BlockStat;28; 696;  96; 8; 8;MVL1;  44; -28
BlockStat;28; 696; 104; 8;16;Depth;4
BlockStat;28; 696; 104; 8;16;QT_Depth;2
BlockStat;28; 696; 104; 8;16;BT_Depth;3
BlockStat;28; 696; 104; 8;16;MT_Depth;2
BlockStat;28; 696; 104; 8;16;ChromaQPAdj;0
BlockStat;28; 696; 104; 8;16;QP;38
BlockStat;28; 696; 104; 8;16;SplitSeries;136225
BlockStat;28; 696; 104; 8;16;SkipFlag;1
BlockStat;28; 696; 104; 8;16;MMVDSkipFlag;0
BlockStat;28; 696; 104; 8;16;PredMode;0
BlockStat;28; 696; 104; 8;16;MergeIdx;5
BlockStat;28; 696; 104; 8;16;MergeType;0
BlockStat;28; 696; 104; 8;16;MMVDMergeFlag;0
BlockStat;28; 696; 104; 8;16;AffineFlag;0
BlockStat;28; 696; 104; 8;16;MVPIdxL0;255
BlockStat;28; 696; 104; 8;16;RefIdxL0;0
BlockStat;28; 696; 104; 8;16;MVPIdxL1;255
BlockStat;28; 696; 104; 8;16;RefIdxL1;0
BlockStat;28; 696; 104; 8;16;MVDL0;   0;   0
BlockStat;28; 696; 104; 8;16;MVL0;  39;  -3
BlockStat;28; 696; 104; 8;16;MVDL1;   0;   0
BlockStat;28; 696; 104; 8;16;MVL1;  37;  -7
BlockStat;28; 696; 120; 8; 8;Depth;4
BlockStat;28; 696; 120; 8; 8;QT_Depth;2
BlockStat;28; 696; 120; 8; 8;BT_Depth;4
BlockStat;28; 696; 120; 8; 8;MT_Depth;2
BlockStat;28; 696; 120; 8; 8;ChromaQPAdj;0
BlockStat;28; 696; 120; 8; 8;QP;38
BlockStat;28; 696; 120; 8; 8;SplitSeries;136225
BlockStat;28; 696; 120; 8; 8;SkipFlag;1
BlockStat;28; 696; 120; 8; 8;MMVDSkipFlag;0
BlockStat;28; 696; 120; 8; 8;PredMode;0
BlockStat;28; 696; 120; 8; 8;MergeIdx;1
BlockStat;28; 696; 120; 8; 8;MergeType;0
BlockStat;28; 696; 120; 8; 8;MMVDMergeFlag;0
BlockStat;28; 696; 120; 8; 8;AffineFlag;1
BlockStat;28; 696; 120; 8; 8;MVPIdxL0;0
BlockStat;28; 696; 120; 8; 8;RefIdxL0;0
BlockStat;28; 696; 120; 8; 8;MVPIdxL1;0
BlockStat;28; 696; 120; 8; 8;RefIdxL1;0
BlockStat;28; 696; 120; 8; 8;AffineMVL0;  46; -16;  41;  -7;  46; -16
BlockStat;28; 696; 120; 8; 8;AffineMVL1;  42; -23;  38; -12;  42; -23
BlockStat;28; 704;  64;16;16;Depth;4
BlockStat;28; 704;  64;16;16;QT_Depth;2
BlockStat;28; 704;  64;16;16;BT_Depth;2
BlockStat;28; 704;  64;16;16;MT_Depth;2
BlockStat;28; 704;  64;16;16;ChromaQPAdj;0
BlockStat;28; 704;  64;16;16;QP;38
BlockStat;28; 704;  64;16;16;SplitSeries;100385
BlockStat;28; 704;  64;16;16;SkipFlag;1
BlockStat;28; 704;  64;16;16;MMVDSkipFlag;0
BlockStat;28; 704;  64;16;16;PredMode;0
BlockStat;28; 704;  64;16;16;MergeIdx;1
BlockStat;28; 704;  64;16;16;MergeType;0
BlockStat;28; 704;  64;16;16;MMVDMergeFlag;0
BlockStat;28; 704;  64;16;16;AffineFlag;1
BlockStat;28; 704;  64;16;16;MVPIdxL0;0
BlockStat;28; 704;  64;16;16;RefIdxL0;0
BlockStat;28; 704;  64;16;16;AffineMVL0;  57; -20;  63; -17;  54; -20
BlockStat;28; 720;  64;16;16;Depth;4
BlockStat;28; 720;  64;16;16;QT_Depth;2
BlockStat;28; 720;  64;16;16;BT_Depth;2
BlockStat;28; 720;  64;16;16;MT_Depth;2
BlockStat;28; 720;  64;16;16;ChromaQPAdj;0
BlockStat;28; 720;  64;16;16;QP;38
BlockStat;28; 720;  64;16;16;SplitSeries;100385
BlockStat;28; 720;  64;16;16;SkipFlag;1
BlockStat;28; 720;  64;16;16;MMVDSkipFlag;0
BlockStat;28; 720;  64;16;16;PredMode;0
BlockStat;28; 720;  64;16;16;MergeIdx;9
BlockStat;28; 720;  64;16;16;MergeType;0
BlockStat;28; 720;  64;16;16;MMVDMergeFlag;1
BlockStat;28; 720;  64;16;16;MMVDMergeIdx;9
BlockStat;28; 720;  64;16;16;MVPIdxL0;255
BlockStat;28; 720;  64;16;16;RefIdxL0;0
BlockStat;28; 720;  64;16;16;MVDL0;   0;   0
BlockStat;28; 720;  64;16;16;MVL0;  56; -17
BlockStat;28; 704;  80;32;16;Depth;3
BlockStat;28; 704;  80;32;16;QT_Depth;2
BlockStat;28; 704;  80;32;16;BT_Depth;1
BlockStat;28; 704;  80;32;16;MT_Depth;1
BlockStat;28; 704;  80;32;16;ChromaQPAdj;0
BlockStat;28; 704;  80;32;16;QP;38
BlockStat;28; 704;  80;32;16;SplitSeries;2081
BlockStat;28; 704;  80;32;16;SkipFlag;1
BlockStat;28; 704;  80;32;16;MMVDSkipFlag;0
BlockStat;28; 704;  80;32;16;PredMode;0
BlockStat;28; 704;  80;32;16;MergeIdx;1
BlockStat;28; 704;  80;32;16;MergeType;0
BlockStat;28; 704;  80;32;16;MMVDMergeFlag;0
BlockStat;28; 704;  80;32;16;AffineFlag;0
BlockStat;28; 704;  80;32;16;MVPIdxL0;255
BlockStat;28; 704;  80;32;16;RefIdxL0;0
BlockStat;28; 704;  80;32;16;MVDL0;   0;   0
BlockStat;28; 704;  80;32;16;MVL0;  56; -17
BlockStat;28; 736;  64;16;32;Depth;3
BlockStat;28; 736;  64;16;32;QT_Depth;2
BlockStat;28; 736;  64;16;32;BT_Depth;1
BlockStat;28; 736;  64;16;32;MT_Depth;1
BlockStat;28; 736;  64;16;32;ChromaQPAdj;0
BlockStat;28; 736;  64;16;32;QP;38
BlockStat;28; 736;  64;16;32;SplitSeries;3105
BlockStat;28; 736;  64;16;32;SkipFlag;0
BlockStat;28; 736;  64;16;32;PredMode;0
BlockStat;28; 736;  64;16;32;MergeFlag;1
BlockStat;28; 736;  64;16;32;MergeIdx;1
BlockStat;28; 736;  64;16;32;MergeType;0
BlockStat;28; 736;  64;16;32;MMVDMergeFlag;0
BlockStat;28; 736;  64;16;32;AffineFlag;1
BlockStat;28; 736;  64;16;32;MVPIdxL0;0
BlockStat;28; 736;  64;16;32;RefIdxL0;0
BlockStat;28; 736;  64;16;32;AffineMVL0;  51;  -9;  46;  -9;  55; -16
BlockStat;28; 736;  64;16;32;Cbf_Y;1
BlockStat;28; 736;  64;16;32;TransformSkipFlag_Y;0
BlockStat;28; 736;  64;16;32;Cbf_Cb;0
BlockStat;28; 736;  64;16;32;Cbf_Cr;0
BlockStat;28; 752;  64; 8;32;Depth;4
BlockStat;28; 752;  64; 8;32;QT_Depth;2
BlockStat;28; 752;  64; 8;32;BT_Depth;2
BlockStat;28; 752;  64; 8;32;MT_Depth;2
BlockStat;28; 752;  64; 8;32;ChromaQPAdj;0
BlockStat;28; 752;  64; 8;32;QP;38
BlockStat;28; 752;  64; 8;32;SplitSeries;101409
BlockStat;28; 752;  64; 8;32;SkipFlag;0
BlockStat;28; 752;  64; 8;32;PredMode;1
BlockStat;28; 752;  64; 8;32;Luma_IntraMode;1
BlockStat;28; 752;  64; 8;32;Chroma_IntraMode;0
BlockStat;28; 752;  64; 8;32;MultiRefIdx;0
BlockStat;28; 752;  64; 8;32;Cbf_Y;1
BlockStat;28; 752;  64; 8;32;TransformSkipFlag_Y;2
BlockStat;28; 752;  64; 8;32;Cbf_Cb;0
BlockStat;28; 752;  64; 8;32;Cbf_Cr;1
BlockStat;28; 760;  64; 8;16;Depth;5
BlockStat;28; 760;  64; 8;16;QT_Depth;2
BlockStat;28; 760;  64; 8;16;BT_Depth;3
BlockStat;28; 760;  64; 8;16;MT_Depth;3
BlockStat;28; 760;  64; 8;16;ChromaQPAdj;0
BlockStat;28; 760;  64; 8;16;QP;38
BlockStat;28; 760;  64; 8;16;SplitSeries;2198561
BlockStat;28; 760;  64; 8;16;SkipFlag;0
BlockStat;28; 760;  64; 8;16;PredMode;1
BlockStat;28; 760;  64; 8;16;Luma_IntraMode;0
BlockStat;28; 760;  64; 8;16;Chroma_IntraMode;0
BlockStat;28; 760;  64; 8;16;MultiRefIdx;0
BlockStat;28; 760;  64; 8;16;Cbf_Y;1
BlockStat;28; 760;  64; 8;16;TransformSkipFlag_Y;2
BlockStat;28; 760;  64; 8;16;Cbf_Cb;0
BlockStat;28; 760;  64; 8;16;Cbf_Cr;0
BlockStat;28; 760;  80; 8;16;Depth;5
BlockStat;28; 760;  80; 8;16;QT_Depth;2
BlockStat;28; 760;  80; 8;16;BT_Depth;3
BlockStat;28; 760;  80; 8;16;MT_Depth;3
BlockStat;28; 760;  80; 8;16;ChromaQPAdj;0
BlockStat;28; 760;  80; 8;16;QP;38
BlockStat;28; 760;  80; 8;16;SplitSeries;2198561
BlockStat;28; 760;  80; 8;16;SkipFlag;0
BlockStat;28; 760;  80; 8;16;PredMode;1
BlockStat;28; 760;  80; 8;16;Luma_IntraMode;0
BlockStat;28; 760;  80; 8;16;Chroma_IntraMode;0
BlockStat;28; 760;  80; 8;16;MultiRefIdx;0
BlockStat;28; 760;  80; 8;16;Cbf_Y;1
BlockStat;28; 760;  80; 8;16;TransformSkipFlag_Y;2
BlockStat;28; 760;  80; 8;16;Cbf_Cb;0
BlockStat;28; 760;  80; 8;16;Cbf_Cr;1
BlockStat;28; 704;  96;32; 8;Depth;3
BlockStat;28; 704;  96;32; 8;QT_Depth;2
BlockStat;28; 704;  96;32; 8;BT_Depth;2
BlockStat;28; 704;  96;32; 8;MT_Depth;1
BlockStat;28; 704;  96;32; 8;ChromaQPAdj;0
BlockStat;28; 704;  96;32; 8;QP;38
BlockStat;28; 704;  96;32; 8;SplitSeries;4129
BlockStat;28; 704;  96;32; 8;SkipFlag;0
BlockStat;28; 704;  96;32; 8;PredMode;0
BlockStat;28; 704;  96;32; 8;MergeFlag;0
BlockStat;28; 704;  96;32; 8;InterDir;1
BlockStat;28; 704;  96;32; 8;MVPIdxL0;1
BlockStat;28; 704;  96;32; 8;RefIdxL0;0
BlockStat;28; 704;  96;32; 8;MVDL0;   0;   0
BlockStat;28; 704;  96;32; 8;MVL0;  54; -16
BlockStat;28; 704;  96;32; 8;RootCbf;1
BlockStat;28; 704;  96;16; 8;Cbf_Y;2
BlockStat;28; 704;  96;16; 8;TransformSkipFlag_Y;0
BlockStat;28; 704;  96;16; 8;Cbf_Cb;0
BlockStat;28; 704;  96;16; 8;Cbf_Cr;0
BlockStat;28; 720;  96;16; 8;Cbf_Y;0
BlockStat;28; 720;  96;16; 8;TransformSkipFlag_Y;0
BlockStat;28; 720;  96;16; 8;Cbf_Cb;0
BlockStat;28; 720;  96;16; 8;Cbf_Cr;0
BlockStat;28; 704; 104; 4;16;Depth;5
BlockStat;28; 704; 104; 4;16;QT_Depth;2
BlockStat;28; 704; 104; 4;16;BT_Depth;4
BlockStat;28; 704; 104; 4;16;MT_Depth;3
BlockStat;28; 704; 104; 4;16;ChromaQPAdj;0
BlockStat;28; 704; 104; 4;16;QP;38
BlockStat;28; 704; 104; 4;16;SplitSeries;3313697
BlockStat;28; 704; 104; 4;16;SkipFlag;0
BlockStat;28; 704; 104; 4;16;PredMode;0
BlockStat;28; 704; 104; 4;16;MergeFlag;1
BlockStat;28; 704; 104; 4;16;MergeIdx;0
BlockStat;28; 704; 104; 4;16;MergeType;0
BlockStat;28; 704; 104; 4;16;MMVDMergeFlag;0
BlockStat;28; 704; 104; 4;16;MHIntraFlag;1
BlockStat;28; 704; 104; 4;16;Luma_IntraMode;0
BlockStat;28; 704; 104; 4;16;Chroma_IntraMode;70
BlockStat;28; 704; 104; 4;16;MVPIdxL0;255
BlockStat;28; 704; 104; 4;16;RefIdxL0;0
BlockStat;28; 704; 104; 4;16;MVPIdxL1;255
BlockStat;28; 704; 104; 4;16;RefIdxL1;0
BlockStat;28; 704; 104; 4;16;MVDL0;   0;   0
BlockStat;28; 704; 104; 4;16;MVL0;  39;  -3
BlockStat;28; 704; 104; 4;16;MVDL1;   0;   0
BlockStat;28; 704; 104; 4;16;MVL1;  37;  -7
BlockStat;28; 704; 104; 4;16;Cbf_Y;1
BlockStat;28; 704; 104; 4;16;TransformSkipFlag_Y;0
BlockStat;28; 704; 104; 4;16;Cbf_Cb;0
BlockStat;28; 704; 104; 4;16;Cbf_Cr;1
BlockStat;28; 708; 104; 4;16;Depth;5
BlockStat;28; 708; 104; 4;16;QT_Depth;2
BlockStat;28; 708; 104; 4;16;BT_Depth;4
BlockStat;28; 708; 104; 4;16;MT_Depth;3
BlockStat;28; 708; 104; 4;16;ChromaQPAdj;0
BlockStat;28; 708; 104; 4;16;QP;38
BlockStat;28; 708; 104; 4;16;SplitSeries;3313697
BlockStat;28; 708; 104; 4;16;SkipFlag;0
BlockStat;28; 708; 104; 4;16;PredMode;0
BlockStat;28; 708; 104; 4;16;MergeFlag;1
BlockStat;28; 708; 104; 4;16;MergeIdx;1
BlockStat;28; 708; 104; 4;16;MergeType;0
BlockStat;28; 708; 104; 4;16;MMVDMergeFlag;0
BlockStat;28; 708; 104; 4;16;MHIntraFlag;1
BlockStat;28; 708; 104; 4;16;Luma_IntraMode;0
BlockStat;28; 708; 104; 4;16;Chroma_IntraMode;70
BlockStat;28; 708; 104; 4;16;MVPIdxL0;255
BlockStat;28; 708; 104; 4;16;RefIdxL0;0
BlockStat;28; 708; 104; 4;16;MVDL0;   0;   0
BlockStat;28; 708; 104; 4;16;MVL0;  54; -16
BlockStat;28; 708; 104; 4;16;Cbf_Y;1
BlockStat;28; 708; 104; 4;16;TransformSkipFlag_Y;0
BlockStat;28; 708; 104; 4;16;Cbf_Cb;0
BlockStat;28; 708; 104; 4;16;Cbf_Cr;0
BlockStat;28; 712; 104;16;16;Depth;4
BlockStat;28; 712; 104;16;16;QT_Depth;2
BlockStat;28; 712; 104;16;16;BT_Depth;2
BlockStat;28; 712; 104;16;16;MT_Depth;2
BlockStat;28; 712; 104;16;16;ChromaQPAdj;0
BlockStat;28; 712; 104;16;16;QP;38
BlockStat;28; 712; 104;16;16;SplitSeries;167969
BlockStat;28; 712; 104;16;16;SkipFlag;0
BlockStat;28; 712; 104;16;16;PredMode;0
BlockStat;28; 712; 104;16;16;MergeFlag;0
BlockStat;28; 712; 104;16;16;InterDir;1
BlockStat;28; 712; 104;16;16;AffineFlag;1
BlockStat;28; 712; 104;16;16;AffineType;1
BlockStat;28; 712; 104;16;16;MVPIdxL0;0
BlockStat;28; 712; 104;16;16;RefIdxL0;0
BlockStat;28; 712; 104;16;16;AffineMVL0;  54; -16;  54; -16;  63; -13
BlockStat;28; 712; 104;16;16;RootCbf;0
BlockStat;28; 728; 104; 8;16;Depth;4
BlockStat;28; 728; 104; 8;16;QT_Depth;2
BlockStat;28; 728; 104; 8;16;BT_Depth;3
BlockStat;28; 728; 104; 8;16;MT_Depth;2
BlockStat;28; 728; 104; 8;16;ChromaQPAdj;0
BlockStat;28; 728; 104; 8;16;QP;38
BlockStat;28; 728; 104; 8;16;SplitSeries;167969
BlockStat;28; 728; 104; 8;16;SkipFlag;1
BlockStat;28; 728; 104; 8;16;MMVDSkipFlag;0
BlockStat;28; 728; 104; 8;16;PredMode;0
BlockStat;28; 728; 104; 8;16;MergeIdx;0
BlockStat;28; 728; 104; 8;16;MergeType;0
BlockStat;28; 728; 104; 8;16;MMVDMergeFlag;0
BlockStat;28; 728; 104; 8;16;AffineFlag;0
BlockStat;28; 728; 104; 8;16;MVPIdxL0;255
BlockStat;28; 728; 104; 8;16;RefIdxL0;0
BlockStat;28; 728; 104; 8;16;MVDL0;   0;   0
BlockStat;28; 728; 104; 8;16;MVL0;  63; -13
BlockStat;28; 704; 120;32; 8;Depth;3
BlockStat;28; 704; 120;32; 8;QT_Depth;2
BlockStat;28; 704; 120;32; 8;BT_Depth;2
BlockStat;28; 704; 120;32; 8;MT_Depth;1
BlockStat;28; 704; 120;32; 8;ChromaQPAdj;0
BlockStat;28; 704; 120;32; 8;QP;38
BlockStat;28; 704; 120;32; 8;SplitSeries;4129
BlockStat;28; 704; 120;32; 8;SkipFlag;1
BlockStat;28; 704; 120;32; 8;MMVDSkipFlag;0
BlockStat;28; 704; 120;32; 8;PredMode;0
BlockStat;28; 704; 120;32; 8;MergeIdx;1
BlockStat;28; 704; 120;32; 8;MergeType;0
BlockStat;28; 704; 120;32; 8;MMVDMergeFlag;0
BlockStat;28; 704; 120;32; 8;AffineFlag;0
BlockStat;28; 704; 120;32; 8;MVPIdxL0;255
BlockStat;28; 704; 120;32; 8;RefIdxL0;0
BlockStat;28; 704; 120;32; 8;MVDL0;   0;   0
BlockStat;28; 704; 120;32; 8;MVL0;  63; -13
BlockStat;28; 736;  96; 8;16;Depth;4
BlockStat;28; 736;  96; 8;16;QT_Depth;3
BlockStat;28; 736;  96; 8;16;BT_Depth;1
BlockStat;28; 736;  96; 8;16;MT_Depth;1
BlockStat;28; 736;  96; 8;16;ChromaQPAdj;0
BlockStat;28; 736;  96; 8;16;QP;38
BlockStat;28; 736;  96; 8;16;SplitSeries;99361
BlockStat;28; 736;  96; 8;16;SkipFlag;1
BlockStat;28; 736;  96; 8;16;MMVDSkipFlag;0
BlockStat;28; 736;  96; 8;16;PredMode;0
BlockStat;28; 736;  96; 8;16;MergeIdx;1
BlockStat;28; 736;  96; 8;16;MergeType;0
BlockStat;28; 736;  96; 8;16;MMVDMergeFlag;0
BlockStat;28; 736;  96; 8;16;AffineFlag;0
BlockStat;28; 736;  96; 8;16;MVPIdxL0;255
BlockStat;28; 736;  96; 8;16;RefIdxL0;0
BlockStat;28; 736;  96; 8;16;MVDL0;   0;   0
BlockStat;28; 736;  96; 8;16;MVL0;  53; -16
BlockStat;28; 744;  96; 8; 4;Depth;5
BlockStat;28; 744;  96; 8; 4;QT_Depth;3
BlockStat;28; 744;  96; 8; 4;BT_Depth;3
BlockStat;28; 744;  96; 8; 4;MT_Depth;2
BlockStat;28; 744;  96; 8; 4;ChromaQPAdj;0
BlockStat;28; 744;  96; 8; 4;QP;38
BlockStat;28; 744;  96; 8; 4;SplitSeries;4293665
BlockStat;28; 744;  96; 8; 4;SkipFlag;0
BlockStat;28; 744;  96; 8; 4;PredMode;0
BlockStat;28; 744;  96; 8; 4;MergeFlag;1
BlockStat;28; 744;  96; 8; 4;MergeIdx;1
BlockStat;28; 744;  96; 8; 4;MergeType;0
BlockStat;28; 744;  96; 8; 4;MMVDMergeFlag;0
BlockStat;28; 744;  96; 8; 4;MVPIdxL0;255
BlockStat;28; 744;  96; 8; 4;RefIdxL0;0
BlockStat;28; 744;  96; 8; 4;MVDL0;   0;   0
BlockStat;28; 744;  96; 8; 4;MVL0;  49; -16
BlockStat;28; 744;  96; 8; 4;Cbf_Y;1
BlockStat;28; 744;  96; 8; 4;TransformSkipFlag_Y;0
BlockStat;28; 744;  96; 8; 4;Cbf_Cb;0
BlockStat;28; 744;  96; 8; 4;Cbf_Cr;0
BlockStat;28; 744; 100; 8; 8;Depth;5
BlockStat;28; 744; 100; 8; 8;QT_Depth;3
BlockStat;28; 744; 100; 8; 8;BT_Depth;2
BlockStat;28; 744; 100; 8; 8;MT_Depth;2
BlockStat;28; 744; 100; 8; 8;ChromaQPAdj;0
BlockStat;28; 744; 100; 8; 8;QP;38
BlockStat;28; 744; 100; 8; 8;SplitSeries;4293665
BlockStat;28; 744; 100; 8; 8;SkipFlag;1
BlockStat;28; 744; 100; 8; 8;MMVDSkipFlag;0
BlockStat;28; 744; 100; 8; 8;PredMode;0
BlockStat;28; 744; 100; 8; 8;MergeIdx;0
BlockStat;28; 744; 100; 8; 8;MergeType;1
BlockStat;28; 744; 100; 8; 8;MMVDMergeFlag;0
BlockStat;28; 744; 100; 8; 8;AffineFlag;1
BlockStat;28; 744; 100; 8; 8;MVPIdxL0;255
BlockStat;28; 744; 100; 8; 8;RefIdxL0;0
BlockStat;28; 744; 100; 8; 8;MVPIdxL1;255
BlockStat;28; 744; 100; 8; 8;RefIdxL1;0
BlockStat;28; 744; 100; 8; 8;AffineMVL0;  32;  24;  32;  24;  32;  24
BlockStat;28; 744; 100; 8; 8;AffineMVL1;  32;  24;  32;  24;  32;  24
BlockStat;28; 744; 108; 8; 4;Depth;5
BlockStat;28; 744; 108; 8; 4;QT_Depth;3
BlockStat;28; 744; 108; 8; 4;BT_Depth;3
BlockStat;28; 744; 108; 8; 4;MT_Depth;2
BlockStat;28; 744; 108; 8; 4;ChromaQPAdj;0
BlockStat;28; 744; 108; 8; 4;QP;38
BlockStat;28; 744; 108; 8; 4;SplitSeries;4293665
BlockStat;28; 744; 108; 8; 4;SkipFlag;1
BlockStat;28; 744; 108; 8; 4;MMVDSkipFlag;0
BlockStat;28; 744; 108; 8; 4;PredMode;0
BlockStat;28; 744; 108; 8; 4;MergeIdx;0
BlockStat;28; 744; 108; 8; 4;MergeType;0
BlockStat;28; 744; 108; 8; 4;MMVDMergeFlag;0
BlockStat;28; 744; 108; 8; 4;MVPIdxL0;255
BlockStat;28; 744; 108; 8; 4;RefIdxL0;0
BlockStat;28; 744; 108; 8; 4;MVDL0;   0;   0
BlockStat;28; 744; 108; 8; 4;MVL0;  53; -16
BlockStat;28; 752;  96;16; 8;Depth;4
BlockStat;28; 752;  96;16; 8;QT_Depth;3
BlockStat;28; 752;  96;16; 8;BT_Depth;1
BlockStat;28; 752;  96;16; 8;MT_Depth;1
BlockStat;28; 752;  96;16; 8;ChromaQPAdj;0
BlockStat;28; 752;  96;16; 8;QP;38
BlockStat;28; 752;  96;16; 8;SplitSeries;66593
BlockStat;28; 752;  96;16; 8;SkipFlag;0
BlockStat;28; 752;  96;16; 8;PredMode;1
BlockStat;28; 752;  96;16; 8;Luma_IntraMode;1
BlockStat;28; 752;  96;16; 8;Chroma_IntraMode;1
BlockStat;28; 752;  96;16; 8;MultiRefIdx;0
BlockStat;28; 752;  96; 4; 8;Cbf_Y;2
BlockStat;28; 752;  96; 4; 8;TransformSkipFlag_Y;0
BlockStat;28;   0;   0; 0; 0;Cbf_Cb;0
BlockStat;28;   0;   0; 0; 0;Cbf_Cr;0
BlockStat;28; 756;  96; 4; 8;Cbf_Y;2
BlockStat;28; 756;  96; 4; 8;TransformSkipFlag_Y;0
BlockStat;28;   0;   0; 0; 0;Cbf_Cb;0
BlockStat;28;   0;   0; 0; 0;Cbf_Cr;0
BlockStat;28; 760;  96; 4; 8;Cbf_Y;2
BlockStat;28; 760;  96; 4; 8;TransformSkipFlag_Y;0
BlockStat;28;   0;   0; 0; 0;Cbf_Cb;0
BlockStat;28;   0;   0; 0; 0;Cbf_Cr;0
BlockStat;28; 764;  96; 4; 8;Cbf_Y;0
BlockStat;28; 764;  96; 4; 8;TransformSkipFlag_Y;0
BlockStat;28; 752;  96;16; 8;Cbf_Cb;2
BlockStat;28; 752;  96;16; 8;Cbf_Cr;0
BlockStat;28; 752; 104;16; 8;Depth;4
BlockStat;28; 752; 104;16; 8;QT_Depth;3
BlockStat;28; 752; 104;16; 8;BT_Depth;1
BlockStat;28; 752; 104;16; 8;MT_Depth;1
BlockStat;28; 752; 104;16; 8;ChromaQPAdj;0
BlockStat;28; 752; 104;16; 8;QP;38
BlockStat;28; 752; 104;16; 8;SplitSeries;66593
BlockStat;28; 752; 104;16; 8;SkipFlag;0
BlockStat;28; 752; 104;16; 8;PredMode;1
BlockStat;28; 752; 104;16; 8;Luma_IntraMode;1
BlockStat;28; 752; 104;16; 8;Chroma_IntraMode;1
BlockStat;28; 752; 104;16; 8;MultiRefIdx;0
BlockStat;28; 752; 104;16; 8;Cbf_Y;1
BlockStat;28; 752; 104;16; 8;TransformSkipFlag_Y;0
BlockStat;28; 752; 104;16; 8;Cbf_Cb;0
BlockStat;28; 752; 104;16; 8;Cbf_Cr;0
BlockStat;28; 736; 112; 8;16;Depth;4
BlockStat;28; 736; 112; 8;16;QT_Depth;3
BlockStat;28; 736; 112; 8;16;BT_Depth;1
BlockStat;28; 736; 112; 8;16;MT_Depth;1
BlockStat;28; 736; 112; 8;16;ChromaQPAdj;0
BlockStat;28; 736; 112; 8;16;QP;38
BlockStat;28; 736; 112; 8;16;SplitSeries;99361
BlockStat;28; 736; 112; 8;16;SkipFlag;1
BlockStat;28; 736; 112; 8;16;MMVDSkipFlag;0
BlockStat;28; 736; 112; 8;16;PredMode;0
BlockStat;28; 736; 112; 8;16;MergeIdx;1
BlockStat;28; 736; 112; 8;16;MergeType;0
BlockStat;28; 736; 112; 8;16;MMVDMergeFlag;0
BlockStat;28; 736; 112; 8;16;AffineFlag;1
BlockStat;28; 736; 112; 8;16;MVPIdxL0;0
BlockStat;28; 736; 112; 8;16;RefIdxL0;0
BlockStat;28; 736; 112; 8;16;AffineMVL0;  60; -13;  55; -15;  60; -13
BlockStat;28; 744; 112; 8;16;Depth;4
BlockStat;28; 744; 112; 8;16;QT_Depth;3
BlockStat;28; 744; 112; 8;16;BT_Depth;1
BlockStat;28; 744; 112; 8;16;MT_Depth;1
BlockStat;28; 744; 112; 8;16;ChromaQPAdj;0
BlockStat;28; 744; 112; 8;16;QP;38
BlockStat;28; 744; 112; 8;16;SplitSeries;99361
BlockStat;28; 744; 112; 8;16;SkipFlag;0
BlockStat;28; 744; 112; 8;16;PredMode;0
BlockStat;28; 744; 112; 8;16;MergeFlag;1
BlockStat;28; 744; 112; 8;16;MergeIdx;1
BlockStat;28; 744; 112; 8;16;MergeType;0
BlockStat;28; 744; 112; 8;16;MMVDMergeFlag;0
BlockStat;28; 744; 112; 8;16;AffineFlag;1
BlockStat;28; 744; 112; 8;16;MVPIdxL0;0
BlockStat;28; 744; 112; 8;16;RefIdxL0;0
BlockStat;28; 744; 112; 8;16;AffineMVL0;  50; -17;  46; -19;  50; -17
BlockStat;28; 744; 112; 8;12;Cbf_Y;0
BlockStat;28; 744; 112; 8;12;TransformSkipFlag_Y;0
BlockStat;28; 744; 112; 8;12;Cbf_Cb;0
BlockStat;28; 744; 112; 8;12;Cbf_Cr;0
BlockStat;28; 744; 124; 8; 4;Cbf_Y;2
BlockStat;28; 744; 124; 8; 4;TransformSkipFlag_Y;0
BlockStat;28; 744; 124; 8; 4;Cbf_Cb;0
BlockStat;28; 744; 124; 8; 4;Cbf_Cr;0
BlockStat;28; 752; 112; 4; 8;Depth;5
BlockStat;28; 752; 112; 4; 8;QT_Depth;4
BlockStat;28; 752; 112; 4; 8;BT_Depth;1
BlockStat;28; 752; 112; 4; 8;MT_Depth;1
BlockStat;28; 752; 112; 4; 8;ChromaQPAdj;0
BlockStat;28; 752; 112; 4; 8;QP;38
BlockStat;28; 752; 112; 4; 8;SplitSeries;3179553
BlockStat;28; 752; 112; 4; 8;SkipFlag;1
BlockStat;28; 752; 112; 4; 8;MMVDSkipFlag;0
BlockStat;28; 752; 112; 4; 8;PredMode;0
BlockStat;28; 752; 112; 4; 8;MergeIdx;0
BlockStat;28; 752; 112; 4; 8;MergeType;0
BlockStat;28; 752; 112; 4; 8;MMVDMergeFlag;0
BlockStat;28; 752; 112; 4; 8;MVPIdxL0;255
BlockStat;28; 752; 112; 4; 8;RefIdxL0;0
BlockStat;28; 752; 112; 4; 8;MVDL0;   0;   0
BlockStat;28; 752; 112; 4; 8;MVL0;  46; -19
BlockStat;28; 756; 112; 4; 8;Depth;5
BlockStat;28; 756; 112; 4; 8;QT_Depth;4
BlockStat;28; 756; 112; 4; 8;BT_Depth;1
BlockStat;28; 756; 112; 4; 8;MT_Depth;1
BlockStat;28; 756; 112; 4; 8;ChromaQPAdj;0
BlockStat;28; 756; 112; 4; 8;QP;38
BlockStat;28; 756; 112; 4; 8;SplitSeries;3179553
BlockStat;28; 756; 112; 4; 8;SkipFlag;0
BlockStat;28; 756; 112; 4; 8;PredMode;0
BlockStat;28; 756; 112; 4; 8;MergeFlag;0
BlockStat;28; 756; 112; 4; 8;InterDir;1
BlockStat;28; 756; 112; 4; 8;MVPIdxL0;0
BlockStat;28; 756; 112; 4; 8;RefIdxL0;0
BlockStat;28; 756; 112; 4; 8;MVDL0;   0;  -4
BlockStat;28; 756; 112; 4; 8;MVL0;  44; -24
BlockStat;28; 756; 112; 4; 8;IMVMode;1
BlockStat;28; 756; 112; 4; 8;RootCbf;1
BlockStat;28; 756; 112; 4; 4;Cbf_Y;0
BlockStat;28; 756; 112; 4; 4;TransformSkipFlag_Y;0
BlockStat;28; 756; 112; 4; 4;Cbf_Cb;0
BlockStat;28; 756; 112; 4; 4;Cbf_Cr;0
BlockStat;28; 756; 116; 4; 4;Cbf_Y;2
BlockStat;28; 756; 116; 4; 4;TransformSkipFlag_Y;0
BlockStat;28; 756; 116; 4; 4;Cbf_Cb;0
BlockStat;28; 756; 116; 4; 4;Cbf_Cr;0
BlockStat;28; 760; 112; 8; 8;Depth;4
BlockStat;28; 760; 112; 8; 8;QT_Depth;4
BlockStat;28; 760; 112; 8; 8;BT_Depth;0
BlockStat;28; 760; 112; 8; 8;MT_Depth;0
BlockStat;28; 760; 112; 8; 8;ChromaQPAdj;0
BlockStat;28; 760; 112; 8; 8;QP;38
BlockStat;28; 760; 112; 8; 8;SplitSeries;33825
BlockStat;28; 760; 112; 8; 8;SkipFlag;0
BlockStat;28; 760; 112; 8; 8;PredMode;1
BlockStat;28; 760; 112; 8; 8;Luma_IntraMode;14
BlockStat;28; 760; 112; 8; 8;Chroma_IntraMode;0
BlockStat;28; 760; 112; 8; 8;MultiRefIdx;0
BlockStat;28; 760; 112; 8; 8;Cbf_Y;1
BlockStat;28; 760; 112; 8; 8;TransformSkipFlag_Y;0
BlockStat;28; 760; 112; 8; 8;Cbf_Cb;0
BlockStat;28; 760; 112; 8; 8;Cbf_Cr;0
BlockStat;28; 752; 120; 8; 8;Depth;4
BlockStat;28; 752; 120; 8; 8;QT_Depth;4
BlockStat;28; 752; 120; 8; 8;BT_Depth;0
BlockStat;28; 752; 120; 8; 8;MT_Depth;0
BlockStat;28; 752; 120; 8; 8;ChromaQPAdj;0
BlockStat;28; 752; 120; 8; 8;QP;38
BlockStat;28; 752; 120; 8; 8;SplitSeries;33825
BlockStat;28; 752; 120; 8; 8;SkipFlag;0
BlockStat;28; 752; 120; 8; 8;PredMode;1
BlockStat;28; 752; 120; 8; 8;Luma_IntraMode;0
BlockStat;28; 752; 120; 8; 8;Chroma_IntraMode;0
BlockStat;28; 752; 120; 8; 8;MultiRefIdx;0
BlockStat;28; 752; 120; 8; 8;Cbf_Y;1
BlockStat;28; 752; 120; 8; 8;TransformSkipFlag_Y;2
BlockStat;28; 752; 120; 8; 8;Cbf_Cb;0
BlockStat;28; 752; 120; 8; 8;Cbf_Cr;1
BlockStat;28; 760; 120; 8; 8;Depth;4
BlockStat;28; 760; 120; 8; 8;QT_Depth;4
BlockStat;28; 760; 120; 8; 8;BT_Depth;0
BlockStat;28; 760; 120; 8; 8;MT_Depth;0
BlockStat;28; 760; 120; 8; 8;ChromaQPAdj;0
BlockStat;28; 760; 120; 8; 8;QP;38
BlockStat;28; 760; 120; 8; 8;SplitSeries;33825
BlockStat;28; 760; 120; 8; 8;SkipFlag;0
BlockStat;28; 760; 120; 8; 8;PredMode;1
BlockStat;28; 760; 120; 8; 8;Luma_IntraMode;50
BlockStat;28; 760; 120; 8; 8;Chroma_IntraMode;50
BlockStat;28; 760; 120; 8; 8;MultiRefIdx;0
BlockStat;28; 760; 120; 2; 8;Cbf_Y;0
BlockStat;28; 760; 120; 2; 8;TransformSkipFlag_Y;0
BlockStat;28;   0;   0; 0; 0;Cbf_Cb;0
BlockStat;28;   0;   0; 0; 0;Cbf_Cr;0
BlockStat;28; 762; 120; 2; 8;Cbf_Y;0
BlockStat;28; 762; 120; 2; 8;TransformSkipFlag_Y;0
BlockStat;28;   0;   0; 0; 0;Cbf_Cb;0
BlockStat;28;   0;   0; 0; 0;Cbf_Cr;0
BlockStat;28; 764; 120; 2; 8;Cbf_Y;0
BlockStat;28; 764; 120; 2; 8;TransformSkipFlag_Y;0
BlockStat;28;   0;   0; 0; 0;Cbf_Cb;0
BlockStat;28;   0;   0; 0; 0;Cbf_Cr;0
BlockStat;28; 766; 120; 2; 8;Cbf_Y;2
BlockStat;28; 766; 120; 2; 8;TransformSkipFlag_Y;0
BlockStat;28; 760; 120; 8; 8;Cbf_Cb;0
BlockStat;28; 760; 120; 8; 8;Cbf_Cr;0
BlockStat;28; 768;   0;64;32;Depth;2
BlockStat;28; 768;   0;64;32;QT_Depth;1
BlockStat;28; 768;   0;64;32;BT_Depth;1
BlockStat;28; 768;   0;64;32;MT_Depth;1
BlockStat;28; 768;   0;64;32;ChromaQPAdj;0
BlockStat;28; 768;   0;64;32;QP;38
BlockStat;28; 768;   0;64;32;SplitSeries;65
BlockStat;28; 768;   0;64;32;SkipFlag;0
BlockStat;28; 768;   0;64;32;PredMode;0
BlockStat;28; 768;   0;64;32;MergeFlag;0
BlockStat;28; 768;   0;64;32;InterDir;1
BlockStat;28; 768;   0;64;32;AffineFlag;0
BlockStat;28; 768;   0;64;32;MVPIdxL0;0
BlockStat;28; 768;   0;64;32;RefIdxL0;0
BlockStat;28; 768;   0;64;32;MVDL0;   0;   0
BlockStat;28; 768;   0;64;32;MVL0; -18;  25
BlockStat;28; 768;   0;64;32;RootCbf;0
BlockStat;28; 768;  32;64;32;Depth;2
BlockStat;28; 768;  32;64;32;QT_Depth;1
BlockStat;28; 768;  32;64;32;BT_Depth;1
BlockStat;28; 768;  32;64;32;MT_Depth;1
BlockStat;28; 768;  32;64;32;ChromaQPAdj;0
BlockStat;28; 768;  32;64;32;QP;38
BlockStat;28; 768;  32;64;32;SplitSeries;65
BlockStat;28; 768;  32;64;32;SkipFlag;1
BlockStat;28; 768;  32;64;32;MMVDSkipFlag;0
BlockStat;28; 768;  32;64;32;PredMode;0
BlockStat;28; 768;  32;64;32;MergeIdx;0
BlockStat;28; 768;  32;64;32;MergeType;0
BlockStat;28; 768;  32;64;32;MMVDMergeFlag;0
BlockStat;28; 768;  32;64;32;AffineFlag;0
BlockStat;28; 768;  32;64;32;MVPIdxL0;255
BlockStat;28; 768;  32;64;32;RefIdxL0;0
BlockStat;28; 768;  32;64;32;MVDL0;   0;   0
BlockStat;28; 768;  32;64;32;MVL0; -18;  25
BlockStat;28; 768;  64; 4;32;Depth;4
BlockStat;28; 768;  64; 4;32;QT_Depth;2
BlockStat;28; 768;  64; 4;32;BT_Depth;3
BlockStat;28; 768;  64; 4;32;MT_Depth;2
BlockStat;28; 768;  64; 4;32;ChromaQPAdj;0
BlockStat;28; 768;  64; 4;32;QP;38
BlockStat;28; 768;  64; 4;32;SplitSeries;166945
BlockStat;28; 768;  64; 4;32;SkipFlag;0
BlockStat;28; 768;  64; 4;32;PredMode;1
BlockStat;28; 768;  64; 4;32;Luma_IntraMode;1
BlockStat;28; 768;  64; 4;32;Chroma_IntraMode;1
BlockStat;28; 768;  64; 4;32;MultiRefIdx;1
BlockStat;28; 768;  64; 4;32;Cbf_Y;1
BlockStat;28; 768;  64; 4;32;TransformSkipFlag_Y;2
BlockStat;28; 768;  64; 4;32;Cbf_Cb;0
BlockStat;28; 768;  64; 4;32;Cbf_Cr;0
BlockStat;28; 772;  64; 8;32;Depth;4
BlockStat;28; 772;  64; 8;32;QT_Depth;2
BlockStat;28; 772;  64; 8;32;BT_Depth;2
BlockStat;28; 772;  64; 8;32;MT_Depth;2
BlockStat;28; 772;  64; 8;32;ChromaQPAdj;0
BlockStat;28; 772;  64; 8;32;QP;38
BlockStat;28; 772;  64; 8;32;SplitSeries;166945
BlockStat;28; 772;  64; 8;32;SkipFlag;1
BlockStat;28; 772;  64; 8;32;MMVDSkipFlag;0
BlockStat;28; 772;  64; 8;32;PredMode;0
BlockStat;28; 772;  64; 8;32;MergeIdx;0
BlockStat;28; 772;  64; 8;32;MergeType;0
BlockStat;28; 772;  64; 8;32;MMVDMergeFlag;0
BlockStat;28; 772;  64; 8;32;AffineFlag;0
BlockStat;28; 772;  64; 8;32;MVPIdxL0;255
BlockStat;28; 772;  64; 8;32;RefIdxL0;0
BlockStat;28; 772;  64; 8;32;MVDL0;   0;   0
BlockStat;28; 772;  64; 8;32;MVL0; -18;  25
BlockStat;28; 780;  64; 4;32;Depth;4
BlockStat;28; 780;  64; 4;32;QT_Depth;2
BlockStat;28; 780;  64; 4;32;BT_Depth;3
BlockStat;28; 780;  64; 4;32;MT_Depth;2
BlockStat;28; 780;  64; 4;32;ChromaQPAdj;0
BlockStat;28; 780;  64; 4;32;QP;38
BlockStat;28; 780;  64; 4;32;SplitSeries;166945
BlockStat;28; 780;  64; 4;32;SkipFlag;1
BlockStat;28; 780;  64; 4;32;MMVDSkipFlag;0
BlockStat;28; 780;  64; 4;32;PredMode;0
BlockStat;28; 780;  64; 4;32;MergeIdx;0
BlockStat;28; 780;  64; 4;32;MergeType;0
BlockStat;28; 780;  64; 4;32;MMVDMergeFlag;0
BlockStat;28; 780;  64; 4;32;MVPIdxL0;255
BlockStat;28; 780;  64; 4;32;RefIdxL0;0
BlockStat;28; 780;  64; 4;32;MVDL0;   0;   0
BlockStat;28; 780;  64; 4;32;MVL0; -18;  25
BlockStat;28; 784;  64;16;32;Depth;3
BlockStat;28; 784;  64;16;32;QT_Depth;2
BlockStat;28; 784;  64;16;32;BT_Depth;1
BlockStat;28; 784;  64;16;32;MT_Depth;1
BlockStat;28; 784;  64;16;32;ChromaQPAdj;0
BlockStat;28; 784;  64;16;32;QP;38
BlockStat;28; 784;  64;16;32;SplitSeries;3105
BlockStat;28; 784;  64;16;32;SkipFlag;1
BlockStat;28; 784;  64;16;32;MMVDSkipFlag;0
BlockStat;28; 784;  64;16;32;PredMode;0
BlockStat;28; 784;  64;16;32;MergeIdx;0
BlockStat;28; 784;  64;16;32;MergeType;0
BlockStat;28; 784;  64;16;32;MMVDMergeFlag;0
BlockStat;28; 784;  64;16;32;AffineFlag;0
BlockStat;28; 784;  64;16;32;MVPIdxL0;255
BlockStat;28; 784;  64;16;32;RefIdxL0;0
BlockStat;28; 784;  64;16;32;MVDL0;   0;   0
BlockStat;28; 784;  64;16;32;MVL0; -18;  25
BlockStat;28; 800;  64; 8; 8;Depth;4
BlockStat;28; 800;  64; 8; 8;QT_Depth;2
BlockStat;28; 800;  64; 8; 8;BT_Depth;4
BlockStat;28; 800;  64; 8; 8;MT_Depth;2
BlockStat;28; 800;  64; 8; 8;ChromaQPAdj;0
BlockStat;28; 800;  64; 8; 8;QP;38
BlockStat;28; 800;  64; 8; 8;SplitSeries;167969
BlockStat;28; 800;  64; 8; 8;SkipFlag;1
BlockStat;28; 800;  64; 8; 8;MMVDSkipFlag;0
BlockStat;28; 800;  64; 8; 8;PredMode;0
BlockStat;28; 800;  64; 8; 8;MergeIdx;0
BlockStat;28; 800;  64; 8; 8;MergeType;0
BlockStat;28; 800;  64; 8; 8;MMVDMergeFlag;0
BlockStat;28; 800;  64; 8; 8;AffineFlag;0
BlockStat;28; 800;  64; 8; 8;MVPIdxL0;255
BlockStat;28; 800;  64; 8; 8;RefIdxL0;0
BlockStat;28; 800;  64; 8; 8;MVDL0;   0;   0
BlockStat;28; 800;  64; 8; 8;MVL0; -18;  25
BlockStat;28; 808;  64;16; 8;Depth;4
BlockStat;28; 808;  64;16; 8;QT_Depth;2
BlockStat;28; 808;  64;16; 8;BT_Depth;3
BlockStat;28; 808;  64;16; 8;MT_Depth;2
BlockStat;28; 808;  64;16; 8;ChromaQPAdj;0
BlockStat;28; 808;  64;16; 8;QP;38
BlockStat;28; 808;  64;16; 8;SplitSeries;167969
BlockStat;28; 808;  64;16; 8;SkipFlag;1
BlockStat;28; 808;  64;16; 8;MMVDSkipFlag;0
BlockStat;28; 808;  64;16; 8;PredMode;0
BlockStat;28; 808;  64;16; 8;MergeIdx;0
BlockStat;28; 808;  64;16; 8;MergeType;0
BlockStat;28; 808;  64;16; 8;MMVDMergeFlag;0
BlockStat;28; 808;  64;16; 8;AffineFlag;0
BlockStat;28; 808;  64;16; 8;MVPIdxL0;255
BlockStat;28; 808;  64;16; 8;RefIdxL0;0
BlockStat;28; 808;  64;16; 8;MVDL0;   0;   0
BlockStat;28; 808;  64;16; 8;MVL0; -18;  25
BlockStat;28; 824;  64; 8; 8;Depth;4
BlockStat;28; 824;  64; 8; 8;QT_Depth;2
BlockStat;28; 824;  64; 8; 8;BT_Depth;4
BlockStat;28; 824;  64; 8; 8;MT_Depth;2
BlockStat;28; 824;  64; 8; 8;ChromaQPAdj;0
BlockStat;28; 824;  64; 8; 8;QP;38
BlockStat;28; 824;  64; 8; 8;SplitSeries;167969
BlockStat;28; 824;  64; 8; 8;SkipFlag;1
BlockStat;28; 824;  64; 8; 8;MMVDSkipFlag;0
BlockStat;28; 824;  64; 8; 8;PredMode;0
BlockStat;28; 824;  64; 8; 8;MergeIdx;6
BlockStat;28; 824;  64; 8; 8;MergeType;0
BlockStat;28; 824;  64; 8; 8;MMVDMergeFlag;1
BlockStat;28; 824;  64; 8; 8;MMVDMergeIdx;6
BlockStat;28; 824;  64; 8; 8;MVPIdxL0;255
BlockStat;28; 824;  64; 8; 8;RefIdxL0;0
BlockStat;28; 824;  64; 8; 8;MVDL0;   0;   0
BlockStat;28; 824;  64; 8; 8;MVL0; -18;  27
BlockStat;28; 800;  72;32;16;Depth;3
BlockStat;28; 800;  72;32;16;QT_Depth;2
BlockStat;28; 800;  72;32;16;BT_Depth;1
BlockStat;28; 800;  72;32;16;MT_Depth;1
BlockStat;28; 800;  72;32;16;ChromaQPAdj;0
BlockStat;28; 800;  72;32;16;QP;38
BlockStat;28; 800;  72;32;16;SplitSeries;4129
BlockStat;28; 800;  72;32;16;SkipFlag;1
BlockStat;28; 800;  72;32;16;MMVDSkipFlag;0
BlockStat;28; 800;  72;32;16;PredMode;0
BlockStat;28; 800;  72;32;16;MergeIdx;0
BlockStat;28; 800;  72;32;16;MergeType;0
BlockStat;28; 800;  72;32;16;MMVDMergeFlag;0
BlockStat;28; 800;  72;32;16;AffineFlag;0
BlockStat;28; 800;  72;32;16;MVPIdxL0;255
BlockStat;28; 800;  72;32;16;RefIdxL0;0
BlockStat;28; 800;  72;32;16;MVDL0;   0;   0
BlockStat;28; 800;  72;32;16;MVL0; -18;  25
BlockStat;28; 800;  88;32; 8;Depth;3
BlockStat;28; 800;  88;32; 8;QT_Depth;2
BlockStat;28; 800;  88;32; 8;BT_Depth;2
BlockStat;28; 800;  88;32; 8;MT_Depth;1
BlockStat;28; 800;  88;32; 8;ChromaQPAdj;0
BlockStat;28; 800;  88;32; 8;QP;38
BlockStat;28; 800;  88;32; 8;SplitSeries;4129
BlockStat;28; 800;  88;32; 8;SkipFlag;1
BlockStat;28; 800;  88;32; 8;MMVDSkipFlag;0
BlockStat;28; 800;  88;32; 8;PredMode;0
BlockStat;28; 800;  88;32; 8;MergeIdx;0
BlockStat;28; 800;  88;32; 8;MergeType;0
BlockStat;28; 800;  88;32; 8;MMVDMergeFlag;0
BlockStat;28; 800;  88;32; 8;AffineFlag;0
BlockStat;28; 800;  88;32; 8;MVPIdxL0;255
BlockStat;28; 800;  88;32; 8;RefIdxL0;0
BlockStat;28; 800;  88;32; 8;MVDL0;   0;   0
BlockStat;28; 800;  88;32; 8;MVL0; -18;  25
BlockStat;28; 768;  96; 4;32;Depth;4
BlockStat;28; 768;  96; 4;32;QT_Depth;2
BlockStat;28; 768;  96; 4;32;BT_Depth;3
BlockStat;28; 768;  96; 4;32;MT_Depth;2
BlockStat;28; 768;  96; 4;32;ChromaQPAdj;0
BlockStat;28; 768;  96; 4;32;QP;38
BlockStat;28; 768;  96; 4;32;SplitSeries;166945
BlockStat;28; 768;  96; 4;32;SkipFlag;0
BlockStat;28; 768;  96; 4;32;PredMode;1
BlockStat;28; 768;  96; 4;32;Luma_IntraMode;0
BlockStat;28; 768;  96; 4;32;Chroma_IntraMode;0
BlockStat;28; 768;  96; 4;32;MultiRefIdx;0
BlockStat;28; 768;  96; 4;32;Cbf_Y;1
BlockStat;28; 768;  96; 4;32;TransformSkipFlag_Y;2
BlockStat;28; 768;  96; 4;32;Cbf_Cb;0
BlockStat;28; 768;  96; 4;32;Cbf_Cr;0
BlockStat;28; 772;  96; 8;32;Depth;4
BlockStat;28; 772;  96; 8;32;QT_Depth;2
BlockStat;28; 772;  96; 8;32;BT_Depth;2
BlockStat;28; 772;  96; 8;32;MT_Depth;2
BlockStat;28; 772;  96; 8;32;ChromaQPAdj;0
BlockStat;28; 772;  96; 8;32;QP;38
BlockStat;28; 772;  96; 8;32;SplitSeries;166945
BlockStat;28; 772;  96; 8;32;SkipFlag;1
BlockStat;28; 772;  96; 8;32;MMVDSkipFlag;0
BlockStat;28; 772;  96; 8;32;PredMode;0
BlockStat;28; 772;  96; 8;32;MergeIdx;0
BlockStat;28; 772;  96; 8;32;MergeType;0
BlockStat;28; 772;  96; 8;32;MMVDMergeFlag;0
BlockStat;28; 772;  96; 8;32;AffineFlag;0
BlockStat;28; 772;  96; 8;32;MVPIdxL0;255
BlockStat;28; 772;  96; 8;32;RefIdxL0;0
BlockStat;28; 772;  96; 8;32;MVDL0;   0;   0
BlockStat;28; 772;  96; 8;32;MVL0; -18;  25
BlockStat;28; 780;  96; 4;32;Depth;4
BlockStat;28; 780;  96; 4;32;QT_Depth;2
BlockStat;28; 780;  96; 4;32;BT_Depth;3
BlockStat;28; 780;  96; 4;32;MT_Depth;2
BlockStat;28; 780;  96; 4;32;ChromaQPAdj;0
BlockStat;28; 780;  96; 4;32;QP;38
BlockStat;28; 780;  96; 4;32;SplitSeries;166945
BlockStat;28; 780;  96; 4;32;SkipFlag;1
BlockStat;28; 780;  96; 4;32;MMVDSkipFlag;0
BlockStat;28; 780;  96; 4;32;PredMode;0
BlockStat;28; 780;  96; 4;32;MergeIdx;0
BlockStat;28; 780;  96; 4;32;MergeType;0
BlockStat;28; 780;  96; 4;32;MMVDMergeFlag;0
BlockStat;28; 780;  96; 4;32;MVPIdxL0;255
BlockStat;28; 780;  96; 4;32;RefIdxL0;0
BlockStat;28; 780;  96; 4;32;MVDL0;   0;   0
BlockStat;28; 780;  96; 4;32;MVL0; -18;  25
BlockStat;28; 784;  96;16;32;Depth;3
BlockStat;28; 784;  96;16;32;QT_Depth;2
BlockStat;28; 784;  96;16;32;BT_Depth;1
BlockStat;28; 784;  96;16;32;MT_Depth;1
BlockStat;28; 784;  96;16;32;ChromaQPAdj;0
BlockStat;28; 784;  96;16;32;QP;38
BlockStat;28; 784;  96;16;32;SplitSeries;3105
BlockStat;28; 784;  96;16;32;SkipFlag;1
BlockStat;28; 784;  96;16;32;MMVDSkipFlag;0
BlockStat;28; 784;  96;16;32;PredMode;0
BlockStat;28; 784;  96;16;32;MergeIdx;0
BlockStat;28; 784;  96;16;32;MergeType;0
BlockStat;28; 784;  96;16;32;MMVDMergeFlag;0
BlockStat;28; 784;  96;16;32;AffineFlag;0
BlockStat;28; 784;  96;16;32;MVPIdxL0;255
BlockStat;28; 784;  96;16;32;RefIdxL0;0
BlockStat;28; 784;  96;16;32;MVDL0;   0;   0
BlockStat;28; 784;  96;16;32;MVL0; -18;  25
BlockStat;28; 800;  96;16;16;Depth;3
BlockStat;28; 800;  96;16;16;QT_Depth;3
BlockStat;28; 800;  96;16;16;BT_Depth;0
BlockStat;28; 800;  96;16;16;MT_Depth;0
BlockStat;28; 800;  96;16;16;ChromaQPAdj;0
BlockStat;28; 800;  96;16;16;QP;38
BlockStat;28; 800;  96;16;16;SplitSeries;1057
BlockStat;28; 800;  96;16;16;SkipFlag;1
BlockStat;28; 800;  96;16;16;MMVDSkipFlag;0
BlockStat;28; 800;  96;16;16;PredMode;0
BlockStat;28; 800;  96;16;16;MergeIdx;0
BlockStat;28; 800;  96;16;16;MergeType;0
BlockStat;28; 800;  96;16;16;MMVDMergeFlag;0
BlockStat;28; 800;  96;16;16;AffineFlag;0
BlockStat;28; 800;  96;16;16;MVPIdxL0;255
BlockStat;28; 800;  96;16;16;RefIdxL0;0
BlockStat;28; 800;  96;16;16;MVDL0;   0;   0
BlockStat;28; 800;  96;16;16;MVL0; -18;  25
BlockStat;28; 816;  96;16;16;Depth;3
BlockStat;28; 816;  96;16;16;QT_Depth;3
BlockStat;28; 816;  96;16;16;BT_Depth;0
BlockStat;28; 816;  96;16;16;MT_Depth;0
BlockStat;28; 816;  96;16;16;ChromaQPAdj;0
BlockStat;28; 816;  96;16;16;QP;38
BlockStat;28; 816;  96;16;16;SplitSeries;1057
BlockStat;28; 816;  96;16;16;SkipFlag;1
BlockStat;28; 816;  96;16;16;MMVDSkipFlag;0
BlockStat;28; 816;  96;16;16;PredMode;0
BlockStat;28; 816;  96;16;16;MergeIdx;0
BlockStat;28; 816;  96;16;16;MergeType;0
BlockStat;28; 816;  96;16;16;MMVDMergeFlag;0
BlockStat;28; 816;  96;16;16;AffineFlag;0
BlockStat;28; 816;  96;16;16;MVPIdxL0;255
BlockStat;28; 816;  96;16;16;RefIdxL0;0
BlockStat;28; 816;  96;16;16;MVDL0;   0;   0
BlockStat;28; 816;  96;16;16;MVL0; -18;  25
BlockStat;28; 800; 112;16; 8;Depth;4
BlockStat;28; 800; 112;16; 8;QT_Depth;3
BlockStat;28; 800; 112;16; 8;BT_Depth;1
BlockStat;28; 800; 112;16; 8;MT_Depth;1
BlockStat;28; 800; 112;16; 8;ChromaQPAdj;0
BlockStat;28; 800; 112;16; 8;QP;38
BlockStat;28; 800; 112;16; 8;SplitSeries;66593
BlockStat;28; 800; 112;16; 8;SkipFlag;1
BlockStat;28; 800; 112;16; 8;MMVDSkipFlag;0
BlockStat;28; 800; 112;16; 8;PredMode;0
BlockStat;28; 800; 112;16; 8;MergeIdx;0
BlockStat;28; 800; 112;16; 8;MergeType;0
BlockStat;28; 800; 112;16; 8;MMVDMergeFlag;0
BlockStat;28; 800; 112;16; 8;AffineFlag;0
BlockStat;28; 800; 112;16; 8;MVPIdxL0;255
BlockStat;28; 800; 112;16; 8;RefIdxL0;0
BlockStat;28; 800; 112;16; 8;MVDL0;   0;   0
BlockStat;28; 800; 112;16; 8;MVL0; -18;  25
BlockStat;28; 800; 120;16; 8;Depth;4
BlockStat;28; 800; 120;16; 8;QT_Depth;3
BlockStat;28; 800; 120;16; 8;BT_Depth;1
BlockStat;28; 800; 120;16; 8;MT_Depth;1
BlockStat;28; 800; 120;16; 8;ChromaQPAdj;0
BlockStat;28; 800; 120;16; 8;QP;38
BlockStat;28; 800; 120;16; 8;SplitSeries;66593
BlockStat;28; 800; 120;16; 8;SkipFlag;0
BlockStat;28; 800; 120;16; 8;PredMode;1
BlockStat;28; 800; 120;16; 8;Luma_IntraMode;8
BlockStat;28; 800; 120;16; 8;Chroma_IntraMode;8
BlockStat;28; 800; 120;16; 8;MultiRefIdx;0
BlockStat;28; 800; 120;16; 8;Cbf_Y;1
BlockStat;28; 800; 120;16; 8;TransformSkipFlag_Y;0
BlockStat;28; 800; 120;16; 8;Cbf_Cb;1
BlockStat;28; 800; 120;16; 8;Cbf_Cr;1
BlockStat;28; 816; 112; 8; 8;Depth;4
BlockStat;28; 816; 112; 8; 8;QT_Depth;4
BlockStat;28; 816; 112; 8; 8;BT_Depth;0
BlockStat;28; 816; 112; 8; 8;MT_Depth;0
BlockStat;28; 816; 112; 8; 8;ChromaQPAdj;0
BlockStat;28; 816; 112; 8; 8;QP;38
BlockStat;28; 816; 112; 8; 8;SplitSeries;33825
BlockStat;28; 816; 112; 8; 8;SkipFlag;1
BlockStat;28; 816; 112; 8; 8;MMVDSkipFlag;0
BlockStat;28; 816; 112; 8; 8;PredMode;0
BlockStat;28; 816; 112; 8; 8;MergeIdx;0
BlockStat;28; 816; 112; 8; 8;MergeType;0
BlockStat;28; 816; 112; 8; 8;MMVDMergeFlag;0
BlockStat;28; 816; 112; 8; 8;AffineFlag;0
BlockStat;28; 816; 112; 8; 8;MVPIdxL0;255
BlockStat;28; 816; 112; 8; 8;RefIdxL0;0
BlockStat;28; 816; 112; 8; 8;MVDL0;   0;   0
BlockStat;28; 816; 112; 8; 8;MVL0; -18;  25
BlockStat;28; 824; 112; 8; 8;Depth;4
BlockStat;28; 824; 112; 8; 8;QT_Depth;4
BlockStat;28; 824; 112; 8; 8;BT_Depth;0
BlockStat;28; 824; 112; 8; 8;MT_Depth;0
BlockStat;28; 824; 112; 8; 8;ChromaQPAdj;0
BlockStat;28; 824; 112; 8; 8;QP;38
BlockStat;28; 824; 112; 8; 8;SplitSeries;33825
BlockStat;28; 824; 112; 8; 8;SkipFlag;1
BlockStat;28; 824; 112; 8; 8;MMVDSkipFlag;0
BlockStat;28; 824; 112; 8; 8;PredMode;0
BlockStat;28; 824; 112; 8; 8;MergeIdx;0
BlockStat;28; 824; 112; 8; 8;MergeType;0
BlockStat;28; 824; 112; 8; 8;MMVDMergeFlag;0
BlockStat;28; 824; 112; 8; 8;AffineFlag;0
BlockStat;28; 824; 112; 8; 8;MVPIdxL0;255
BlockStat;28; 824; 112; 8; 8;RefIdxL0;0
BlockStat;28; 824; 112; 8; 8;MVDL0;   0;   0
BlockStat;28; 824; 112; 8; 8;MVL0; -18;  25
BlockStat;28; 816; 120; 8; 8;Depth;4
BlockStat;28; 816; 120; 8; 8;QT_Depth;4
BlockStat;28; 816; 120; 8; 8;BT_Depth;0
BlockStat;28; 816; 120; 8; 8;MT_Depth;0
BlockStat;28; 816; 120; 8; 8;ChromaQPAdj;0
BlockStat;28; 816; 120; 8; 8;QP;38
BlockStat;28; 816; 120; 8; 8;SplitSeries;33825
BlockStat;28; 816; 120; 8; 8;SkipFlag;0
BlockStat;28; 816; 120; 8; 8;PredMode;1
BlockStat;28; 816; 120; 8; 8;Luma_IntraMode;0
BlockStat;28; 816; 120; 8; 8;Chroma_IntraMode;0
BlockStat;28; 816; 120; 8; 8;MultiRefIdx;0
BlockStat;28; 816; 120; 8; 8;Cbf_Y;1
BlockStat;28; 816; 120; 8; 8;TransformSkipFlag_Y;0
BlockStat;28; 816; 120; 8; 8;Cbf_Cb;0
BlockStat;28; 816; 120; 8; 8;Cbf_Cr;0
BlockStat;28; 824; 120; 8; 8;Depth;4
BlockStat;28; 824; 120; 8; 8;QT_Depth;4
BlockStat;28; 824; 120; 8; 8;BT_Depth;0
BlockStat;28; 824; 120; 8; 8;MT_Depth;0
BlockStat;28; 824; 120; 8; 8;ChromaQPAdj;0
BlockStat;28; 824; 120; 8; 8;QP;38
BlockStat;28; 824; 120; 8; 8;SplitSeries;33825
BlockStat;28; 824; 120; 8; 8;SkipFlag;1
BlockStat;28; 824; 120; 8; 8;MMVDSkipFlag;0
BlockStat;28; 824; 120; 8; 8;PredMode;0
BlockStat;28; 824; 120; 8; 8;MergeIdx;0
BlockStat;28; 824; 120; 8; 8;MergeType;0
BlockStat;28; 824; 120; 8; 8;MMVDMergeFlag;0
BlockStat;28; 824; 120; 8; 8;AffineFlag;0
BlockStat;28; 824; 120; 8; 8;MVPIdxL0;255
BlockStat;28; 824; 120; 8; 8;RefIdxL0;0
BlockStat;28; 824; 120; 8; 8;MVDL0;   0;   0
BlockStat;28; 824; 120; 8; 8;MVL0; -18;  25
BlockStat;28;   0; 128;32;64;Depth;2
BlockStat;28;   0; 128;32;64;QT_Depth;1
BlockStat;28;   0; 128;32;64;BT_Depth;1
BlockStat;28;   0; 128;32;64;MT_Depth;1
BlockStat;28;   0; 128;32;64;ChromaQPAdj;0
BlockStat;28;   0; 128;32;64;QP;38
BlockStat;28;   0; 128;32;64;SplitSeries;97
BlockStat;28;   0; 128;32;64;SkipFlag;0
BlockStat;28;   0; 128;32;64;PredMode;0
BlockStat;28;   0; 128;32;64;MergeFlag;0
BlockStat;28;   0; 128;32;64;InterDir;1
BlockStat;28;   0; 128;32;64;AffineFlag;1
BlockStat;28;   0; 128;32;64;AffineType;1
BlockStat;28;   0; 128;32;64;MVPIdxL0;1
BlockStat;28;   0; 128;32;64;RefIdxL0;0
BlockStat;28;   0; 128;32;64;AffineMVL0; 210;  -4; 209;  -7; 196;  -1
BlockStat;28;   0; 128;32;64;RootCbf;1
BlockStat;28;   0; 128;32;64;Cbf_Y;1
BlockStat;28;   0; 128;32;64;TransformSkipFlag_Y;0
BlockStat;28;   0; 128;32;64;Cbf_Cb;0
BlockStat;28;   0; 128;32;64;Cbf_Cr;0
BlockStat;28;  32; 128;32;64;Depth;2
BlockStat;28;  32; 128;32;64;QT_Depth;1
BlockStat;28;  32; 128;32;64;BT_Depth;1
BlockStat;28;  32; 128;32;64;MT_Depth;1
BlockStat;28;  32; 128;32;64;ChromaQPAdj;0
BlockStat;28;  32; 128;32;64;QP;38
BlockStat;28;  32; 128;32;64;SplitSeries;97
BlockStat;28;  32; 128;32;64;SkipFlag;0
BlockStat;28;  32; 128;32;64;PredMode;0
BlockStat;28;  32; 128;32;64;MergeFlag;0
BlockStat;28;  32; 128;32;64;InterDir;3
BlockStat;28;  32; 128;32;64;AffineFlag;1
BlockStat;28;  32; 128;32;64;AffineType;1
BlockStat;28;  32; 128;32;64;MVPIdxL0;1
BlockStat;28;  32; 128;32;64;RefIdxL0;1
BlockStat;28;  32; 128;32;64;MVPIdxL1;0
BlockStat;28;  32; 128;32;64;RefIdxL1;0
BlockStat;28;  32; 128;32;64;AffineMVL0; 567;  36; 600;  35; 564;  31
BlockStat;28;  32; 128;32;64;AffineMVL1; 209;  -7; 208; -10; 195;  -4
BlockStat;28;  32; 128;32;64;RootCbf;1
BlockStat;28;  32; 128;32;64;Cbf_Y;1
BlockStat;28;  32; 128;32;64;TransformSkipFlag_Y;0
BlockStat;28;  32; 128;32;64;Cbf_Cb;0
BlockStat;28;  32; 128;32;64;Cbf_Cr;0
BlockStat;28;  64; 128; 8;32;Depth;3
BlockStat;28;  64; 128; 8;32;QT_Depth;2
BlockStat;28;  64; 128; 8;32;BT_Depth;2
BlockStat;28;  64; 128; 8;32;MT_Depth;1
BlockStat;28;  64; 128; 8;32;ChromaQPAdj;0
BlockStat;28;  64; 128; 8;32;QP;38
BlockStat;28;  64; 128; 8;32;SplitSeries;5153
BlockStat;28;  64; 128; 8;32;SkipFlag;0
BlockStat;28;  64; 128; 8;32;PredMode;0
BlockStat;28;  64; 128; 8;32;MergeFlag;0
BlockStat;28;  64; 128; 8;32;InterDir;1
BlockStat;28;  64; 128; 8;32;MVPIdxL0;1
BlockStat;28;  64; 128; 8;32;RefIdxL0;0
BlockStat;28;  64; 128; 8;32;MVDL0;  -4;  -4
BlockStat;28;  64; 128; 8;32;MVL0; 224;  -8
BlockStat;28;  64; 128; 8;32;IMVMode;1
BlockStat;28;  64; 128; 8;32;RootCbf;1
BlockStat;28;  64; 128; 8;16;Cbf_Y;2
BlockStat;28;  64; 128; 8;16;TransformSkipFlag_Y;0
BlockStat;28;  64; 128; 8;16;Cbf_Cb;0
BlockStat;28;  64; 128; 8;16;Cbf_Cr;0
BlockStat;28;  64; 144; 8;16;Cbf_Y;0
BlockStat;28;  64; 144; 8;16;TransformSkipFlag_Y;0
BlockStat;28;  64; 144; 8;16;Cbf_Cb;0
BlockStat;28;  64; 144; 8;16;Cbf_Cr;0
BlockStat;28;  72; 128;16;32;Depth;3
BlockStat;28;  72; 128;16;32;QT_Depth;2
BlockStat;28;  72; 128;16;32;BT_Depth;1
BlockStat;28;  72; 128;16;32;MT_Depth;1
BlockStat;28;  72; 128;16;32;ChromaQPAdj;0
BlockStat;28;  72; 128;16;32;QP;38
BlockStat;28;  72; 128;16;32;SplitSeries;5153
BlockStat;28;  72; 128;16;32;SkipFlag;0
BlockStat;28;  72; 128;16;32;PredMode;0
BlockStat;28;  72; 128;16;32;MergeFlag;1
BlockStat;28;  72; 128;16;32;MergeIdx;0
BlockStat;28;  72; 128;16;32;MergeType;0
BlockStat;28;  72; 128;16;32;MMVDMergeFlag;0
BlockStat;28;  72; 128;16;32;AffineFlag;0
BlockStat;28;  72; 128;16;32;MHIntraFlag;0
BlockStat;28;  72; 128;16;32;MVPIdxL0;255
BlockStat;28;  72; 128;16;32;RefIdxL0;0
BlockStat: POC 28 @(  72, 128) [16x32] TrianglePartitioning={   0,   0,  16,  32}
BlockStat: POC 28 @[(72, 128)--(88, 128)--(88, 160)--] TriangleMVL0={ 229,  -5}
BlockStat: POC 28 @[(72, 128)--(72, 160)--(88, 160)--] TriangleMVL0={ 224,  -8}
BlockStat;28;  72; 128;16;32;Cbf_Y;1
BlockStat;28;  72; 128;16;32;TransformSkipFlag_Y;0
BlockStat;28;  72; 128;16;32;Cbf_Cb;0
BlockStat;28;  72; 128;16;32;Cbf_Cr;0
BlockStat;28;  88; 128; 8;32;Depth;3
BlockStat;28;  88; 128; 8;32;QT_Depth;2
BlockStat;28;  88; 128; 8;32;BT_Depth;2
BlockStat;28;  88; 128; 8;32;MT_Depth;1
BlockStat;28;  88; 128; 8;32;ChromaQPAdj;0
BlockStat;28;  88; 128; 8;32;QP;38
BlockStat;28;  88; 128; 8;32;SplitSeries;5153
BlockStat;28;  88; 128; 8;32;SkipFlag;1
BlockStat;28;  88; 128; 8;32;MMVDSkipFlag;0
BlockStat;28;  88; 128; 8;32;PredMode;0
BlockStat;28;  88; 128; 8;32;MergeIdx;1
BlockStat;28;  88; 128; 8;32;MergeType;0
BlockStat;28;  88; 128; 8;32;MMVDMergeFlag;0
BlockStat;28;  88; 128; 8;32;AffineFlag;1
BlockStat;28;  88; 128; 8;32;MVPIdxL0;0
BlockStat;28;  88; 128; 8;32;RefIdxL0;0
BlockStat;28;  88; 128; 8;32;AffineMVL0; 232;  -2; 233;  -1; 228;   2
BlockStat;28;  96; 128; 8;32;Depth;3
BlockStat;28;  96; 128; 8;32;QT_Depth;2
BlockStat;28;  96; 128; 8;32;BT_Depth;2
BlockStat;28;  96; 128; 8;32;MT_Depth;1
BlockStat;28;  96; 128; 8;32;ChromaQPAdj;0
BlockStat;28;  96; 128; 8;32;QP;38
BlockStat;28;  96; 128; 8;32;SplitSeries;5153
BlockStat;28;  96; 128; 8;32;SkipFlag;1
BlockStat;28;  96; 128; 8;32;MMVDSkipFlag;0
BlockStat;28;  96; 128; 8;32;PredMode;0
BlockStat;28;  96; 128; 8;32;MergeIdx;0
BlockStat;28;  96; 128; 8;32;MergeType;0
BlockStat;28;  96; 128; 8;32;MMVDMergeFlag;0
BlockStat;28;  96; 128; 8;32;AffineFlag;0
BlockStat;28;  96; 128; 8;32;MVPIdxL0;255
BlockStat;28;  96; 128; 8;32;RefIdxL0;0
BlockStat;28;  96; 128; 8;32;MVDL0;   0;   0
BlockStat;28;  96; 128; 8;32;MVL0; 228;   3
BlockStat;28; 104; 128;16;32;Depth;3
BlockStat;28; 104; 128;16;32;QT_Depth;2
BlockStat;28; 104; 128;16;32;BT_Depth;1
BlockStat;28; 104; 128;16;32;MT_Depth;1
BlockStat;28; 104; 128;16;32;ChromaQPAdj;0
BlockStat;28; 104; 128;16;32;QP;38
BlockStat;28; 104; 128;16;32;SplitSeries;5153
BlockStat;28; 104; 128;16;32;SkipFlag;1
BlockStat;28; 104; 128;16;32;MMVDSkipFlag;0
BlockStat;28; 104; 128;16;32;PredMode;0
BlockStat;28; 104; 128;16;32;MergeIdx;0
BlockStat;28; 104; 128;16;32;MergeType;0
BlockStat;28; 104; 128;16;32;MMVDMergeFlag;0
BlockStat;28; 104; 128;16;32;AffineFlag;0
BlockStat;28; 104; 128;16;32;MVPIdxL0;255
BlockStat;28; 104; 128;16;32;RefIdxL0;0
BlockStat;28; 104; 128;16;32;MVDL0;   0;   0
BlockStat;28; 104; 128;16;32;MVL0; 228;   3
BlockStat;28; 120; 128; 4;32;Depth;4
BlockStat;28; 120; 128; 4;32;QT_Depth;2
BlockStat;28; 120; 128; 4;32;BT_Depth;3
BlockStat;28; 120; 128; 4;32;MT_Depth;2
BlockStat;28; 120; 128; 4;32;ChromaQPAdj;0
BlockStat;28; 120; 128; 4;32;QP;38
BlockStat;28; 120; 128; 4;32;SplitSeries;103457
BlockStat;28; 120; 128; 4;32;SkipFlag;1
BlockStat;28; 120; 128; 4;32;MMVDSkipFlag;0
BlockStat;28; 120; 128; 4;32;PredMode;0
BlockStat;28; 120; 128; 4;32;MergeIdx;45
BlockStat;28; 120; 128; 4;32;MergeType;0
BlockStat;28; 120; 128; 4;32;MMVDMergeFlag;1
BlockStat;28; 120; 128; 4;32;MMVDMergeIdx;45
BlockStat;28; 120; 128; 4;32;MVPIdxL0;255
BlockStat;28; 120; 128; 4;32;RefIdxL0;0
BlockStat;28; 120; 128; 4;32;MVDL0;   0;   0
BlockStat;28; 120; 128; 4;32;MVL0; 218;   1
BlockStat;28; 124; 128; 4;32;Depth;4
BlockStat;28; 124; 128; 4;32;QT_Depth;2
BlockStat;28; 124; 128; 4;32;BT_Depth;3
BlockStat;28; 124; 128; 4;32;MT_Depth;2
BlockStat;28; 124; 128; 4;32;ChromaQPAdj;0
BlockStat;28; 124; 128; 4;32;QP;38
BlockStat;28; 124; 128; 4;32;SplitSeries;103457
BlockStat;28; 124; 128; 4;32;SkipFlag;0
BlockStat;28; 124; 128; 4;32;PredMode;0
BlockStat;28; 124; 128; 4;32;MergeFlag;1
BlockStat;28; 124; 128; 4;32;MergeIdx;0
BlockStat;28; 124; 128; 4;32;MergeType;0
BlockStat;28; 124; 128; 4;32;MMVDMergeFlag;0
BlockStat;28; 124; 128; 4;32;MHIntraFlag;0
BlockStat;28; 124; 128; 4;32;MVPIdxL0;255
BlockStat;28; 124; 128; 4;32;RefIdxL0;0
BlockStat;28; 124; 128; 4;32;MVDL0;   0;   0
BlockStat;28; 124; 128; 4;32;MVL0; 218;   1
BlockStat;28; 124; 128; 4;16;Cbf_Y;2
BlockStat;28; 124; 128; 4;16;TransformSkipFlag_Y;0
BlockStat;28; 124; 128; 4;16;Cbf_Cb;0
BlockStat;28; 124; 128; 4;16;Cbf_Cr;2
BlockStat;28; 124; 144; 4;16;Cbf_Y;0
BlockStat;28; 124; 144; 4;16;TransformSkipFlag_Y;0
BlockStat;28; 124; 144; 4;16;Cbf_Cb;0
BlockStat;28; 124; 144; 4;16;Cbf_Cr;0
BlockStat;28;  64; 160;32; 8;Depth;3
BlockStat;28;  64; 160;32; 8;QT_Depth;2
BlockStat;28;  64; 160;32; 8;BT_Depth;2
BlockStat;28;  64; 160;32; 8;MT_Depth;1
BlockStat;28;  64; 160;32; 8;ChromaQPAdj;0
BlockStat;28;  64; 160;32; 8;QP;38
BlockStat;28;  64; 160;32; 8;SplitSeries;4129
BlockStat;28;  64; 160;32; 8;SkipFlag;0
BlockStat;28;  64; 160;32; 8;PredMode;0
BlockStat;28;  64; 160;32; 8;MergeFlag;1
BlockStat;28;  64; 160;32; 8;MergeIdx;2
BlockStat;28;  64; 160;32; 8;MergeType;0
BlockStat;28;  64; 160;32; 8;MMVDMergeFlag;0
BlockStat;28;  64; 160;32; 8;AffineFlag;1
BlockStat;28;  64; 160;32; 8;MVPIdxL0;0
BlockStat;28;  64; 160;32; 8;RefIdxL0;0
BlockStat;28;  64; 160;32; 8;AffineMVL0; 224;  -1; 228;   3; 223;  -1
BlockStat;28;  64; 160;32; 8;Cbf_Y;1
BlockStat;28;  64; 160;32; 8;TransformSkipFlag_Y;0
BlockStat;28;  64; 160;32; 8;Cbf_Cb;0
BlockStat;28;  64; 160;32; 8;Cbf_Cr;0
BlockStat;28;  64; 168;16;16;Depth;4
BlockStat;28;  64; 168;16;16;QT_Depth;2
BlockStat;28;  64; 168;16;16;BT_Depth;2
BlockStat;28;  64; 168;16;16;MT_Depth;2
BlockStat;28;  64; 168;16;16;ChromaQPAdj;0
BlockStat;28;  64; 168;16;16;QP;38
BlockStat;28;  64; 168;16;16;SplitSeries;102433
BlockStat;28;  64; 168;16;16;SkipFlag;1
BlockStat;28;  64; 168;16;16;MMVDSkipFlag;0
BlockStat;28;  64; 168;16;16;PredMode;0
BlockStat;28;  64; 168;16;16;MergeIdx;0
BlockStat;28;  64; 168;16;16;MergeType;0
BlockStat;28;  64; 168;16;16;MMVDMergeFlag;0
BlockStat;28;  64; 168;16;16;AffineFlag;0
BlockStat;28;  64; 168;16;16;MVPIdxL0;255
BlockStat;28;  64; 168;16;16;RefIdxL0;1
BlockStat;28;  64; 168;16;16;MVPIdxL1;255
BlockStat;28;  64; 168;16;16;RefIdxL1;0
BlockStat;28;  64; 168;16;16;MVDL0;   0;   0
BlockStat;28;  64; 168;16;16;MVL0; 596;  31
BlockStat;28;  64; 168;16;16;MVDL1;   0;   0
BlockStat;28;  64; 168;16;16;MVL1; 196;  -7
BlockStat;28;  80; 168;16;16;Depth;4
BlockStat;28;  80; 168;16;16;QT_Depth;2
BlockStat;28;  80; 168;16;16;BT_Depth;2
BlockStat;28;  80; 168;16;16;MT_Depth;2
BlockStat;28;  80; 168;16;16;ChromaQPAdj;0
BlockStat;28;  80; 168;16;16;QP;38
BlockStat;28;  80; 168;16;16;SplitSeries;102433
BlockStat;28;  80; 168;16;16;SkipFlag;1
BlockStat;28;  80; 168;16;16;MMVDSkipFlag;0
BlockStat;28;  80; 168;16;16;PredMode;0
BlockStat;28;  80; 168;16;16;MergeIdx;43
BlockStat;28;  80; 168;16;16;MergeType;0
BlockStat;28;  80; 168;16;16;MMVDMergeFlag;1
BlockStat;28;  80; 168;16;16;MMVDMergeIdx;43
BlockStat;28;  80; 168;16;16;MVPIdxL0;255
BlockStat;28;  80; 168;16;16;RefIdxL0;0
BlockStat;28;  80; 168;16;16;MVDL0;   0;   0
BlockStat;28;  80; 168;16;16;MVL0; 227;   0
BlockStat;28;  64; 184;32; 8;Depth;3
BlockStat;28;  64; 184;32; 8;QT_Depth;2
BlockStat;28;  64; 184;32; 8;BT_Depth;2
BlockStat;28;  64; 184;32; 8;MT_Depth;1
BlockStat;28;  64; 184;32; 8;ChromaQPAdj;0
BlockStat;28;  64; 184;32; 8;QP;38
BlockStat;28;  64; 184;32; 8;SplitSeries;4129
BlockStat;28;  64; 184;32; 8;SkipFlag;0
BlockStat;28;  64; 184;32; 8;PredMode;0
BlockStat;28;  64; 184;32; 8;MergeFlag;0
BlockStat;28;  64; 184;32; 8;InterDir;1
BlockStat;28;  64; 184;32; 8;MVPIdxL0;1
BlockStat;28;  64; 184;32; 8;RefIdxL0;0
BlockStat;28;  64; 184;32; 8;MVDL0;   0;  -4
BlockStat;28;  64; 184;32; 8;MVL0; 228;  -4
BlockStat;28;  64; 184;32; 8;IMVMode;1
BlockStat;28;  64; 184;32; 8;RootCbf;1
BlockStat;28;  64; 184;32; 8;Cbf_Y;1
BlockStat;28;  64; 184;32; 8;TransformSkipFlag_Y;0
BlockStat;28;  64; 184;32; 8;Cbf_Cb;0
BlockStat;28;  64; 184;32; 8;Cbf_Cr;0
BlockStat;28;  96; 160;16;32;Depth;3
BlockStat;28;  96; 160;16;32;QT_Depth;2
BlockStat;28;  96; 160;16;32;BT_Depth;1
BlockStat;28;  96; 160;16;32;MT_Depth;1
BlockStat;28;  96; 160;16;32;ChromaQPAdj;0
BlockStat;28;  96; 160;16;32;QP;38
BlockStat;28;  96; 160;16;32;SplitSeries;3105
BlockStat;28;  96; 160;16;32;SkipFlag;1
BlockStat;28;  96; 160;16;32;MMVDSkipFlag;0
BlockStat;28;  96; 160;16;32;PredMode;0
BlockStat;28;  96; 160;16;32;MergeIdx;12
BlockStat;28;  96; 160;16;32;MergeType;0
BlockStat;28;  96; 160;16;32;MMVDMergeFlag;1
BlockStat;28;  96; 160;16;32;MMVDMergeIdx;12
BlockStat;28;  96; 160;16;32;MVPIdxL0;255
BlockStat;28;  96; 160;16;32;RefIdxL0;0
BlockStat;28;  96; 160;16;32;MVDL0;   0;   0
BlockStat;28;  96; 160;16;32;MVL0; 236;  -4
BlockStat;28; 112; 160;16;32;Depth;3
BlockStat;28; 112; 160;16;32;QT_Depth;2
BlockStat;28; 112; 160;16;32;BT_Depth;1
BlockStat;28; 112; 160;16;32;MT_Depth;1
BlockStat;28; 112; 160;16;32;ChromaQPAdj;0
BlockStat;28; 112; 160;16;32;QP;38
BlockStat;28; 112; 160;16;32;SplitSeries;3105
BlockStat;28; 112; 160;16;32;SkipFlag;0
BlockStat;28; 112; 160;16;32;PredMode;0
BlockStat;28; 112; 160;16;32;MergeFlag;1
BlockStat;28; 112; 160;16;32;MergeIdx;1
BlockStat;28; 112; 160;16;32;MergeType;0
BlockStat;28; 112; 160;16;32;MMVDMergeFlag;0
BlockStat;28; 112; 160;16;32;AffineFlag;0
BlockStat;28; 112; 160;16;32;MHIntraFlag;0
BlockStat;28; 112; 160;16;32;MVPIdxL0;255
BlockStat;28; 112; 160;16;32;RefIdxL0;0
BlockStat;28; 112; 160;16;32;MVDL0;   0;   0
BlockStat;28; 112; 160;16;32;MVL0; 218;   1
BlockStat;28; 112; 160; 8;32;Cbf_Y;0
BlockStat;28; 112; 160; 8;32;TransformSkipFlag_Y;0
BlockStat;28; 112; 160; 8;32;Cbf_Cb;0
BlockStat;28; 112; 160; 8;32;Cbf_Cr;0
BlockStat;28; 120; 160; 8;32;Cbf_Y;2
BlockStat;28; 120; 160; 8;32;TransformSkipFlag_Y;0
BlockStat;28; 120; 160; 8;32;Cbf_Cb;0
BlockStat;28; 120; 160; 8;32;Cbf_Cr;0
BlockStat;28;   0; 192; 8;32;Depth;4
BlockStat;28;   0; 192; 8;32;QT_Depth;2
BlockStat;28;   0; 192; 8;32;BT_Depth;2
BlockStat;28;   0; 192; 8;32;MT_Depth;2
BlockStat;28;   0; 192; 8;32;ChromaQPAdj;0
BlockStat;28;   0; 192; 8;32;QP;38
BlockStat;28;   0; 192; 8;32;SplitSeries;101409
BlockStat;28;   0; 192; 8;32;SkipFlag;1
BlockStat;28;   0; 192; 8;32;MMVDSkipFlag;0
BlockStat;28;   0; 192; 8;32;PredMode;0
BlockStat;28;   0; 192; 8;32;MergeIdx;16
BlockStat;28;   0; 192; 8;32;MergeType;0
BlockStat;28;   0; 192; 8;32;MMVDMergeFlag;1
BlockStat;28;   0; 192; 8;32;MMVDMergeIdx;16
BlockStat;28;   0; 192; 8;32;MVPIdxL0;255
BlockStat;28;   0; 192; 8;32;RefIdxL0;0
BlockStat;28;   0; 192; 8;32;MVDL0;   0;   0
BlockStat;28;   0; 192; 8;32;MVL0; 212;  -2
BlockStat;28;   8; 192; 8;32;Depth;4
BlockStat;28;   8; 192; 8;32;QT_Depth;2
BlockStat;28;   8; 192; 8;32;BT_Depth;2
BlockStat;28;   8; 192; 8;32;MT_Depth;2
BlockStat;28;   8; 192; 8;32;ChromaQPAdj;0
BlockStat;28;   8; 192; 8;32;QP;38
BlockStat;28;   8; 192; 8;32;SplitSeries;101409
BlockStat;28;   8; 192; 8;32;SkipFlag;1
BlockStat;28;   8; 192; 8;32;MMVDSkipFlag;0
BlockStat;28;   8; 192; 8;32;PredMode;0
BlockStat;28;   8; 192; 8;32;MergeIdx;1
BlockStat;28;   8; 192; 8;32;MergeType;0
BlockStat;28;   8; 192; 8;32;MMVDMergeFlag;0
BlockStat;28;   8; 192; 8;32;AffineFlag;1
BlockStat;28;   8; 192; 8;32;MVPIdxL0;0
BlockStat;28;   8; 192; 8;32;RefIdxL0;0
BlockStat;28;   8; 192; 8;32;AffineMVL0; 197;  -2; 197;  -2; 211;  -2
BlockStat;28;  16; 192; 8;32;Depth;4
BlockStat;28;  16; 192; 8;32;QT_Depth;2
BlockStat;28;  16; 192; 8;32;BT_Depth;2
BlockStat;28;  16; 192; 8;32;MT_Depth;2
BlockStat;28;  16; 192; 8;32;ChromaQPAdj;0
BlockStat;28;  16; 192; 8;32;QP;38
BlockStat;28;  16; 192; 8;32;SplitSeries;101409
BlockStat;28;  16; 192; 8;32;SkipFlag;0
BlockStat;28;  16; 192; 8;32;PredMode;1
BlockStat;28;  16; 192; 8;32;Luma_IntraMode;1
BlockStat;28;  16; 192; 8;32;Chroma_IntraMode;0
BlockStat;28;  16; 192; 8;32;MultiRefIdx;0
BlockStat;28;  16; 192; 8;32;Cbf_Y;1
BlockStat;28;  16; 192; 8;32;TransformSkipFlag_Y;2
BlockStat;28;  16; 192; 8;32;Cbf_Cb;1
BlockStat;28;  16; 192; 8;32;Cbf_Cr;0
BlockStat;28;  24; 192; 8; 8;Depth;5
BlockStat;28;  24; 192; 8; 8;QT_Depth;2
BlockStat;28;  24; 192; 8; 8;BT_Depth;4
BlockStat;28;  24; 192; 8; 8;MT_Depth;3
BlockStat;28;  24; 192; 8; 8;ChromaQPAdj;0
BlockStat;28;  24; 192; 8; 8;QP;38
BlockStat;28;  24; 192; 8; 8;SplitSeries;4295713
BlockStat;28;  24; 192; 8; 8;SkipFlag;1
BlockStat;28;  24; 192; 8; 8;MMVDSkipFlag;0
BlockStat;28;  24; 192; 8; 8;PredMode;0
BlockStat;28;  24; 192; 8; 8;MergeIdx;0
BlockStat;28;  24; 192; 8; 8;MergeType;0
BlockStat;28;  24; 192; 8; 8;MMVDMergeFlag;0
BlockStat;28;  24; 192; 8; 8;AffineFlag;0
BlockStat;28;  24; 192; 8; 8;MVPIdxL0;255
BlockStat;28;  24; 192; 8; 8;RefIdxL0;0
BlockStat;28;  24; 192; 8; 8;MVDL0;   0;   0
BlockStat;28;  24; 192; 8; 8;MVL0; 196;  -4
BlockStat;28;  24; 200; 8;16;Depth;5
BlockStat;28;  24; 200; 8;16;QT_Depth;2
BlockStat;28;  24; 200; 8;16;BT_Depth;3
BlockStat;28;  24; 200; 8;16;MT_Depth;3
BlockStat;28;  24; 200; 8;16;ChromaQPAdj;0
BlockStat;28;  24; 200; 8;16;QP;38
BlockStat;28;  24; 200; 8;16;SplitSeries;4295713
BlockStat;28;  24; 200; 8;16;SkipFlag;0
BlockStat;28;  24; 200; 8;16;PredMode;0
BlockStat;28;  24; 200; 8;16;MergeFlag;0
BlockStat;28;  24; 200; 8;16;InterDir;3
BlockStat;28;  24; 200; 8;16;MVPIdxL0;0
BlockStat;28;  24; 200; 8;16;RefIdxL0;1
BlockStat;28;  24; 200; 8;16;MVPIdxL1;0
BlockStat;28;  24; 200; 8;16;RefIdxL1;0
BlockStat;28;  24; 200; 8;16;MVDL0;   0;-176
BlockStat;28;  24; 200; 8;16;MVL0; 496;-112
BlockStat;28;  24; 200; 8;16;MVDL1;   0;   0
BlockStat;28;  24; 200; 8;16;MVL1; 192;   0
BlockStat;28;  24; 200; 8;16;IMVMode;2
BlockStat;28;  24; 200; 8;16;RootCbf;1
BlockStat;28;  24; 200; 8; 8;Cbf_Y;0
BlockStat;28;  24; 200; 8; 8;TransformSkipFlag_Y;0
BlockStat;28;  24; 200; 8; 8;Cbf_Cb;0
BlockStat;28;  24; 200; 8; 8;Cbf_Cr;0
BlockStat;28;  24; 208; 8; 8;Cbf_Y;2
BlockStat;28;  24; 208; 8; 8;TransformSkipFlag_Y;0
BlockStat;28;  24; 208; 8; 8;Cbf_Cb;0
BlockStat;28;  24; 208; 8; 8;Cbf_Cr;0
BlockStat;28;  24; 216; 8; 8;Depth;5
BlockStat;28;  24; 216; 8; 8;QT_Depth;2
BlockStat;28;  24; 216; 8; 8;BT_Depth;4
BlockStat;28;  24; 216; 8; 8;MT_Depth;3
BlockStat;28;  24; 216; 8; 8;ChromaQPAdj;0
BlockStat;28;  24; 216; 8; 8;QP;38
BlockStat;28;  24; 216; 8; 8;SplitSeries;4295713
BlockStat;28;  24; 216; 8; 8;SkipFlag;0
BlockStat;28;  24; 216; 8; 8;PredMode;0
BlockStat;28;  24; 216; 8; 8;MergeFlag;0
BlockStat;28;  24; 216; 8; 8;InterDir;1
BlockStat;28;  24; 216; 8; 8;MVPIdxL0;1
BlockStat;28;  24; 216; 8; 8;RefIdxL0;0
BlockStat;28;  24; 216; 8; 8;MVDL0;  12;  -8
BlockStat;28;  24; 216; 8; 8;MVL0; 172;  12
BlockStat;28;  24; 216; 8; 8;IMVMode;1
BlockStat;28;  24; 216; 8; 8;RootCbf;1
BlockStat;28;  24; 216; 8; 4;Cbf_Y;2
BlockStat;28;  24; 216; 8; 4;TransformSkipFlag_Y;0
BlockStat;28;  24; 216; 8; 4;Cbf_Cb;2
BlockStat;28;  24; 216; 8; 4;Cbf_Cr;0
BlockStat;28;  24; 220; 8; 4;Cbf_Y;0
BlockStat;28;  24; 220; 8; 4;TransformSkipFlag_Y;0
BlockStat;28;  24; 220; 8; 4;Cbf_Cb;0
BlockStat;28;  24; 220; 8; 4;Cbf_Cr;0
BlockStat;28;  32; 192; 4;16;Depth;4
BlockStat;28;  32; 192; 4;16;QT_Depth;3
BlockStat;28;  32; 192; 4;16;BT_Depth;2
BlockStat;28;  32; 192; 4;16;MT_Depth;1
BlockStat;28;  32; 192; 4;16;ChromaQPAdj;0
BlockStat;28;  32; 192; 4;16;QP;38
BlockStat;28;  32; 192; 4;16;SplitSeries;164897
BlockStat;28;  32; 192; 4;16;SkipFlag;1
BlockStat;28;  32; 192; 4;16;MMVDSkipFlag;0
BlockStat;28;  32; 192; 4;16;PredMode;0
BlockStat;28;  32; 192; 4;16;MergeIdx;3
BlockStat;28;  32; 192; 4;16;MergeType;0
BlockStat;28;  32; 192; 4;16;MMVDMergeFlag;0
BlockStat;28;  32; 192; 4;16;MVPIdxL0;255
BlockStat;28;  32; 192; 4;16;RefIdxL0;0
BlockStat;28;  32; 192; 4;16;MVDL0;   0;   0
BlockStat;28;  32; 192; 4;16;MVL0; 196;  -4
BlockStat;28;  36; 192; 8;16;Depth;4
BlockStat;28;  36; 192; 8;16;QT_Depth;3
BlockStat;28;  36; 192; 8;16;BT_Depth;1
BlockStat;28;  36; 192; 8;16;MT_Depth;1
BlockStat;28;  36; 192; 8;16;ChromaQPAdj;0
BlockStat;28;  36; 192; 8;16;QP;38
BlockStat;28;  36; 192; 8;16;SplitSeries;164897
BlockStat;28;  36; 192; 8;16;SkipFlag;1
BlockStat;28;  36; 192; 8;16;MMVDSkipFlag;0
BlockStat;28;  36; 192; 8;16;PredMode;0
BlockStat;28;  36; 192; 8;16;MergeIdx;2
BlockStat;28;  36; 192; 8;16;MergeType;0
BlockStat;28;  36; 192; 8;16;MMVDMergeFlag;0
BlockStat;28;  36; 192; 8;16;AffineFlag;0
BlockStat;28;  36; 192; 8;16;MVPIdxL0;255
BlockStat;28;  36; 192; 8;16;RefIdxL0;1
BlockStat;28;  36; 192; 8;16;MVPIdxL1;255
BlockStat;28;  36; 192; 8;16;RefIdxL1;0
BlockStat;28;  36; 192; 8;16;MVDL0;   0;   0
BlockStat;28;  36; 192; 8;16;MVL0; 577;  31
BlockStat;28;  36; 192; 8;16;MVDL1;   0;   0
BlockStat;28;  36; 192; 8;16;MVL1; 195;  -6
BlockStat;28;  44; 192; 4;16;Depth;4
BlockStat;28;  44; 192; 4;16;QT_Depth;3
BlockStat;28;  44; 192; 4;16;BT_Depth;2
BlockStat;28;  44; 192; 4;16;MT_Depth;1
BlockStat;28;  44; 192; 4;16;ChromaQPAdj;0
BlockStat;28;  44; 192; 4;16;QP;38
BlockStat;28;  44; 192; 4;16;SplitSeries;164897
BlockStat;28;  44; 192; 4;16;SkipFlag;1
BlockStat;28;  44; 192; 4;16;MMVDSkipFlag;0
BlockStat;28;  44; 192; 4;16;PredMode;0
BlockStat;28;  44; 192; 4;16;MergeIdx;39
BlockStat;28;  44; 192; 4;16;MergeType;0
BlockStat;28;  44; 192; 4;16;MMVDMergeFlag;1
BlockStat;28;  44; 192; 4;16;MMVDMergeIdx;39
BlockStat;28;  44; 192; 4;16;MVPIdxL0;255
BlockStat;28;  44; 192; 4;16;RefIdxL0;1
BlockStat;28;  44; 192; 4;16;MVPIdxL1;255
BlockStat;28;  44; 192; 4;16;RefIdxL1;0
BlockStat;28;  44; 192; 4;16;MVDL0;   0;   0
BlockStat;28;  44; 192; 4;16;MVL0; 582;  29
BlockStat;28;  44; 192; 4;16;MVDL1;   0;   0
BlockStat;28;  44; 192; 4;16;MVL1; 195;  -7
BlockStat;28;  48; 192;16;16;Depth;3
BlockStat;28;  48; 192;16;16;QT_Depth;3
BlockStat;28;  48; 192;16;16;BT_Depth;0
BlockStat;28;  48; 192;16;16;MT_Depth;0
BlockStat;28;  48; 192;16;16;ChromaQPAdj;0
BlockStat;28;  48; 192;16;16;QP;38
BlockStat;28;  48; 192;16;16;SplitSeries;1057
BlockStat;28;  48; 192;16;16;SkipFlag;1
BlockStat;28;  48; 192;16;16;MMVDSkipFlag;0
BlockStat;28;  48; 192;16;16;PredMode;0
BlockStat;28;  48; 192;16;16;MergeIdx;8
BlockStat;28;  48; 192;16;16;MergeType;0
BlockStat;28;  48; 192;16;16;MMVDMergeFlag;1
BlockStat;28;  48; 192;16;16;MMVDMergeIdx;8
BlockStat;28;  48; 192;16;16;MVPIdxL0;255
BlockStat;28;  48; 192;16;16;RefIdxL0;1
BlockStat;28;  48; 192;16;16;MVPIdxL1;255
BlockStat;28;  48; 192;16;16;RefIdxL1;0
BlockStat;28;  48; 192;16;16;MVDL0;   0;   0
BlockStat;28;  48; 192;16;16;MVL0; 586;  29
BlockStat;28;  48; 192;16;16;MVDL1;   0;   0
BlockStat;28;  48; 192;16;16;MVL1; 196;  -7
BlockStat;28;  32; 208; 8;16;Depth;4
BlockStat;28;  32; 208; 8;16;QT_Depth;3
BlockStat;28;  32; 208; 8;16;BT_Depth;1
BlockStat;28;  32; 208; 8;16;MT_Depth;1
BlockStat;28;  32; 208; 8;16;ChromaQPAdj;0
BlockStat;28;  32; 208; 8;16;QP;38
BlockStat;28;  32; 208; 8;16;SplitSeries;99361
BlockStat;28;  32; 208; 8;16;SkipFlag;1
BlockStat;28;  32; 208; 8;16;MMVDSkipFlag;0
BlockStat;28;  32; 208; 8;16;PredMode;0
BlockStat;28;  32; 208; 8;16;MergeIdx;37
BlockStat;28;  32; 208; 8;16;MergeType;0
BlockStat;28;  32; 208; 8;16;MMVDMergeFlag;1
BlockStat;28;  32; 208; 8;16;MMVDMergeIdx;37
BlockStat;28;  32; 208; 8;16;MVPIdxL0;255
BlockStat;28;  32; 208; 8;16;RefIdxL0;1
BlockStat;28;  32; 208; 8;16;MVPIdxL1;255
BlockStat;28;  32; 208; 8;16;RefIdxL1;0
BlockStat;28;  32; 208; 8;16;MVDL0;   0;   0
BlockStat;28;  32; 208; 8;16;MVL0; 575;  31
BlockStat;28;  32; 208; 8;16;MVDL1;   0;   0
BlockStat;28;  32; 208; 8;16;MVL1; 194;  -6
BlockStat;28;  40; 208; 8;16;Depth;4
BlockStat;28;  40; 208; 8;16;QT_Depth;3
BlockStat;28;  40; 208; 8;16;BT_Depth;1
BlockStat;28;  40; 208; 8;16;MT_Depth;1
BlockStat;28;  40; 208; 8;16;ChromaQPAdj;0
BlockStat;28;  40; 208; 8;16;QP;38
BlockStat;28;  40; 208; 8;16;SplitSeries;99361
BlockStat;28;  40; 208; 8;16;SkipFlag;1
BlockStat;28;  40; 208; 8;16;MMVDSkipFlag;0
BlockStat;28;  40; 208; 8;16;PredMode;0
BlockStat;28;  40; 208; 8;16;MergeIdx;1
BlockStat;28;  40; 208; 8;16;MergeType;0
BlockStat;28;  40; 208; 8;16;MMVDMergeFlag;0
BlockStat;28;  40; 208; 8;16;AffineFlag;0
BlockStat;28;  40; 208; 8;16;MVPIdxL0;255
BlockStat;28;  40; 208; 8;16;RefIdxL0;1
BlockStat;28;  40; 208; 8;16;MVPIdxL1;255
BlockStat;28;  40; 208; 8;16;RefIdxL1;0
BlockStat;28;  40; 208; 8;16;MVDL0;   0;   0
BlockStat;28;  40; 208; 8;16;MVL0; 582;  29
BlockStat;28;  40; 208; 8;16;MVDL1;   0;   0
BlockStat;28;  40; 208; 8;16;MVL1; 195;  -7
BlockStat;28;  48; 208; 4;16;Depth;4
BlockStat;28;  48; 208; 4;16;QT_Depth;3
BlockStat;28;  48; 208; 4;16;BT_Depth;2
BlockStat;28;  48; 208; 4;16;MT_Depth;1
BlockStat;28;  48; 208; 4;16;ChromaQPAdj;0
BlockStat;28;  48; 208; 4;16;QP;38
BlockStat;28;  48; 208; 4;16;SplitSeries;164897
BlockStat;28;  48; 208; 4;16;SkipFlag;1
BlockStat;28;  48; 208; 4;16;MMVDSkipFlag;0
BlockStat;28;  48; 208; 4;16;PredMode;0
BlockStat;28;  48; 208; 4;16;MergeIdx;39
BlockStat;28;  48; 208; 4;16;MergeType;0
BlockStat;28;  48; 208; 4;16;MMVDMergeFlag;1
BlockStat;28;  48; 208; 4;16;MMVDMergeIdx;39
BlockStat;28;  48; 208; 4;16;MVPIdxL0;255
BlockStat;28;  48; 208; 4;16;RefIdxL0;1
BlockStat;28;  48; 208; 4;16;MVPIdxL1;255
BlockStat;28;  48; 208; 4;16;RefIdxL1;0
BlockStat;28;  48; 208; 4;16;MVDL0;   0;   0
BlockStat;28;  48; 208; 4;16;MVL0; 586;  27
BlockStat;28;  48; 208; 4;16;MVDL1;   0;   0
BlockStat;28;  48; 208; 4;16;MVL1; 196;  -7
BlockStat;28;  52; 208; 8;16;Depth;4
BlockStat;28;  52; 208; 8;16;QT_Depth;3
BlockStat;28;  52; 208; 8;16;BT_Depth;1
BlockStat;28;  52; 208; 8;16;MT_Depth;1
BlockStat;28;  52; 208; 8;16;ChromaQPAdj;0
BlockStat;28;  52; 208; 8;16;QP;38
BlockStat;28;  52; 208; 8;16;SplitSeries;164897
BlockStat;28;  52; 208; 8;16;SkipFlag;1
BlockStat;28;  52; 208; 8;16;MMVDSkipFlag;0
BlockStat;28;  52; 208; 8;16;PredMode;0
BlockStat;28;  52; 208; 8;16;MergeIdx;0
BlockStat;28;  52; 208; 8;16;MergeType;0
BlockStat;28;  52; 208; 8;16;MMVDMergeFlag;0
BlockStat;28;  52; 208; 8;16;AffineFlag;0
BlockStat;28;  52; 208; 8;16;MVPIdxL0;255
BlockStat;28;  52; 208; 8;16;RefIdxL0;1
BlockStat;28;  52; 208; 8;16;MVPIdxL1;255
BlockStat;28;  52; 208; 8;16;RefIdxL1;0
BlockStat;28;  52; 208; 8;16;MVDL0;   0;   0
BlockStat;28;  52; 208; 8;16;MVL0; 586;  27
BlockStat;28;  52; 208; 8;16;MVDL1;   0;   0
BlockStat;28;  52; 208; 8;16;MVL1; 196;  -7
BlockStat;28;  60; 208; 4;16;Depth;4
BlockStat;28;  60; 208; 4;16;QT_Depth;3
BlockStat;28;  60; 208; 4;16;BT_Depth;2
BlockStat;28;  60; 208; 4;16;MT_Depth;1
BlockStat;28;  60; 208; 4;16;ChromaQPAdj;0
BlockStat;28;  60; 208; 4;16;QP;38
BlockStat;28;  60; 208; 4;16;SplitSeries;164897
BlockStat;28;  60; 208; 4;16;SkipFlag;0
BlockStat;28;  60; 208; 4;16;PredMode;0
BlockStat;28;  60; 208; 4;16;MergeFlag;0
BlockStat;28;  60; 208; 4;16;InterDir;1
BlockStat;28;  60; 208; 4;16;MVPIdxL0;0
BlockStat;28;  60; 208; 4;16;RefIdxL0;0
BlockStat;28;  60; 208; 4;16;MVDL0;  20;   0
BlockStat;28;  60; 208; 4;16;MVL0; 216;  -8
BlockStat;28;  60; 208; 4;16;IMVMode;1
BlockStat;28;  60; 208; 4;16;RootCbf;0
BlockStat;28;   0; 224;32; 4;Depth;4
BlockStat;28;   0; 224;32; 4;QT_Depth;2
BlockStat;28;   0; 224;32; 4;BT_Depth;3
BlockStat;28;   0; 224;32; 4;MT_Depth;2
BlockStat;28;   0; 224;32; 4;ChromaQPAdj;0
BlockStat;28;   0; 224;32; 4;QP;38
BlockStat;28;   0; 224;32; 4;SplitSeries;69665
BlockStat;28;   0; 224;32; 4;SkipFlag;0
BlockStat;28;   0; 224;32; 4;PredMode;1
BlockStat;28;   0; 224;32; 4;Luma_IntraMode;64
BlockStat;28;   0; 224;32; 4;Chroma_IntraMode;64
BlockStat;28;   0; 224;32; 4;MultiRefIdx;0
BlockStat;28;   0; 224;32; 4;Cbf_Y;0
BlockStat;28;   0; 224;32; 4;TransformSkipFlag_Y;0
BlockStat;28;   0; 224;32; 4;Cbf_Cb;0
BlockStat;28;   0; 224;32; 4;Cbf_Cr;0
BlockStat;28;   0; 228;32; 4;Depth;4
BlockStat;28;   0; 228;32; 4;QT_Depth;2
BlockStat;28;   0; 228;32; 4;BT_Depth;3
BlockStat;28;   0; 228;32; 4;MT_Depth;2
BlockStat;28;   0; 228;32; 4;ChromaQPAdj;0
BlockStat;28;   0; 228;32; 4;QP;38
BlockStat;28;   0; 228;32; 4;SplitSeries;69665
BlockStat;28;   0; 228;32; 4;SkipFlag;0
BlockStat;28;   0; 228;32; 4;PredMode;1
BlockStat;28;   0; 228;32; 4;Luma_IntraMode;37
BlockStat;28;   0; 228;32; 4;Chroma_IntraMode;1
BlockStat;28;   0; 228;32; 4;MultiRefIdx;0
BlockStat;28;   0; 228;32; 4;Cbf_Y;1
BlockStat;28;   0; 228;32; 4;TransformSkipFlag_Y;2
BlockStat;28;   0; 228;32; 4;Cbf_Cb;0
BlockStat;28;   0; 228;32; 4;Cbf_Cr;0
BlockStat;28;   0; 232; 8; 4;Depth;5
BlockStat;28;   0; 232; 8; 4;QT_Depth;2
BlockStat;28;   0; 232; 8; 4;BT_Depth;5
BlockStat;28;   0; 232; 8; 4;MT_Depth;3
BlockStat;28;   0; 232; 8; 4;ChromaQPAdj;0
BlockStat;28;   0; 232; 8; 4;QP;38
BlockStat;28;   0; 232; 8; 4;SplitSeries;5378081
BlockStat;28;   0; 232; 8; 4;SkipFlag;0
BlockStat;28;   0; 232; 8; 4;PredMode;1
BlockStat;28;   0; 232; 8; 4;Luma_IntraMode;0
BlockStat;28;   0; 232; 8; 4;MultiRefIdx;0
BlockStat;28;   0; 232; 8; 4;Cbf_Y;0
BlockStat;28;   0; 232; 8; 4;TransformSkipFlag_Y;0
BlockStat;28;   8; 232;16; 4;Depth;5
BlockStat;28;   8; 232;16; 4;QT_Depth;2
BlockStat;28;   8; 232;16; 4;BT_Depth;4
BlockStat;28;   8; 232;16; 4;MT_Depth;3
BlockStat;28;   8; 232;16; 4;ChromaQPAdj;0
BlockStat;28;   8; 232;16; 4;QP;38
BlockStat;28;   8; 232;16; 4;SplitSeries;5378081
BlockStat;28;   8; 232;16; 4;SkipFlag;0
BlockStat;28;   8; 232;16; 4;PredMode;1
BlockStat;28;   8; 232;16; 4;Luma_IntraMode;0
BlockStat;28;   8; 232;16; 4;MultiRefIdx;0
BlockStat;28;   8; 232;16; 4;Cbf_Y;0
BlockStat;28;   8; 232;16; 4;TransformSkipFlag_Y;0
BlockStat;28;  24; 232; 8; 4;Depth;5
BlockStat;28;  24; 232; 8; 4;QT_Depth;2
BlockStat;28;  24; 232; 8; 4;BT_Depth;5
BlockStat;28;  24; 232; 8; 4;MT_Depth;3
BlockStat;28;  24; 232; 8; 4;ChromaQPAdj;0
BlockStat;28;  24; 232; 8; 4;QP;38
BlockStat;28;  24; 232; 8; 4;SplitSeries;5378081
BlockStat;28;  24; 232; 8; 4;SkipFlag;0
BlockStat;28;  24; 232; 8; 4;PredMode;1
BlockStat;28;  24; 232; 8; 4;Luma_IntraMode;16
BlockStat;28;  24; 232; 8; 4;MultiRefIdx;0
BlockStat;28;  24; 232; 8; 4;Cbf_Y;1
BlockStat;28;  24; 232; 8; 4;TransformSkipFlag_Y;2
BlockStat;28;   0;   0; 0; 0;Depth;4
BlockStat;28;   0;   0; 0; 0;QT_Depth;2
BlockStat;28;   0;   0; 0; 0;BT_Depth;3
BlockStat;28;   0;   0; 0; 0;MT_Depth;2
BlockStat;28;   0;   0; 0; 0;ChromaQPAdj;0
BlockStat;28;   0;   0; 0; 0;QP;38
BlockStat;28;   0;   0; 0; 0;SplitSeries;135201
BlockStat;28;   0;   0; 0; 0;PredMode;1
BlockStat;28;   0; 232;32; 4;Chroma_IntraMode;66
BlockStat;28;   0; 232;32; 4;Cbf_Cb;0
BlockStat;28;   0; 232;32; 4;Cbf_Cr;0
BlockStat;28;   0; 236;32; 8;Depth;4
BlockStat;28;   0; 236;32; 8;QT_Depth;2
BlockStat;28;   0; 236;32; 8;BT_Depth;2
BlockStat;28;   0; 236;32; 8;MT_Depth;2
BlockStat;28;   0; 236;32; 8;ChromaQPAdj;0
BlockStat;28;   0; 236;32; 8;QP;38
BlockStat;28;   0; 236;32; 8;SplitSeries;135201
BlockStat;28;   0; 236;32; 8;SkipFlag;0
BlockStat;28;   0; 236;32; 8;PredMode;1
BlockStat;28;   0; 236;32; 8;Luma_IntraMode;59
BlockStat;28;   0; 236;32; 8;Chroma_IntraMode;59
BlockStat;28;   0; 236;32; 8;MultiRefIdx;0
BlockStat;28;   0; 236; 8; 8;Cbf_Y;0
BlockStat;28;   0; 236; 8; 8;TransformSkipFlag_Y;0
BlockStat;28;   0;   0; 0; 0;Cbf_Cb;0
BlockStat;28;   0;   0; 0; 0;Cbf_Cr;0
BlockStat;28;   8; 236; 8; 8;Cbf_Y;0
BlockStat;28;   8; 236; 8; 8;TransformSkipFlag_Y;0
BlockStat;28;   0;   0; 0; 0;Cbf_Cb;0
BlockStat;28;   0;   0; 0; 0;Cbf_Cr;0
BlockStat;28;  16; 236; 8; 8;Cbf_Y;0
BlockStat;28;  16; 236; 8; 8;TransformSkipFlag_Y;0
BlockStat;28;   0;   0; 0; 0;Cbf_Cb;0
BlockStat;28;   0;   0; 0; 0;Cbf_Cr;0
BlockStat;28;  24; 236; 8; 8;Cbf_Y;2
BlockStat;28;  24; 236; 8; 8;TransformSkipFlag_Y;0
BlockStat;28;   0; 236;32; 8;Cbf_Cb;2
BlockStat;28;   0; 236;32; 8;Cbf_Cr;2
BlockStat;28;   0; 244;32; 4;Depth;4
BlockStat;28;   0; 244;32; 4;QT_Depth;2
BlockStat;28;   0; 244;32; 4;BT_Depth;3
BlockStat;28;   0; 244;32; 4;MT_Depth;2
BlockStat;28;   0; 244;32; 4;ChromaQPAdj;0
BlockStat;28;   0; 244;32; 4;QP;38
BlockStat;28;   0; 244;32; 4;SplitSeries;135201
BlockStat;28;   0; 244;32; 4;SkipFlag;0
BlockStat;28;   0; 244;32; 4;PredMode;1
BlockStat;28;   0; 244;32; 4;Luma_IntraMode;0
BlockStat;28;   0; 244;32; 4;Chroma_IntraMode;0
BlockStat;28;   0; 244;32; 4;MultiRefIdx;0
BlockStat;28;   0; 244; 8; 4;Cbf_Y;0
BlockStat;28;   0; 244; 8; 4;TransformSkipFlag_Y;0
BlockStat;28;   0;   0; 0; 0;Cbf_Cb;0
BlockStat;28;   0;   0; 0; 0;Cbf_Cr;0
BlockStat;28;   8; 244; 8; 4;Cbf_Y;0
BlockStat;28;   8; 244; 8; 4;TransformSkipFlag_Y;0
BlockStat;28;   0;   0; 0; 0;Cbf_Cb;0
BlockStat;28;   0;   0; 0; 0;Cbf_Cr;0
BlockStat;28;  16; 244; 8; 4;Cbf_Y;0
BlockStat;28;  16; 244; 8; 4;TransformSkipFlag_Y;0
BlockStat;28;   0;   0; 0; 0;Cbf_Cb;0
BlockStat;28;   0;   0; 0; 0;Cbf_Cr;0
BlockStat;28;  24; 244; 8; 4;Cbf_Y;2
BlockStat;28;  24; 244; 8; 4;TransformSkipFlag_Y;0
BlockStat;28;   0; 244;32; 4;Cbf_Cb;2
BlockStat;28;   0; 244;32; 4;Cbf_Cr;0
BlockStat;28;   0; 248;32; 8;Depth;3
BlockStat;28;   0; 248;32; 8;QT_Depth;2
BlockStat;28;   0; 248;32; 8;BT_Depth;2
BlockStat;28;   0; 248;32; 8;MT_Depth;1
BlockStat;28;   0; 248;32; 8;ChromaQPAdj;0
BlockStat;28;   0; 248;32; 8;QP;38
BlockStat;28;   0; 248;32; 8;SplitSeries;4129
BlockStat;28;   0; 248;32; 8;SkipFlag;0
BlockStat;28;   0; 248;32; 8;PredMode;1
BlockStat;28;   0; 248;32; 8;Luma_IntraMode;64
BlockStat;28;   0; 248;32; 8;Chroma_IntraMode;64
BlockStat;28;   0; 248;32; 8;MultiRefIdx;0
BlockStat;28;   0; 248; 8; 8;Cbf_Y;0
BlockStat;28;   0; 248; 8; 8;TransformSkipFlag_Y;0
BlockStat;28;   0;   0; 0; 0;Cbf_Cb;0
BlockStat;28;   0;   0; 0; 0;Cbf_Cr;0
BlockStat;28;   8; 248; 8; 8;Cbf_Y;0
BlockStat;28;   8; 248; 8; 8;TransformSkipFlag_Y;0
BlockStat;28;   0;   0; 0; 0;Cbf_Cb;0
BlockStat;28;   0;   0; 0; 0;Cbf_Cr;0
BlockStat;28;  16; 248; 8; 8;Cbf_Y;0
BlockStat;28;  16; 248; 8; 8;TransformSkipFlag_Y;0
BlockStat;28;   0;   0; 0; 0;Cbf_Cb;0
BlockStat;28;   0;   0; 0; 0;Cbf_Cr;0
BlockStat;28;  24; 248; 8; 8;Cbf_Y;2
BlockStat;28;  24; 248; 8; 8;TransformSkipFlag_Y;0
BlockStat;28;   0; 248;32; 8;Cbf_Cb;2
BlockStat;28;   0; 248;32; 8;Cbf_Cr;2
BlockStat;28;  32; 224;16; 4;Depth;5
BlockStat;28;  32; 224;16; 4;QT_Depth;2
BlockStat;28;  32; 224;16; 4;BT_Depth;4
BlockStat;28;  32; 224;16; 4;MT_Depth;3
BlockStat;28;  32; 224;16; 4;ChromaQPAdj;0
BlockStat;28;  32; 224;16; 4;QP;38
BlockStat;28;  32; 224;16; 4;SplitSeries;4294689
BlockStat;28;  32; 224;16; 4;SkipFlag;1
BlockStat;28;  32; 224;16; 4;MMVDSkipFlag;0
BlockStat;28;  32; 224;16; 4;PredMode;0
BlockStat;28;  32; 224;16; 4;MergeIdx;0
BlockStat;28;  32; 224;16; 4;MergeType;0
BlockStat;28;  32; 224;16; 4;MMVDMergeFlag;0
BlockStat;28;  32; 224;16; 4;MVPIdxL0;255
BlockStat;28;  32; 224;16; 4;RefIdxL0;1
BlockStat;28;  32; 224;16; 4;MVPIdxL1;255
BlockStat;28;  32; 224;16; 4;RefIdxL1;0
BlockStat;28;  32; 224;16; 4;MVDL0;   0;   0
BlockStat;28;  32; 224;16; 4;MVL0; 582;  29
BlockStat;28;  32; 224;16; 4;MVDL1;   0;   0
BlockStat;28;  32; 224;16; 4;MVL1; 195;  -7
BlockStat;28;  32; 228;16; 8;Depth;5
BlockStat;28;  32; 228;16; 8;QT_Depth;2
BlockStat;28;  32; 228;16; 8;BT_Depth;3
BlockStat;28;  32; 228;16; 8;MT_Depth;3
BlockStat;28;  32; 228;16; 8;ChromaQPAdj;0
BlockStat;28;  32; 228;16; 8;QP;38
BlockStat;28;  32; 228;16; 8;SplitSeries;4294689
BlockStat;28;  32; 228;16; 8;SkipFlag;1
BlockStat;28;  32; 228;16; 8;MMVDSkipFlag;0
BlockStat;28;  32; 228;16; 8;PredMode;0
BlockStat;28;  32; 228;16; 8;MergeIdx;11
BlockStat;28;  32; 228;16; 8;MergeType;0
BlockStat;28;  32; 228;16; 8;MMVDMergeFlag;1
BlockStat;28;  32; 228;16; 8;MMVDMergeIdx;11
BlockStat;28;  32; 228;16; 8;MVPIdxL0;255
BlockStat;28;  32; 228;16; 8;RefIdxL0;1
BlockStat;28;  32; 228;16; 8;MVPIdxL1;255
BlockStat;28;  32; 228;16; 8;RefIdxL1;0
BlockStat;28;  32; 228;16; 8;MVDL0;   0;   0
BlockStat;28;  32; 228;16; 8;MVL0; 582;  25
BlockStat;28;  32; 228;16; 8;MVDL1;   0;   0
BlockStat;28;  32; 228;16; 8;MVL1; 195;  -8
BlockStat;28;  32; 236;16; 4;Depth;5
BlockStat;28;  32; 236;16; 4;QT_Depth;2
BlockStat;28;  32; 236;16; 4;BT_Depth;4
BlockStat;28;  32; 236;16; 4;MT_Depth;3
BlockStat;28;  32; 236;16; 4;ChromaQPAdj;0
BlockStat;28;  32; 236;16; 4;QP;38
BlockStat;28;  32; 236;16; 4;SplitSeries;4294689
BlockStat;28;  32; 236;16; 4;SkipFlag;0
BlockStat;28;  32; 236;16; 4;PredMode;0
BlockStat;28;  32; 236;16; 4;MergeFlag;0
BlockStat;28;  32; 236;16; 4;InterDir;1
BlockStat;28;  32; 236;16; 4;MVPIdxL0;0
BlockStat;28;  32; 236;16; 4;RefIdxL0;1
BlockStat;28;  32; 236;16; 4;MVDL0; -16;   0
BlockStat;28;  32; 236;16; 4;MVL0; 564;  24
BlockStat;28;  32; 236;16; 4;IMVMode;1
BlockStat;28;  32; 236;16; 4;RootCbf;1
BlockStat;28;  32; 236; 8; 4;Cbf_Y;0
BlockStat;28;  32; 236; 8; 4;TransformSkipFlag_Y;0
BlockStat;28;  32; 236; 8; 4;Cbf_Cb;0
BlockStat;28;  32; 236; 8; 4;Cbf_Cr;0
BlockStat;28;  40; 236; 8; 4;Cbf_Y;2
BlockStat;28;  40; 236; 8; 4;TransformSkipFlag_Y;0
BlockStat;28;  40; 236; 8; 4;Cbf_Cb;0
BlockStat;28;  40; 236; 8; 4;Cbf_Cr;0
BlockStat;28;  48; 224; 8;16;Depth;5
BlockStat;28;  48; 224; 8;16;QT_Depth;2
BlockStat;28;  48; 224; 8;16;BT_Depth;3
BlockStat;28;  48; 224; 8;16;MT_Depth;3
BlockStat;28;  48; 224; 8;16;ChromaQPAdj;0
BlockStat;28;  48; 224; 8;16;QP;38
BlockStat;28;  48; 224; 8;16;SplitSeries;3246113
BlockStat;28;  48; 224; 8;16;SkipFlag;1
BlockStat;28;  48; 224; 8;16;MMVDSkipFlag;0
BlockStat;28;  48; 224; 8;16;PredMode;0
BlockStat;28;  48; 224; 8;16;MergeIdx;37
BlockStat;28;  48; 224; 8;16;MergeType;0
BlockStat;28;  48; 224; 8;16;MMVDMergeFlag;1
BlockStat;28;  48; 224; 8;16;MMVDMergeIdx;37
BlockStat;28;  48; 224; 8;16;MVPIdxL0;255
BlockStat;28;  48; 224; 8;16;RefIdxL0;1
BlockStat;28;  48; 224; 8;16;MVPIdxL1;255
BlockStat;28;  48; 224; 8;16;RefIdxL1;0
BlockStat;28;  48; 224; 8;16;MVDL0;   0;   0
BlockStat;28;  48; 224; 8;16;MVL0; 584;  27
BlockStat;28;  48; 224; 8;16;MVDL1;   0;   0
BlockStat;28;  48; 224; 8;16;MVL1; 195;  -7
BlockStat;28;  56; 224; 8;16;Depth;5
BlockStat;28;  56; 224; 8;16;QT_Depth;2
BlockStat;28;  56; 224; 8;16;BT_Depth;3
BlockStat;28;  56; 224; 8;16;MT_Depth;3
BlockStat;28;  56; 224; 8;16;ChromaQPAdj;0
BlockStat;28;  56; 224; 8;16;QP;38
BlockStat;28;  56; 224; 8;16;SplitSeries;3246113
BlockStat;28;  56; 224; 8;16;SkipFlag;1
BlockStat;28;  56; 224; 8;16;MMVDSkipFlag;0
BlockStat;28;  56; 224; 8;16;PredMode;0
BlockStat;28;  56; 224; 8;16;MergeIdx;1
BlockStat;28;  56; 224; 8;16;MergeType;0
BlockStat;28;  56; 224; 8;16;MMVDMergeFlag;0
BlockStat;28;  56; 224; 8;16;AffineFlag;0
BlockStat;28;  56; 224; 8;16;MVPIdxL0;255
BlockStat;28;  56; 224; 8;16;RefIdxL0;0
BlockStat;28;  56; 224; 8;16;MVDL0;   0;   0
BlockStat;28;  56; 224; 8;16;MVL0; 216;  -8
BlockStat;28;  32; 240;32;16;Depth;3
BlockStat;28;  32; 240;32;16;QT_Depth;2
BlockStat;28;  32; 240;32;16;BT_Depth;1
BlockStat;28;  32; 240;32;16;MT_Depth;1
BlockStat;28;  32; 240;32;16;ChromaQPAdj;0
BlockStat;28;  32; 240;32;16;QP;38
BlockStat;28;  32; 240;32;16;SplitSeries;2081
BlockStat;28;  32; 240;32;16;SkipFlag;0
BlockStat;28;  32; 240;32;16;PredMode;0
BlockStat;28;  32; 240;32;16;MergeFlag;0
BlockStat;28;  32; 240;32;16;InterDir;1
BlockStat;28;  32; 240;32;16;AffineFlag;1
BlockStat;28;  32; 240;32;16;AffineType;0
BlockStat;28;  32; 240;32;16;MVPIdxL0;0
BlockStat;28;  32; 240;32;16;RefIdxL0;0
BlockStat;28;  32; 240;32;16;AffineMVL0; 220; -24; 220; -20; 218; -24
BlockStat;28;  32; 240;32;16;RootCbf;1
BlockStat;28;  32; 240;16;16;Cbf_Y;2
BlockStat;28;  32; 240;16;16;TransformSkipFlag_Y;0
BlockStat;28;  32; 240;16;16;Cbf_Cb;0
BlockStat;28;  32; 240;16;16;Cbf_Cr;0
BlockStat;28;  48; 240;16;16;Cbf_Y;0
BlockStat;28;  48; 240;16;16;TransformSkipFlag_Y;0
BlockStat;28;  48; 240;16;16;Cbf_Cb;0
BlockStat;28;  48; 240;16;16;Cbf_Cr;0
BlockStat;28;  64; 192; 4;32;Depth;4
BlockStat;28;  64; 192; 4;32;QT_Depth;2
BlockStat;28;  64; 192; 4;32;BT_Depth;3
BlockStat;28;  64; 192; 4;32;MT_Depth;2
BlockStat;28;  64; 192; 4;32;ChromaQPAdj;0
BlockStat;28;  64; 192; 4;32;QP;38
BlockStat;28;  64; 192; 4;32;SplitSeries;166945
BlockStat;28;  64; 192; 4;32;SkipFlag;1
BlockStat;28;  64; 192; 4;32;MMVDSkipFlag;0
BlockStat;28;  64; 192; 4;32;PredMode;0
BlockStat;28;  64; 192; 4;32;MergeIdx;8
BlockStat;28;  64; 192; 4;32;MergeType;0
BlockStat;28;  64; 192; 4;32;MMVDMergeFlag;1
BlockStat;28;  64; 192; 4;32;MMVDMergeIdx;8
BlockStat;28;  64; 192; 4;32;MVPIdxL0;255
BlockStat;28;  64; 192; 4;32;RefIdxL0;0
BlockStat;28;  64; 192; 4;32;MVDL0;   0;   0
BlockStat;28;  64; 192; 4;32;MVL0; 220;  -8
BlockStat;28;  68; 192; 8;32;Depth;4
BlockStat;28;  68; 192; 8;32;QT_Depth;2
BlockStat;28;  68; 192; 8;32;BT_Depth;2
BlockStat;28;  68; 192; 8;32;MT_Depth;2
BlockStat;28;  68; 192; 8;32;ChromaQPAdj;0
BlockStat;28;  68; 192; 8;32;QP;38
BlockStat;28;  68; 192; 8;32;SplitSeries;166945
BlockStat;28;  68; 192; 8;32;SkipFlag;1
BlockStat;28;  68; 192; 8;32;MMVDSkipFlag;0
BlockStat;28;  68; 192; 8;32;PredMode;0
BlockStat;28;  68; 192; 8;32;MergeIdx;8
BlockStat;28;  68; 192; 8;32;MergeType;0
BlockStat;28;  68; 192; 8;32;MMVDMergeFlag;1
BlockStat;28;  68; 192; 8;32;MMVDMergeIdx;8
BlockStat;28;  68; 192; 8;32;MVPIdxL0;255
BlockStat;28;  68; 192; 8;32;RefIdxL0;0
BlockStat;28;  68; 192; 8;32;MVDL0;   0;   0
BlockStat;28;  68; 192; 8;32;MVL0; 224;  -8
BlockStat;28;  76; 192; 4;32;Depth;4
BlockStat;28;  76; 192; 4;32;QT_Depth;2
BlockStat;28;  76; 192; 4;32;BT_Depth;3
BlockStat;28;  76; 192; 4;32;MT_Depth;2
BlockStat;28;  76; 192; 4;32;ChromaQPAdj;0
BlockStat;28;  76; 192; 4;32;QP;38
BlockStat;28;  76; 192; 4;32;SplitSeries;166945
BlockStat;28;  76; 192; 4;32;SkipFlag;1
BlockStat;28;  76; 192; 4;32;MMVDSkipFlag;0
BlockStat;28;  76; 192; 4;32;PredMode;0
BlockStat;28;  76; 192; 4;32;MergeIdx;4
BlockStat;28;  76; 192; 4;32;MergeType;0
BlockStat;28;  76; 192; 4;32;MMVDMergeFlag;1
BlockStat;28;  76; 192; 4;32;MMVDMergeIdx;4
BlockStat;28;  76; 192; 4;32;MVPIdxL0;255
BlockStat;28;  76; 192; 4;32;RefIdxL0;0
BlockStat;28;  76; 192; 4;32;MVDL0;   0;   0
BlockStat;28;  76; 192; 4;32;MVL0; 226;  -8
BlockStat;28;  80; 192;16;32;Depth;3
BlockStat;28;  80; 192;16;32;QT_Depth;2
BlockStat;28;  80; 192;16;32;BT_Depth;1
BlockStat;28;  80; 192;16;32;MT_Depth;1
BlockStat;28;  80; 192;16;32;ChromaQPAdj;0
BlockStat;28;  80; 192;16;32;QP;38
BlockStat;28;  80; 192;16;32;SplitSeries;3105
BlockStat;28;  80; 192;16;32;SkipFlag;1
BlockStat;28;  80; 192;16;32;MMVDSkipFlag;0
BlockStat;28;  80; 192;16;32;PredMode;0
BlockStat;28;  80; 192;16;32;MergeIdx;8
BlockStat;28;  80; 192;16;32;MergeType;0
BlockStat;28;  80; 192;16;32;MMVDMergeFlag;1
BlockStat;28;  80; 192;16;32;MMVDMergeIdx;8
BlockStat;28;  80; 192;16;32;MVPIdxL0;255
BlockStat;28;  80; 192;16;32;RefIdxL0;0
BlockStat;28;  80; 192;16;32;MVDL0;   0;   0
BlockStat;28;  80; 192;16;32;MVL0; 230;  -8
BlockStat;28;  96; 192;16;32;Depth;3
BlockStat;28;  96; 192;16;32;QT_Depth;2
BlockStat;28;  96; 192;16;32;BT_Depth;1
BlockStat;28;  96; 192;16;32;MT_Depth;1
BlockStat;28;  96; 192;16;32;ChromaQPAdj;0
BlockStat;28;  96; 192;16;32;QP;38
BlockStat;28;  96; 192;16;32;SplitSeries;3105
BlockStat;28;  96; 192;16;32;SkipFlag;1
BlockStat;28;  96; 192;16;32;MMVDSkipFlag;0
BlockStat;28;  96; 192;16;32;PredMode;0
BlockStat;28;  96; 192;16;32;MergeIdx;3
BlockStat;28;  96; 192;16;32;MergeType;0
BlockStat;28;  96; 192;16;32;MMVDMergeFlag;0
BlockStat;28;  96; 192;16;32;AffineFlag;0
BlockStat;28;  96; 192;16;32;MVPIdxL0;255
BlockStat;28;  96; 192;16;32;RefIdxL0;0
BlockStat: POC 28 @(  96, 192) [16x32] TrianglePartitioning={   0,  32,  16,   0}
BlockStat: POC 28 @[(96, 192)--(112, 192)--(96, 224)--] TriangleMVL0={ 236,  -4}
BlockStat: POC 28 @[(112, 192)--(96, 224)--(112, 224)--] TriangleMVL0={ 228,  -4}
BlockStat;28; 112; 192; 4;16;Depth;5
BlockStat;28; 112; 192; 4;16;QT_Depth;2
BlockStat;28; 112; 192; 4;16;BT_Depth;4
BlockStat;28; 112; 192; 4;16;MT_Depth;3
BlockStat;28; 112; 192; 4;16;ChromaQPAdj;0
BlockStat;28; 112; 192; 4;16;QP;38
BlockStat;28; 112; 192; 4;16;SplitSeries;5311521
BlockStat;28; 112; 192; 4;16;SkipFlag;1
BlockStat;28; 112; 192; 4;16;MMVDSkipFlag;0
BlockStat;28; 112; 192; 4;16;PredMode;0
BlockStat;28; 112; 192; 4;16;MergeIdx;1
BlockStat;28; 112; 192; 4;16;MergeType;0
BlockStat;28; 112; 192; 4;16;MMVDMergeFlag;0
BlockStat;28; 112; 192; 4;16;MVPIdxL0;255
BlockStat;28; 112; 192; 4;16;RefIdxL0;0
BlockStat;28; 112; 192; 4;16;MVDL0;   0;   0
BlockStat;28; 112; 192; 4;16;MVL0; 218;   1
BlockStat;28; 116; 192; 8;16;Depth;5
BlockStat;28; 116; 192; 8;16;QT_Depth;2
BlockStat;28; 116; 192; 8;16;BT_Depth;3
BlockStat;28; 116; 192; 8;16;MT_Depth;3
BlockStat;28; 116; 192; 8;16;ChromaQPAdj;0
BlockStat;28; 116; 192; 8;16;QP;38
BlockStat;28; 116; 192; 8;16;SplitSeries;5311521
BlockStat;28; 116; 192; 8;16;SkipFlag;0
BlockStat;28; 116; 192; 8;16;PredMode;0
BlockStat;28; 116; 192; 8;16;MergeFlag;1
BlockStat;28; 116; 192; 8;16;MergeIdx;2
BlockStat;28; 116; 192; 8;16;MergeType;0
BlockStat;28; 116; 192; 8;16;MMVDMergeFlag;0
BlockStat;28; 116; 192; 8;16;AffineFlag;0
BlockStat;28; 116; 192; 8;16;MHIntraFlag;0
BlockStat;28; 116; 192; 8;16;MVPIdxL0;255
BlockStat;28; 116; 192; 8;16;RefIdxL0;0
BlockStat: POC 28 @( 116, 192) [ 8x16] TrianglePartitioning={   0,  16,   8,   0}
BlockStat: POC 28 @[(116, 192)--(124, 192)--(116, 208)--] TriangleMVL0={ 218,   1}
BlockStat: POC 28 @[(124, 192)--(116, 208)--(124, 208)--] TriangleMVL0={ 230,  -8}
BlockStat;28; 116; 192; 8;16;Cbf_Y;1
BlockStat;28; 116; 192; 8;16;TransformSkipFlag_Y;0
BlockStat;28; 116; 192; 8;16;Cbf_Cb;0
BlockStat;28; 116; 192; 8;16;Cbf_Cr;0
BlockStat;28; 124; 192; 4;16;Depth;5
BlockStat;28; 124; 192; 4;16;QT_Depth;2
BlockStat;28; 124; 192; 4;16;BT_Depth;4
BlockStat;28; 124; 192; 4;16;MT_Depth;3
BlockStat;28; 124; 192; 4;16;ChromaQPAdj;0
BlockStat;28; 124; 192; 4;16;QP;38
BlockStat;28; 124; 192; 4;16;SplitSeries;5311521
BlockStat;28; 124; 192; 4;16;SkipFlag;0
BlockStat;28; 124; 192; 4;16;PredMode;1
BlockStat;28; 124; 192; 4;16;Luma_IntraMode;12
BlockStat;28; 124; 192; 4;16;Chroma_IntraMode;12
BlockStat;28; 124; 192; 4;16;MultiRefIdx;0
BlockStat;28; 124; 192; 4;16;Cbf_Y;0
BlockStat;28; 124; 192; 4;16;TransformSkipFlag_Y;0
BlockStat;28; 124; 192; 4;16;Cbf_Cb;0
BlockStat;28; 124; 192; 4;16;Cbf_Cr;0
BlockStat;28; 112; 208;16;16;Depth;4
BlockStat;28; 112; 208;16;16;QT_Depth;2
BlockStat;28; 112; 208;16;16;BT_Depth;2
BlockStat;28; 112; 208;16;16;MT_Depth;2
BlockStat;28; 112; 208;16;16;ChromaQPAdj;0
BlockStat;28; 112; 208;16;16;QP;38
BlockStat;28; 112; 208;16;16;SplitSeries;68641
BlockStat;28; 112; 208;16;16;SkipFlag;0
BlockStat;28; 112; 208;16;16;PredMode;0
BlockStat;28; 112; 208;16;16;MergeFlag;0
BlockStat;28; 112; 208;16;16;InterDir;1
BlockStat;28; 112; 208;16;16;AffineFlag;1
BlockStat;28; 112; 208;16;16;AffineType;0
BlockStat;28; 112; 208;16;16;MVPIdxL0;0
BlockStat;28; 112; 208;16;16;RefIdxL0;0
BlockStat;28; 112; 208;16;16;AffineMVL0; 223;   5; 208;  -2; 229; -11
BlockStat;28; 112; 208;16;16;RootCbf;1
BlockStat;28; 112; 208;16;12;Cbf_Y;0
BlockStat;28; 112; 208;16;12;TransformSkipFlag_Y;0
BlockStat;28; 112; 208;16;12;Cbf_Cb;0
BlockStat;28; 112; 208;16;12;Cbf_Cr;0
BlockStat;28; 112; 220;16; 4;Cbf_Y;2
BlockStat;28; 112; 220;16; 4;TransformSkipFlag_Y;0
BlockStat;28; 112; 220;16; 4;Cbf_Cb;0
BlockStat;28; 112; 220;16; 4;Cbf_Cr;0
BlockStat;28;  64; 224;32;16;Depth;3
BlockStat;28;  64; 224;32;16;QT_Depth;2
BlockStat;28;  64; 224;32;16;BT_Depth;1
BlockStat;28;  64; 224;32;16;MT_Depth;1
BlockStat;28;  64; 224;32;16;ChromaQPAdj;0
BlockStat;28;  64; 224;32;16;QP;38
BlockStat;28;  64; 224;32;16;SplitSeries;2081
BlockStat;28;  64; 224;32;16;SkipFlag;1
BlockStat;28;  64; 224;32;16;MMVDSkipFlag;0
BlockStat;28;  64; 224;32;16;PredMode;0
BlockStat;28;  64; 224;32;16;MergeIdx;11
BlockStat;28;  64; 224;32;16;MergeType;0
BlockStat;28;  64; 224;32;16;MMVDMergeFlag;1
BlockStat;28;  64; 224;32;16;MMVDMergeIdx;11
BlockStat;28;  64; 224;32;16;MVPIdxL0;255
BlockStat;28;  64; 224;32;16;RefIdxL0;0
BlockStat;28;  64; 224;32;16;MVDL0;   0;   0
BlockStat;28;  64; 224;32;16;MVL0; 216; -12
BlockStat;28;  64; 240;32;16;Depth;3
BlockStat;28;  64; 240;32;16;QT_Depth;2
BlockStat;28;  64; 240;32;16;BT_Depth;1
BlockStat;28;  64; 240;32;16;MT_Depth;1
BlockStat;28;  64; 240;32;16;ChromaQPAdj;0
BlockStat;28;  64; 240;32;16;QP;38
BlockStat;28;  64; 240;32;16;SplitSeries;2081
BlockStat;28;  64; 240;32;16;SkipFlag;0
BlockStat;28;  64; 240;32;16;PredMode;0
BlockStat;28;  64; 240;32;16;MergeFlag;0
BlockStat;28;  64; 240;32;16;InterDir;1
BlockStat;28;  64; 240;32;16;AffineFlag;1
BlockStat;28;  64; 240;32;16;AffineType;0
BlockStat;28;  64; 240;32;16;MVPIdxL0;0
BlockStat;28;  64; 240;32;16;RefIdxL0;0
BlockStat;28;  64; 240;32;16;AffineMVL0; 220; -20; 224; -16; 219; -18
BlockStat;28;  64; 240;32;16;RootCbf;0
BlockStat;28;  96; 224; 8;16;Depth;5
BlockStat;28;  96; 224; 8;16;QT_Depth;2
BlockStat;28;  96; 224; 8;16;BT_Depth;3
BlockStat;28;  96; 224; 8;16;MT_Depth;3
BlockStat;28;  96; 224; 8;16;ChromaQPAdj;0
BlockStat;28;  96; 224; 8;16;QP;38
BlockStat;28;  96; 224; 8;16;SplitSeries;3246113
BlockStat;28;  96; 224; 8;16;SkipFlag;1
BlockStat;28;  96; 224; 8;16;MMVDSkipFlag;0
BlockStat;28;  96; 224; 8;16;PredMode;0
BlockStat;28;  96; 224; 8;16;MergeIdx;12
BlockStat;28;  96; 224; 8;16;MergeType;0
BlockStat;28;  96; 224; 8;16;MMVDMergeFlag;1
BlockStat;28;  96; 224; 8;16;MMVDMergeIdx;12
BlockStat;28;  96; 224; 8;16;MVPIdxL0;255
BlockStat;28;  96; 224; 8;16;RefIdxL0;0
BlockStat;28;  96; 224; 8;16;MVDL0;   0;   0
BlockStat;28;  96; 224; 8;16;MVL0; 224; -12
BlockStat;28; 104; 224; 8;16;Depth;5
BlockStat;28; 104; 224; 8;16;QT_Depth;2
BlockStat;28; 104; 224; 8;16;BT_Depth;3
BlockStat;28; 104; 224; 8;16;MT_Depth;3
BlockStat;28; 104; 224; 8;16;ChromaQPAdj;0
BlockStat;28; 104; 224; 8;16;QP;38
BlockStat;28; 104; 224; 8;16;SplitSeries;3246113
BlockStat;28; 104; 224; 8;16;SkipFlag;0
BlockStat;28; 104; 224; 8;16;PredMode;0
BlockStat;28; 104; 224; 8;16;MergeFlag;1
BlockStat;28; 104; 224; 8;16;MergeIdx;0
BlockStat;28; 104; 224; 8;16;MergeType;0
BlockStat;28; 104; 224; 8;16;MMVDMergeFlag;0
BlockStat;28; 104; 224; 8;16;AffineFlag;0
BlockStat;28; 104; 224; 8;16;MHIntraFlag;1
BlockStat;28; 104; 224; 8;16;Luma_IntraMode;0
BlockStat;28; 104; 224; 8;16;Chroma_IntraMode;70
BlockStat;28; 104; 224; 8;16;MVPIdxL0;255
BlockStat;28; 104; 224; 8;16;RefIdxL0;0
BlockStat;28; 104; 224; 8;16;MVDL0;   0;   0
BlockStat;28; 104; 224; 8;16;MVL0; 224; -12
BlockStat;28; 104; 224; 8;16;Cbf_Y;1
BlockStat;28; 104; 224; 8;16;TransformSkipFlag_Y;0
BlockStat;28; 104; 224; 8;16;Cbf_Cb;0
BlockStat;28; 104; 224; 8;16;Cbf_Cr;0
BlockStat;28; 112; 224; 8;16;Depth;5
BlockStat;28; 112; 224; 8;16;QT_Depth;2
BlockStat;28; 112; 224; 8;16;BT_Depth;3
BlockStat;28; 112; 224; 8;16;MT_Depth;3
BlockStat;28; 112; 224; 8;16;ChromaQPAdj;0
BlockStat;28; 112; 224; 8;16;QP;38
BlockStat;28; 112; 224; 8;16;SplitSeries;3246113
BlockStat;28; 112; 224; 8;16;SkipFlag;0
BlockStat;28; 112; 224; 8;16;PredMode;1
BlockStat;28; 112; 224; 8;16;Luma_IntraMode;8
BlockStat;28; 112; 224; 8;16;Chroma_IntraMode;8
BlockStat;28; 112; 224; 8;16;MultiRefIdx;0
BlockStat;28; 112; 224; 8;16;Cbf_Y;1
BlockStat;28; 112; 224; 8;16;TransformSkipFlag_Y;2
BlockStat;28; 112; 224; 8;16;Cbf_Cb;0
BlockStat;28; 112; 224; 8;16;Cbf_Cr;0
BlockStat;28; 120; 224; 8;16;Depth;5
BlockStat;28; 120; 224; 8;16;QT_Depth;2
BlockStat;28; 120; 224; 8;16;BT_Depth;3
BlockStat;28; 120; 224; 8;16;MT_Depth;3
BlockStat;28; 120; 224; 8;16;ChromaQPAdj;0
BlockStat;28; 120; 224; 8;16;QP;38
BlockStat;28; 120; 224; 8;16;SplitSeries;3246113
BlockStat;28; 120; 224; 8;16;SkipFlag;0
BlockStat;28; 120; 224; 8;16;PredMode;0
BlockStat;28; 120; 224; 8;16;MergeFlag;0
BlockStat;28; 120; 224; 8;16;InterDir;1
BlockStat;28; 120; 224; 8;16;MVPIdxL0;1
BlockStat;28; 120; 224; 8;16;RefIdxL0;0
BlockStat;28; 120; 224; 8;16;MVDL0;   0; -20
BlockStat;28; 120; 224; 8;16;MVL0; 188;   0
BlockStat;28; 120; 224; 8;16;IMVMode;1
BlockStat;28; 120; 224; 8;16;RootCbf;0
BlockStat;28;  96; 240;32;16;Depth;3
BlockStat;28;  96; 240;32;16;QT_Depth;2
BlockStat;28;  96; 240;32;16;BT_Depth;1
BlockStat;28;  96; 240;32;16;MT_Depth;1
BlockStat;28;  96; 240;32;16;ChromaQPAdj;0
BlockStat;28;  96; 240;32;16;QP;38
BlockStat;28;  96; 240;32;16;SplitSeries;2081
BlockStat;28;  96; 240;32;16;SkipFlag;0
BlockStat;28;  96; 240;32;16;PredMode;0
BlockStat;28;  96; 240;32;16;MergeFlag;0
BlockStat;28;  96; 240;32;16;InterDir;1
BlockStat;28;  96; 240;32;16;AffineFlag;1
BlockStat;28;  96; 240;32;16;AffineType;1
BlockStat;28;  96; 240;32;16;MVPIdxL0;0
BlockStat;28;  96; 240;32;16;RefIdxL0;1
BlockStat;28;  96; 240;32;16;AffineMVL0; 587;  24; 583;  27; 581;  21
BlockStat;28;  96; 240;32;16;RootCbf;0
BlockStat;28; 128; 128; 4; 8;Depth;5
BlockStat;28; 128; 128; 4; 8;QT_Depth;2
BlockStat;28; 128; 128; 4; 8;BT_Depth;5
BlockStat;28; 128; 128; 4; 8;MT_Depth;3
BlockStat;28; 128; 128; 4; 8;ChromaQPAdj;0
BlockStat;28; 128; 128; 4; 8;QP;38
BlockStat;28; 128; 128; 4; 8;SplitSeries;4297761
BlockStat;28; 128; 128; 4; 8;SkipFlag;0
BlockStat;28; 128; 128; 4; 8;PredMode;1
BlockStat;28; 128; 128; 4; 8;Luma_IntraMode;0
BlockStat;28; 128; 128; 4; 8;MultiRefIdx;0
BlockStat;28; 128; 128; 4; 8;Cbf_Y;1
BlockStat;28; 128; 128; 4; 8;TransformSkipFlag_Y;2
BlockStat;28; 128; 136; 4;16;Depth;5
BlockStat;28; 128; 136; 4;16;QT_Depth;2
BlockStat;28; 128; 136; 4;16;BT_Depth;4
BlockStat;28; 128; 136; 4;16;MT_Depth;3
BlockStat;28; 128; 136; 4;16;ChromaQPAdj;0
BlockStat;28; 128; 136; 4;16;QP;38
BlockStat;28; 128; 136; 4;16;SplitSeries;4297761
BlockStat;28; 128; 136; 4;16;SkipFlag;0
BlockStat;28; 128; 136; 4;16;PredMode;1
BlockStat;28; 128; 136; 4;16;Luma_IntraMode;0
BlockStat;28; 128; 136; 4;16;MultiRefIdx;0
BlockStat;28; 128; 136; 4;16;Cbf_Y;0
BlockStat;28; 128; 136; 4;16;TransformSkipFlag_Y;0
BlockStat;28; 128; 152; 4; 8;Depth;5
BlockStat;28; 128; 152; 4; 8;QT_Depth;2
BlockStat;28; 128; 152; 4; 8;BT_Depth;5
BlockStat;28; 128; 152; 4; 8;MT_Depth;3
BlockStat;28; 128; 152; 4; 8;ChromaQPAdj;0
BlockStat;28; 128; 152; 4; 8;QP;38
BlockStat;28; 128; 152; 4; 8;SplitSeries;4297761
BlockStat;28; 128; 152; 4; 8;SkipFlag;0
BlockStat;28; 128; 152; 4; 8;PredMode;1
BlockStat;28; 128; 152; 4; 8;Luma_IntraMode;4
BlockStat;28; 128; 152; 4; 8;MultiRefIdx;0
BlockStat;28; 128; 152; 4; 8;Cbf_Y;0
BlockStat;28; 128; 152; 4; 8;TransformSkipFlag_Y;0
BlockStat;28;   0;   0; 0; 0;Depth;4
BlockStat;28;   0;   0; 0; 0;QT_Depth;2
BlockStat;28;   0;   0; 0; 0;BT_Depth;3
BlockStat;28;   0;   0; 0; 0;MT_Depth;2
BlockStat;28;   0;   0; 0; 0;ChromaQPAdj;0
BlockStat;28;   0;   0; 0; 0;QP;38
BlockStat;28;   0;   0; 0; 0;SplitSeries;103457
BlockStat;28;   0;   0; 0; 0;PredMode;1
BlockStat;28; 128; 128; 4;32;Chroma_IntraMode;66
BlockStat;28; 128; 128; 4;32;Cbf_Cb;1
BlockStat;28; 128; 128; 4;32;Cbf_Cr;1
BlockStat;28; 132; 128; 4;16;Depth;5
BlockStat;28; 132; 128; 4;16;QT_Depth;2
BlockStat;28; 132; 128; 4;16;BT_Depth;4
BlockStat;28; 132; 128; 4;16;MT_Depth;3
BlockStat;28; 132; 128; 4;16;ChromaQPAdj;0
BlockStat;28; 132; 128; 4;16;QP;38
BlockStat;28; 132; 128; 4;16;SplitSeries;2200609
BlockStat;28; 132; 128; 4;16;SkipFlag;0
BlockStat;28; 132; 128; 4;16;PredMode;1
BlockStat;28; 132; 128; 4;16;Luma_IntraMode;0
BlockStat;28; 132; 128; 4;16;Chroma_IntraMode;50
BlockStat;28; 132; 128; 4;16;MultiRefIdx;0
BlockStat;28; 132; 128; 4; 4;Cbf_Y;0
BlockStat;28; 132; 128; 4; 4;TransformSkipFlag_Y;0
BlockStat;28;   0;   0; 0; 0;Cbf_Cb;0
BlockStat;28;   0;   0; 0; 0;Cbf_Cr;0
BlockStat;28; 132; 132; 4; 4;Cbf_Y;2
BlockStat;28; 132; 132; 4; 4;TransformSkipFlag_Y;0
BlockStat;28;   0;   0; 0; 0;Cbf_Cb;0
BlockStat;28;   0;   0; 0; 0;Cbf_Cr;0
BlockStat;28; 132; 136; 4; 4;Cbf_Y;2
BlockStat;28; 132; 136; 4; 4;TransformSkipFlag_Y;0
BlockStat;28;   0;   0; 0; 0;Cbf_Cb;0
BlockStat;28;   0;   0; 0; 0;Cbf_Cr;0
BlockStat;28; 132; 140; 4; 4;Cbf_Y;2
BlockStat;28; 132; 140; 4; 4;TransformSkipFlag_Y;0
BlockStat;28; 132; 128; 4;16;Cbf_Cb;2
BlockStat;28; 132; 128; 4;16;Cbf_Cr;2
BlockStat;28; 132; 144; 4;16;Depth;5
BlockStat;28; 132; 144; 4;16;QT_Depth;2
BlockStat;28; 132; 144; 4;16;BT_Depth;4
BlockStat;28; 132; 144; 4;16;MT_Depth;3
BlockStat;28; 132; 144; 4;16;ChromaQPAdj;0
BlockStat;28; 132; 144; 4;16;QP;38
BlockStat;28; 132; 144; 4;16;SplitSeries;2200609
BlockStat;28; 132; 144; 4;16;SkipFlag;0
BlockStat;28; 132; 144; 4;16;PredMode;1
BlockStat;28; 132; 144; 4;16;Luma_IntraMode;0
BlockStat;28; 132; 144; 4;16;Chroma_IntraMode;0
BlockStat;28; 132; 144; 4;16;MultiRefIdx;0
BlockStat;28; 132; 144; 4;16;Cbf_Y;1
BlockStat;28; 132; 144; 4;16;TransformSkipFlag_Y;2
BlockStat;28; 132; 144; 4;16;Cbf_Cb;0
BlockStat;28; 132; 144; 4;16;Cbf_Cr;0
BlockStat;28; 136; 128;16; 4;Depth;5
BlockStat;28; 136; 128;16; 4;QT_Depth;2
BlockStat;28; 136; 128;16; 4;BT_Depth;4
BlockStat;28; 136; 128;16; 4;MT_Depth;3
BlockStat;28; 136; 128;16; 4;ChromaQPAdj;0
BlockStat;28; 136; 128;16; 4;QP;38
BlockStat;28; 136; 128;16; 4;SplitSeries;2233377
BlockStat;28; 136; 128;16; 4;SkipFlag;0
BlockStat;28; 136; 128;16; 4;PredMode;0
BlockStat;28; 136; 128;16; 4;MergeFlag;1
BlockStat;28; 136; 128;16; 4;MergeIdx;2
BlockStat;28; 136; 128;16; 4;MergeType;0
BlockStat;28; 136; 128;16; 4;MMVDMergeFlag;0
BlockStat;28; 136; 128;16; 4;MHIntraFlag;1
BlockStat;28; 136; 128;16; 4;Luma_IntraMode;0
BlockStat;28; 136; 128;16; 4;Chroma_IntraMode;70
BlockStat;28; 136; 128;16; 4;MVPIdxL0;255
BlockStat;28; 136; 128;16; 4;RefIdxL0;1
BlockStat;28; 136; 128;16; 4;MVPIdxL1;255
BlockStat;28; 136; 128;16; 4;RefIdxL1;1
BlockStat;28; 136; 128;16; 4;MVDL0;   0;   0
BlockStat;28; 136; 128;16; 4;MVL0;-456; -92
BlockStat;28; 136; 128;16; 4;MVDL1;   0;   0
BlockStat;28; 136; 128;16; 4;MVL1;-460; -80
BlockStat;28; 136; 128;16; 4;Cbf_Y;1
BlockStat;28; 136; 128;16; 4;TransformSkipFlag_Y;0
BlockStat;28; 136; 128;16; 4;Cbf_Cb;1
BlockStat;28; 136; 128;16; 4;Cbf_Cr;0
BlockStat;28; 136; 132;16; 4;Depth;5
BlockStat;28; 136; 132;16; 4;QT_Depth;2
BlockStat;28; 136; 132;16; 4;BT_Depth;4
BlockStat;28; 136; 132;16; 4;MT_Depth;3
BlockStat;28; 136; 132;16; 4;ChromaQPAdj;0
BlockStat;28; 136; 132;16; 4;QP;38
BlockStat;28; 136; 132;16; 4;SplitSeries;2233377
BlockStat;28; 136; 132;16; 4;SkipFlag;0
BlockStat;28; 136; 132;16; 4;PredMode;0
BlockStat;28; 136; 132;16; 4;MergeFlag;0
BlockStat;28; 136; 132;16; 4;InterDir;1
BlockStat;28; 136; 132;16; 4;MVPIdxL0;0
BlockStat;28; 136; 132;16; 4;RefIdxL0;1
BlockStat;28; 136; 132;16; 4;MVDL0;  -8;   0
BlockStat;28; 136; 132;16; 4;MVL0;-464; -92
BlockStat;28; 136; 132;16; 4;IMVMode;1
BlockStat;28; 136; 132;16; 4;RootCbf;0
BlockStat;28; 136; 136; 4;16;Depth;5
BlockStat;28; 136; 136; 4;16;QT_Depth;2
BlockStat;28; 136; 136; 4;16;BT_Depth;4
BlockStat;28; 136; 136; 4;16;MT_Depth;3
BlockStat;28; 136; 136; 4;16;ChromaQPAdj;0
BlockStat;28; 136; 136; 4;16;QP;38
BlockStat;28; 136; 136; 4;16;SplitSeries;5379105
BlockStat;28; 136; 136; 4;16;SkipFlag;0
BlockStat;28; 136; 136; 4;16;PredMode;0
BlockStat;28; 136; 136; 4;16;MergeFlag;0
BlockStat;28; 136; 136; 4;16;InterDir;1
BlockStat;28; 136; 136; 4;16;MVPIdxL0;0
BlockStat;28; 136; 136; 4;16;RefIdxL0;1
BlockStat;28; 136; 136; 4;16;MVDL0;  -4;  20
BlockStat;28; 136; 136; 4;16;MVL0;-468; -72
BlockStat;28; 136; 136; 4;16;IMVMode;1
BlockStat;28; 136; 136; 4;16;RootCbf;1
BlockStat;28; 136; 136; 4;16;Cbf_Y;1
BlockStat;28; 136; 136; 4;16;TransformSkipFlag_Y;0
BlockStat;28; 136; 136; 4;16;Cbf_Cb;0
BlockStat;28; 136; 136; 4;16;Cbf_Cr;0
BlockStat;28; 140; 136; 8;16;Depth;5
BlockStat;28; 140; 136; 8;16;QT_Depth;2
BlockStat;28; 140; 136; 8;16;BT_Depth;3
BlockStat;28; 140; 136; 8;16;MT_Depth;3
BlockStat;28; 140; 136; 8;16;ChromaQPAdj;0
BlockStat;28; 140; 136; 8;16;QP;38
BlockStat;28; 140; 136; 8;16;SplitSeries;5379105
BlockStat;28; 140; 136; 8;16;SkipFlag;0
BlockStat;28; 140; 136; 8;16;PredMode;0
BlockStat;28; 140; 136; 8;16;MergeFlag;0
BlockStat;28; 140; 136; 8;16;InterDir;3
BlockStat;28; 140; 136; 8;16;MVPIdxL0;0
BlockStat;28; 140; 136; 8;16;RefIdxL0;1
BlockStat;28; 140; 136; 8;16;MVPIdxL1;0
BlockStat;28; 140; 136; 8;16;RefIdxL1;1
BlockStat;28; 140; 136; 8;16;MVDL0;  -4;   4
BlockStat;28; 140; 136; 8;16;MVL0;-472; -68
BlockStat;28; 140; 136; 8;16;MVDL1;   0;   0
BlockStat;28; 140; 136; 8;16;MVL1;-468; -72
BlockStat;28; 140; 136; 8;16;IMVMode;1
BlockStat;28; 140; 136; 8;16;RootCbf;1
BlockStat;28; 140; 136; 8;16;Cbf_Y;1
BlockStat;28; 140; 136; 8;16;TransformSkipFlag_Y;0
BlockStat;28; 140; 136; 8;16;Cbf_Cb;0
BlockStat;28; 140; 136; 8;16;Cbf_Cr;0
BlockStat;28; 148; 136; 4;16;Depth;5
BlockStat;28; 148; 136; 4;16;QT_Depth;2
BlockStat;28; 148; 136; 4;16;BT_Depth;4
BlockStat;28; 148; 136; 4;16;MT_Depth;3
BlockStat;28; 148; 136; 4;16;ChromaQPAdj;0
BlockStat;28; 148; 136; 4;16;QP;38
BlockStat;28; 148; 136; 4;16;SplitSeries;5379105
BlockStat;28; 148; 136; 4;16;SkipFlag;0
BlockStat;28; 148; 136; 4;16;PredMode;1
BlockStat;28; 148; 136; 4;16;Luma_IntraMode;15
BlockStat;28; 148; 136; 4;16;Chroma_IntraMode;15
BlockStat;28; 148; 136; 4;16;MultiRefIdx;0
BlockStat;28; 148; 136; 4;16;Cbf_Y;1
BlockStat;28; 148; 136; 4;16;TransformSkipFlag_Y;0
BlockStat;28; 148; 136; 4;16;Cbf_Cb;0
BlockStat;28; 148; 136; 4;16;Cbf_Cr;0
BlockStat;28; 136; 152; 8; 8;Depth;5
BlockStat;28; 136; 152; 8; 8;QT_Depth;2
BlockStat;28; 136; 152; 8; 8;BT_Depth;4
BlockStat;28; 136; 152; 8; 8;MT_Depth;3
BlockStat;28; 136; 152; 8; 8;ChromaQPAdj;0
BlockStat;28; 136; 152; 8; 8;QP;38
BlockStat;28; 136; 152; 8; 8;SplitSeries;3281953
BlockStat;28; 136; 152; 8; 8;SkipFlag;0
BlockStat;28; 136; 152; 8; 8;PredMode;1
BlockStat;28; 136; 152; 8; 8;Luma_IntraMode;60
BlockStat;28; 136; 152; 8; 8;Chroma_IntraMode;60
BlockStat;28; 136; 152; 8; 8;MultiRefIdx;0
BlockStat;28; 136; 152; 8; 8;Cbf_Y;1
BlockStat;28; 136; 152; 8; 8;TransformSkipFlag_Y;2
BlockStat;28; 136; 152; 8; 8;Cbf_Cb;0
BlockStat;28; 136; 152; 8; 8;Cbf_Cr;0
BlockStat;28; 144; 152; 8; 8;Depth;5
BlockStat;28; 144; 152; 8; 8;QT_Depth;2
BlockStat;28; 144; 152; 8; 8;BT_Depth;4
BlockStat;28; 144; 152; 8; 8;MT_Depth;3
BlockStat;28; 144; 152; 8; 8;ChromaQPAdj;0
BlockStat;28; 144; 152; 8; 8;QP;38
BlockStat;28; 144; 152; 8; 8;SplitSeries;3281953
BlockStat;28; 144; 152; 8; 8;SkipFlag;0
BlockStat;28; 144; 152; 8; 8;PredMode;1
BlockStat;28; 144; 152; 8; 8;Luma_IntraMode;60
BlockStat;28; 144; 152; 8; 8;Chroma_IntraMode;60
BlockStat;28; 144; 152; 8; 8;MultiRefIdx;3
BlockStat;28; 144; 152; 8; 8;Cbf_Y;1
BlockStat;28; 144; 152; 8; 8;TransformSkipFlag_Y;2
BlockStat;28; 144; 152; 8; 8;Cbf_Cb;0
BlockStat;28; 144; 152; 8; 8;Cbf_Cr;0
BlockStat;28; 152; 128; 8; 8;Depth;5
BlockStat;28; 152; 128; 8; 8;QT_Depth;2
BlockStat;28; 152; 128; 8; 8;BT_Depth;4
BlockStat;28; 152; 128; 8; 8;MT_Depth;3
BlockStat;28; 152; 128; 8; 8;ChromaQPAdj;0
BlockStat;28; 152; 128; 8; 8;QP;38
BlockStat;28; 152; 128; 8; 8;SplitSeries;2167841
BlockStat;28; 152; 128; 8; 8;SkipFlag;0
BlockStat;28; 152; 128; 8; 8;PredMode;0
BlockStat;28; 152; 128; 8; 8;MergeFlag;0
BlockStat;28; 152; 128; 8; 8;InterDir;1
BlockStat;28; 152; 128; 8; 8;MVPIdxL0;0
BlockStat;28; 152; 128; 8; 8;RefIdxL0;1
BlockStat;28; 152; 128; 8; 8;MVDL0;   4;  16
BlockStat;28; 152; 128; 8; 8;MVL0;-460; -76
BlockStat;28; 152; 128; 8; 8;IMVMode;1
BlockStat;28; 152; 128; 8; 8;RootCbf;1
BlockStat;28; 152; 128; 4; 8;Cbf_Y;2
BlockStat;28; 152; 128; 4; 8;TransformSkipFlag_Y;0
BlockStat;28; 152; 128; 4; 8;Cbf_Cb;0
BlockStat;28; 152; 128; 4; 8;Cbf_Cr;0
BlockStat;28; 156; 128; 4; 8;Cbf_Y;0
BlockStat;28; 156; 128; 4; 8;TransformSkipFlag_Y;0
BlockStat;28; 156; 128; 4; 8;Cbf_Cb;0
BlockStat;28; 156; 128; 4; 8;Cbf_Cr;0
BlockStat;28; 152; 136; 8; 8;Depth;5
BlockStat;28; 152; 136; 8; 8;QT_Depth;2
BlockStat;28; 152; 136; 8; 8;BT_Depth;4
BlockStat;28; 152; 136; 8; 8;MT_Depth;3
BlockStat;28; 152; 136; 8; 8;ChromaQPAdj;0
BlockStat;28; 152; 136; 8; 8;QP;38
BlockStat;28; 152; 136; 8; 8;SplitSeries;2167841
BlockStat;28; 152; 136; 8; 8;SkipFlag;0
BlockStat;28; 152; 136; 8; 8;PredMode;0
BlockStat;28; 152; 136; 8; 8;MergeFlag;0
BlockStat;28; 152; 136; 8; 8;InterDir;1
BlockStat;28; 152; 136; 8; 8;MVPIdxL0;0
BlockStat;28; 152; 136; 8; 8;RefIdxL0;1
BlockStat;28; 152; 136; 8; 8;MVDL0;  -7; -14
BlockStat;28; 152; 136; 8; 8;MVL0;-467; -90
BlockStat;28; 152; 136; 8; 8;IMVMode;0
BlockStat;28; 152; 136; 8; 8;RootCbf;1
BlockStat;28; 152; 136; 8; 8;Cbf_Y;1
BlockStat;28; 152; 136; 8; 8;TransformSkipFlag_Y;0
BlockStat;28; 152; 136; 8; 8;Cbf_Cb;0
BlockStat;28; 152; 136; 8; 8;Cbf_Cr;0
BlockStat;28; 152; 144; 8;16;Depth;4
BlockStat;28; 152; 144; 8;16;QT_Depth;2
BlockStat;28; 152; 144; 8;16;BT_Depth;3
BlockStat;28; 152; 144; 8;16;MT_Depth;2
BlockStat;28; 152; 144; 8;16;ChromaQPAdj;0
BlockStat;28; 152; 144; 8;16;QP;38
BlockStat;28; 152; 144; 8;16;SplitSeries;70689
BlockStat;28; 152; 144; 8;16;SkipFlag;0
BlockStat;28; 152; 144; 8;16;PredMode;0
BlockStat;28; 152; 144; 8;16;MergeFlag;0
BlockStat;28; 152; 144; 8;16;InterDir;1
BlockStat;28; 152; 144; 8;16;MVPIdxL0;0
BlockStat;28; 152; 144; 8;16;RefIdxL0;0
BlockStat;28; 152; 144; 8;16;MVDL0;  20;   6
BlockStat;28; 152; 144; 8;16;MVL0; 208;  26
BlockStat;28; 152; 144; 8;16;IMVMode;3
BlockStat;28; 152; 144; 8;16;RootCbf;1
BlockStat;28; 152; 144; 8; 8;Cbf_Y;2
BlockStat;28; 152; 144; 8; 8;TransformSkipFlag_Y;0
BlockStat;28; 152; 144; 8; 8;Cbf_Cb;0
BlockStat;28; 152; 144; 8; 8;Cbf_Cr;0
BlockStat;28; 152; 152; 8; 8;Cbf_Y;0
BlockStat;28; 152; 152; 8; 8;TransformSkipFlag_Y;0
BlockStat;28; 152; 152; 8; 8;Cbf_Cb;0
BlockStat;28; 152; 152; 8; 8;Cbf_Cr;0
BlockStat;28; 160; 128; 4; 8;Depth;5
BlockStat;28; 160; 128; 4; 8;QT_Depth;2
BlockStat;28; 160; 128; 4; 8;BT_Depth;5
BlockStat;28; 160; 128; 4; 8;MT_Depth;3
BlockStat;28; 160; 128; 4; 8;ChromaQPAdj;0
BlockStat;28; 160; 128; 4; 8;QP;38
BlockStat;28; 160; 128; 4; 8;SplitSeries;3313697
BlockStat;28; 160; 128; 4; 8;SkipFlag;1
BlockStat;28; 160; 128; 4; 8;MMVDSkipFlag;0
BlockStat;28; 160; 128; 4; 8;PredMode;0
BlockStat;28; 160; 128; 4; 8;MergeIdx;39
BlockStat;28; 160; 128; 4; 8;MergeType;0
BlockStat;28; 160; 128; 4; 8;MMVDMergeFlag;1
BlockStat;28; 160; 128; 4; 8;MMVDMergeIdx;39
BlockStat;28; 160; 128; 4; 8;MVPIdxL0;255
BlockStat;28; 160; 128; 4; 8;RefIdxL0;1
BlockStat;28; 160; 128; 4; 8;MVDL0;   0;   0
BlockStat;28; 160; 128; 4; 8;MVL0;-455; -99
BlockStat;28; 164; 128; 4; 8;Depth;5
BlockStat;28; 164; 128; 4; 8;QT_Depth;2
BlockStat;28; 164; 128; 4; 8;BT_Depth;5
BlockStat;28; 164; 128; 4; 8;MT_Depth;3
BlockStat;28; 164; 128; 4; 8;ChromaQPAdj;0
BlockStat;28; 164; 128; 4; 8;QP;38
BlockStat;28; 164; 128; 4; 8;SplitSeries;3313697
BlockStat;28; 164; 128; 4; 8;SkipFlag;1
BlockStat;28; 164; 128; 4; 8;MMVDSkipFlag;0
BlockStat;28; 164; 128; 4; 8;PredMode;0
BlockStat;28; 164; 128; 4; 8;MergeIdx;38
BlockStat;28; 164; 128; 4; 8;MergeType;0
BlockStat;28; 164; 128; 4; 8;MMVDMergeFlag;1
BlockStat;28; 164; 128; 4; 8;MMVDMergeIdx;38
BlockStat;28; 164; 128; 4; 8;MVPIdxL0;255
BlockStat;28; 164; 128; 4; 8;RefIdxL0;1
BlockStat;28; 164; 128; 4; 8;MVDL0;   0;   0
BlockStat;28; 164; 128; 4; 8;MVL0;-456; -96
BlockStat;28; 168; 128;16; 8;Depth;4
BlockStat;28; 168; 128;16; 8;QT_Depth;2
BlockStat;28; 168; 128;16; 8;BT_Depth;3
BlockStat;28; 168; 128;16; 8;MT_Depth;2
BlockStat;28; 168; 128;16; 8;ChromaQPAdj;0
BlockStat;28; 168; 128;16; 8;QP;38
BlockStat;28; 168; 128;16; 8;SplitSeries;167969
BlockStat;28; 168; 128;16; 8;SkipFlag;0
BlockStat;28; 168; 128;16; 8;PredMode;0
BlockStat;28; 168; 128;16; 8;MergeFlag;0
BlockStat;28; 168; 128;16; 8;InterDir;1
BlockStat;28; 168; 128;16; 8;MVPIdxL0;0
BlockStat;28; 168; 128;16; 8;RefIdxL0;1
BlockStat;28; 168; 128;16; 8;MVDL0; -12;   0
BlockStat;28; 168; 128;16; 8;MVL0;-468; -96
BlockStat;28; 168; 128;16; 8;IMVMode;1
BlockStat;28; 168; 128;16; 8;RootCbf;0
BlockStat;28; 184; 128; 8; 8;Depth;4
BlockStat;28; 184; 128; 8; 8;QT_Depth;2
BlockStat;28; 184; 128; 8; 8;BT_Depth;4
BlockStat;28; 184; 128; 8; 8;MT_Depth;2
BlockStat;28; 184; 128; 8; 8;ChromaQPAdj;0
BlockStat;28; 184; 128; 8; 8;QP;38
BlockStat;28; 184; 128; 8; 8;SplitSeries;167969
BlockStat;28; 184; 128; 8; 8;SkipFlag;1
BlockStat;28; 184; 128; 8; 8;MMVDSkipFlag;0
BlockStat;28; 184; 128; 8; 8;PredMode;0
BlockStat;28; 184; 128; 8; 8;MergeIdx;0
BlockStat;28; 184; 128; 8; 8;MergeType;0
BlockStat;28; 184; 128; 8; 8;MMVDMergeFlag;0
BlockStat;28; 184; 128; 8; 8;AffineFlag;0
BlockStat;28; 184; 128; 8; 8;MVPIdxL0;255
BlockStat;28; 184; 128; 8; 8;RefIdxL0;1
BlockStat;28; 184; 128; 8; 8;MVDL0;   0;   0
BlockStat;28; 184; 128; 8; 8;MVL0;-468; -96
BlockStat;28; 160; 136;16; 4;Depth;5
BlockStat;28; 160; 136;16; 4;QT_Depth;2
BlockStat;28; 160; 136;16; 4;BT_Depth;4
BlockStat;28; 160; 136;16; 4;MT_Depth;3
BlockStat;28; 160; 136;16; 4;ChromaQPAdj;0
BlockStat;28; 160; 136;16; 4;QP;38
BlockStat;28; 160; 136;16; 4;SplitSeries;4296737
BlockStat;28; 160; 136;16; 4;SkipFlag;0
BlockStat;28; 160; 136;16; 4;PredMode;0
BlockStat;28; 160; 136;16; 4;MergeFlag;1
BlockStat;28; 160; 136;16; 4;MergeIdx;4
BlockStat;28; 160; 136;16; 4;MergeType;0
BlockStat;28; 160; 136;16; 4;MMVDMergeFlag;0
BlockStat;28; 160; 136;16; 4;MHIntraFlag;0
BlockStat;28; 160; 136;16; 4;MVPIdxL0;255
BlockStat;28; 160; 136;16; 4;RefIdxL0;1
BlockStat: POC 28 @( 160, 136) [16x 4] TrianglePartitioning={   0,   0,  16,   4}
BlockStat;28; 160; 136;16; 4;Cbf_Y;1
BlockStat;28; 160; 136;16; 4;TransformSkipFlag_Y;0
BlockStat;28; 160; 136;16; 4;Cbf_Cb;0
BlockStat;28; 160; 136;16; 4;Cbf_Cr;0
BlockStat;28; 160; 140;16; 8;Depth;5
BlockStat;28; 160; 140;16; 8;QT_Depth;2
BlockStat;28; 160; 140;16; 8;BT_Depth;3
BlockStat;28; 160; 140;16; 8;MT_Depth;3
BlockStat;28; 160; 140;16; 8;ChromaQPAdj;0
BlockStat;28; 160; 140;16; 8;QP;38
BlockStat;28; 160; 140;16; 8;SplitSeries;4296737
BlockStat;28; 160; 140;16; 8;SkipFlag;0
BlockStat;28; 160; 140;16; 8;PredMode;0
BlockStat;28; 160; 140;16; 8;MergeFlag;1
BlockStat;28; 160; 140;16; 8;MergeIdx;2
BlockStat;28; 160; 140;16; 8;MergeType;0
BlockStat;28; 160; 140;16; 8;MMVDMergeFlag;0
BlockStat;28; 160; 140;16; 8;AffineFlag;0
BlockStat;28; 160; 140;16; 8;MHIntraFlag;0
BlockStat;28; 160; 140;16; 8;MVPIdxL0;255
BlockStat;28; 160; 140;16; 8;RefIdxL0;1
BlockStat: POC 28 @( 160, 140) [16x 8] TrianglePartitioning={   0,   0,  16,   8}
BlockStat: POC 28 @[(160, 140)--(176, 140)--(176, 148)--] TriangleMVL0={-468, -96}
BlockStat: POC 28 @[(160, 140)--(160, 148)--(176, 148)--] TriangleMVL0={-467, -90}
BlockStat;28; 160; 140;16; 8;Cbf_Y;1
BlockStat;28; 160; 140;16; 8;TransformSkipFlag_Y;0
BlockStat;28; 160; 140;16; 8;Cbf_Cb;0
BlockStat;28; 160; 140;16; 8;Cbf_Cr;0
BlockStat;28; 160; 148;16; 4;Depth;5
BlockStat;28; 160; 148;16; 4;QT_Depth;2
BlockStat;28; 160; 148;16; 4;BT_Depth;4
BlockStat;28; 160; 148;16; 4;MT_Depth;3
BlockStat;28; 160; 148;16; 4;ChromaQPAdj;0
BlockStat;28; 160; 148;16; 4;QP;38
BlockStat;28; 160; 148;16; 4;SplitSeries;4296737
BlockStat;28; 160; 148;16; 4;SkipFlag;0
BlockStat;28; 160; 148;16; 4;PredMode;0
BlockStat;28; 160; 148;16; 4;MergeFlag;1
BlockStat;28; 160; 148;16; 4;MergeIdx;1
BlockStat;28; 160; 148;16; 4;MergeType;0
BlockStat;28; 160; 148;16; 4;MMVDMergeFlag;0
BlockStat;28; 160; 148;16; 4;MHIntraFlag;1
BlockStat;28; 160; 148;16; 4;Luma_IntraMode;0
BlockStat;28; 160; 148;16; 4;Chroma_IntraMode;70
BlockStat;28; 160; 148;16; 4;MVPIdxL0;255
BlockStat;28; 160; 148;16; 4;RefIdxL0;1
BlockStat;28; 160; 148;16; 4;MVDL0;   0;   0
BlockStat;28; 160; 148;16; 4;MVL0;-467; -90
BlockStat;28; 160; 148;16; 4;Cbf_Y;1
BlockStat;28; 160; 148;16; 4;TransformSkipFlag_Y;0
BlockStat;28; 160; 148;16; 4;Cbf_Cb;0
BlockStat;28; 160; 148;16; 4;Cbf_Cr;0
BlockStat;28; 176; 136;16;16;Depth;4
BlockStat;28; 176; 136;16;16;QT_Depth;2
BlockStat;28; 176; 136;16;16;BT_Depth;2
BlockStat;28; 176; 136;16;16;MT_Depth;2
BlockStat;28; 176; 136;16;16;ChromaQPAdj;0
BlockStat;28; 176; 136;16;16;QP;38
BlockStat;28; 176; 136;16;16;SplitSeries;102433
BlockStat;28; 176; 136;16;16;SkipFlag;1
BlockStat;28; 176; 136;16;16;MMVDSkipFlag;0
BlockStat;28; 176; 136;16;16;PredMode;0
BlockStat;28; 176; 136;16;16;MergeIdx;45
BlockStat;28; 176; 136;16;16;MergeType;0
BlockStat;28; 176; 136;16;16;MMVDMergeFlag;1
BlockStat;28; 176; 136;16;16;MMVDMergeIdx;45
BlockStat;28; 176; 136;16;16;MVPIdxL0;255
BlockStat;28; 176; 136;16;16;RefIdxL0;1
BlockStat;28; 176; 136;16;16;MVDL0;   0;   0
BlockStat;28; 176; 136;16;16;MVL0;-476; -96
BlockStat;28; 160; 152;16; 8;Depth;4
BlockStat;28; 160; 152;16; 8;QT_Depth;2
BlockStat;28; 160; 152;16; 8;BT_Depth;3
BlockStat;28; 160; 152;16; 8;MT_Depth;2
BlockStat;28; 160; 152;16; 8;ChromaQPAdj;0
BlockStat;28; 160; 152;16; 8;QP;38
BlockStat;28; 160; 152;16; 8;SplitSeries;102433
BlockStat;28; 160; 152;16; 8;SkipFlag;0
BlockStat;28; 160; 152;16; 8;PredMode;1
BlockStat;28; 160; 152;16; 8;Luma_IntraMode;9
BlockStat;28; 160; 152;16; 8;Chroma_IntraMode;0
BlockStat;28; 160; 152;16; 8;MultiRefIdx;0
BlockStat;28; 160; 152;16; 8;Cbf_Y;1
BlockStat;28; 160; 152;16; 8;TransformSkipFlag_Y;2
BlockStat;28; 160; 152;16; 8;Cbf_Cb;0
BlockStat;28; 160; 152;16; 8;Cbf_Cr;0
BlockStat;28; 176; 152;16; 8;Depth;4
BlockStat;28; 176; 152;16; 8;QT_Depth;2
BlockStat;28; 176; 152;16; 8;BT_Depth;3
BlockStat;28; 176; 152;16; 8;MT_Depth;2
BlockStat;28; 176; 152;16; 8;ChromaQPAdj;0
BlockStat;28; 176; 152;16; 8;QP;38
BlockStat;28; 176; 152;16; 8;SplitSeries;102433
BlockStat;28; 176; 152;16; 8;SkipFlag;1
BlockStat;28; 176; 152;16; 8;MMVDSkipFlag;0
BlockStat;28; 176; 152;16; 8;PredMode;0
BlockStat;28; 176; 152;16; 8;MergeIdx;4
BlockStat;28; 176; 152;16; 8;MergeType;0
BlockStat;28; 176; 152;16; 8;MMVDMergeFlag;0
BlockStat;28; 176; 152;16; 8;AffineFlag;0
BlockStat;28; 176; 152;16; 8;MVPIdxL0;255
BlockStat;28; 176; 152;16; 8;RefIdxL0;1
BlockStat: POC 28 @( 176, 152) [16x 8] TrianglePartitioning={   0,   0,  16,   8}
BlockStat: POC 28 @[(176, 152)--(192, 152)--(192, 160)--] TriangleMVL0={-476, -96}
BlockStat: POC 28 @[(176, 152)--(176, 160)--(192, 160)--] TriangleMVL0={-456, -96}
BlockStat;28; 128; 160; 4;16;Depth;5
BlockStat;28; 128; 160; 4;16;QT_Depth;2
BlockStat;28; 128; 160; 4;16;BT_Depth;4
BlockStat;28; 128; 160; 4;16;MT_Depth;3
BlockStat;28; 128; 160; 4;16;ChromaQPAdj;0
BlockStat;28; 128; 160; 4;16;QP;38
BlockStat;28; 128; 160; 4;16;SplitSeries;5343265
BlockStat;28; 128; 160; 4;16;SkipFlag;0
BlockStat;28; 128; 160; 4;16;PredMode;0
BlockStat;28; 128; 160; 4;16;MergeFlag;0
BlockStat;28; 128; 160; 4;16;InterDir;1
BlockStat;28; 128; 160; 4;16;MVPIdxL0;0
BlockStat;28; 128; 160; 4;16;RefIdxL0;0
BlockStat;28; 128; 160; 4;16;MVDL0; -12;   4
BlockStat;28; 128; 160; 4;16;MVL0; 204;   4
BlockStat;28; 128; 160; 4;16;IMVMode;1
BlockStat;28; 128; 160; 4;16;RootCbf;1
BlockStat;28; 128; 160; 4;16;Cbf_Y;1
BlockStat;28; 128; 160; 4;16;TransformSkipFlag_Y;0
BlockStat;28; 128; 160; 4;16;Cbf_Cb;0
BlockStat;28; 128; 160; 4;16;Cbf_Cr;0
BlockStat;28; 132; 160; 8;16;Depth;5
BlockStat;28; 132; 160; 8;16;QT_Depth;2
BlockStat;28; 132; 160; 8;16;BT_Depth;3
BlockStat;28; 132; 160; 8;16;MT_Depth;3
BlockStat;28; 132; 160; 8;16;ChromaQPAdj;0
BlockStat;28; 132; 160; 8;16;QP;38
BlockStat;28; 132; 160; 8;16;SplitSeries;5343265
BlockStat;28; 132; 160; 8;16;SkipFlag;0
BlockStat;28; 132; 160; 8;16;PredMode;0
BlockStat;28; 132; 160; 8;16;MergeFlag;0
BlockStat;28; 132; 160; 8;16;InterDir;1
BlockStat;28; 132; 160; 8;16;MVPIdxL0;0
BlockStat;28; 132; 160; 8;16;RefIdxL0;0
BlockStat;28; 132; 160; 8;16;MVDL0;  -8;   8
BlockStat;28; 132; 160; 8;16;MVL0; 196;  12
BlockStat;28; 132; 160; 8;16;IMVMode;1
BlockStat;28; 132; 160; 8;16;RootCbf;1
BlockStat;28; 132; 160; 8;16;Cbf_Y;1
BlockStat;28; 132; 160; 8;16;TransformSkipFlag_Y;0
BlockStat;28; 132; 160; 8;16;Cbf_Cb;0
BlockStat;28; 132; 160; 8;16;Cbf_Cr;1
BlockStat;28; 140; 160; 4;16;Depth;5
BlockStat;28; 140; 160; 4;16;QT_Depth;2
BlockStat;28; 140; 160; 4;16;BT_Depth;4
BlockStat;28; 140; 160; 4;16;MT_Depth;3
BlockStat;28; 140; 160; 4;16;ChromaQPAdj;0
BlockStat;28; 140; 160; 4;16;QP;38
BlockStat;28; 140; 160; 4;16;SplitSeries;5343265
BlockStat;28; 140; 160; 4;16;SkipFlag;0
BlockStat;28; 140; 160; 4;16;PredMode;1
BlockStat;28; 140; 160; 4;16;Luma_IntraMode;0
BlockStat;28; 140; 160; 4;16;Chroma_IntraMode;0
BlockStat;28; 140; 160; 4;16;MultiRefIdx;0
BlockStat;28; 140; 160; 4; 4;Cbf_Y;2
BlockStat;28; 140; 160; 4; 4;TransformSkipFlag_Y;0
BlockStat;28;   0;   0; 0; 0;Cbf_Cb;0
BlockStat;28;   0;   0; 0; 0;Cbf_Cr;0
BlockStat;28; 140; 164; 4; 4;Cbf_Y;2
BlockStat;28; 140; 164; 4; 4;TransformSkipFlag_Y;0
BlockStat;28;   0;   0; 0; 0;Cbf_Cb;0
BlockStat;28;   0;   0; 0; 0;Cbf_Cr;0
BlockStat;28; 140; 168; 4; 4;Cbf_Y;0
BlockStat;28; 140; 168; 4; 4;TransformSkipFlag_Y;0
BlockStat;28;   0;   0; 0; 0;Cbf_Cb;0
BlockStat;28;   0;   0; 0; 0;Cbf_Cr;0
BlockStat;28; 140; 172; 4; 4;Cbf_Y;0
BlockStat;28; 140; 172; 4; 4;TransformSkipFlag_Y;0
BlockStat;28; 140; 160; 4;16;Cbf_Cb;0
BlockStat;28; 140; 160; 4;16;Cbf_Cr;2
BlockStat;28; 144; 160;16; 4;Depth;5
BlockStat;28; 144; 160;16; 4;QT_Depth;2
BlockStat;28; 144; 160;16; 4;BT_Depth;4
BlockStat;28; 144; 160;16; 4;MT_Depth;3
BlockStat;28; 144; 160;16; 4;ChromaQPAdj;0
BlockStat;28; 144; 160;16; 4;QP;38
BlockStat;28; 144; 160;16; 4;SplitSeries;4294689
BlockStat;28; 144; 160;16; 4;SkipFlag;1
BlockStat;28; 144; 160;16; 4;MMVDSkipFlag;0
BlockStat;28; 144; 160;16; 4;PredMode;0
BlockStat;28; 144; 160;16; 4;MergeIdx;3
BlockStat;28; 144; 160;16; 4;MergeType;0
BlockStat;28; 144; 160;16; 4;MMVDMergeFlag;0
BlockStat;28; 144; 160;16; 4;MVPIdxL0;255
BlockStat;28; 144; 160;16; 4;RefIdxL0;0
BlockStat: POC 28 @( 144, 160) [16x 4] TrianglePartitioning={   0,   0,  16,   4}
BlockStat;28; 144; 164;16; 8;Depth;5
BlockStat;28; 144; 164;16; 8;QT_Depth;2
BlockStat;28; 144; 164;16; 8;BT_Depth;3
BlockStat;28; 144; 164;16; 8;MT_Depth;3
BlockStat;28; 144; 164;16; 8;ChromaQPAdj;0
BlockStat;28; 144; 164;16; 8;QP;38
BlockStat;28; 144; 164;16; 8;SplitSeries;4294689
BlockStat;28; 144; 164;16; 8;SkipFlag;0
BlockStat;28; 144; 164;16; 8;PredMode;1
BlockStat;28; 144; 164;16; 8;Luma_IntraMode;54
BlockStat;28; 144; 164;16; 8;Chroma_IntraMode;54
BlockStat;28; 144; 164;16; 8;MultiRefIdx;3
BlockStat;28; 144; 164;16; 8;Cbf_Y;1
BlockStat;28; 144; 164;16; 8;TransformSkipFlag_Y;2
BlockStat;28; 144; 164;16; 8;Cbf_Cb;0
BlockStat;28; 144; 164;16; 8;Cbf_Cr;0
BlockStat;28; 144; 172;16; 4;Depth;5
BlockStat;28; 144; 172;16; 4;QT_Depth;2
BlockStat;28; 144; 172;16; 4;BT_Depth;4
BlockStat;28; 144; 172;16; 4;MT_Depth;3
BlockStat;28; 144; 172;16; 4;ChromaQPAdj;0
BlockStat;28; 144; 172;16; 4;QP;38
BlockStat;28; 144; 172;16; 4;SplitSeries;4294689
BlockStat;28; 144; 172;16; 4;SkipFlag;0
BlockStat;28; 144; 172;16; 4;PredMode;0
BlockStat;28; 144; 172;16; 4;MergeFlag;0
BlockStat;28; 144; 172;16; 4;InterDir;1
BlockStat;28; 144; 172;16; 4;MVPIdxL0;0
BlockStat;28; 144; 172;16; 4;RefIdxL0;0
BlockStat;28; 144; 172;16; 4;MVDL0;   0; -16
BlockStat;28; 144; 172;16; 4;MVL0; 188;   4
BlockStat;28; 144; 172;16; 4;IMVMode;1
BlockStat;28; 144; 172;16; 4;RootCbf;1
BlockStat;28; 144; 172;16; 4;Cbf_Y;1
BlockStat;28; 144; 172;16; 4;TransformSkipFlag_Y;0
BlockStat;28; 144; 172;16; 4;Cbf_Cb;0
BlockStat;28; 144; 172;16; 4;Cbf_Cr;0
BlockStat;28; 128; 176; 8;16;Depth;4
BlockStat;28; 128; 176; 8;16;QT_Depth;2
BlockStat;28; 128; 176; 8;16;BT_Depth;3
BlockStat;28; 128; 176; 8;16;MT_Depth;2
BlockStat;28; 128; 176; 8;16;ChromaQPAdj;0
BlockStat;28; 128; 176; 8;16;QP;38
BlockStat;28; 128; 176; 8;16;SplitSeries;165921
BlockStat;28; 128; 176; 8;16;SkipFlag;0
BlockStat;28; 128; 176; 8;16;PredMode;1
BlockStat;28; 128; 176; 8;16;Luma_IntraMode;0
BlockStat;28; 128; 176; 8;16;Chroma_IntraMode;67
BlockStat;28; 128; 176; 8;16;MultiRefIdx;0
BlockStat;28; 128; 176; 8;16;Cbf_Y;0
BlockStat;28; 128; 176; 8;16;TransformSkipFlag_Y;0
BlockStat;28; 128; 176; 8;16;Cbf_Cb;0
BlockStat;28; 128; 176; 8;16;Cbf_Cr;0
BlockStat;28; 136; 176;16; 8;Depth;5
BlockStat;28; 136; 176;16; 8;QT_Depth;2
BlockStat;28; 136; 176;16; 8;BT_Depth;3
BlockStat;28; 136; 176;16; 8;MT_Depth;3
BlockStat;28; 136; 176;16; 8;ChromaQPAdj;0
BlockStat;28; 136; 176;16; 8;QP;38
BlockStat;28; 136; 176;16; 8;SplitSeries;2263073
BlockStat;28; 136; 176;16; 8;SkipFlag;0
BlockStat;28; 136; 176;16; 8;PredMode;0
BlockStat;28; 136; 176;16; 8;MergeFlag;1
BlockStat;28; 136; 176;16; 8;MergeIdx;0
BlockStat;28; 136; 176;16; 8;MergeType;0
BlockStat;28; 136; 176;16; 8;MMVDMergeFlag;0
BlockStat;28; 136; 176;16; 8;AffineFlag;0
BlockStat;28; 136; 176;16; 8;MHIntraFlag;0
BlockStat;28; 136; 176;16; 8;MVPIdxL0;255
BlockStat;28; 136; 176;16; 8;RefIdxL0;0
BlockStat;28; 136; 176;16; 8;MVDL0;   0;   0
BlockStat;28; 136; 176;16; 8;MVL0; 188;   4
BlockStat;28; 136; 176;16; 8;Cbf_Y;1
BlockStat;28; 136; 176;16; 8;TransformSkipFlag_Y;0
BlockStat;28; 136; 176;16; 8;Cbf_Cb;0
BlockStat;28; 136; 176;16; 8;Cbf_Cr;0
BlockStat;28; 136; 184;16; 8;Depth;5
BlockStat;28; 136; 184;16; 8;QT_Depth;2
BlockStat;28; 136; 184;16; 8;BT_Depth;3
BlockStat;28; 136; 184;16; 8;MT_Depth;3
BlockStat;28; 136; 184;16; 8;ChromaQPAdj;0
BlockStat;28; 136; 184;16; 8;QP;38
BlockStat;28; 136; 184;16; 8;SplitSeries;2263073
BlockStat;28; 136; 184;16; 8;SkipFlag;0
BlockStat;28; 136; 184;16; 8;PredMode;0
BlockStat;28; 136; 184;16; 8;MergeFlag;0
BlockStat;28; 136; 184;16; 8;InterDir;3
BlockStat;28; 136; 184;16; 8;MVPIdxL0;0
BlockStat;28; 136; 184;16; 8;RefIdxL0;0
BlockStat;28; 136; 184;16; 8;MVPIdxL1;0
BlockStat;28; 136; 184;16; 8;RefIdxL1;0
BlockStat;28; 136; 184;16; 8;MVDL0;  -4;   0
BlockStat;28; 136; 184;16; 8;MVL0; 184;   4
BlockStat;28; 136; 184;16; 8;MVDL1;   0;   0
BlockStat;28; 136; 184;16; 8;MVL1; 188;   4
BlockStat;28; 136; 184;16; 8;IMVMode;1
BlockStat;28; 136; 184;16; 8;RootCbf;1
BlockStat;28; 136; 184;16; 8;Cbf_Y;1
BlockStat;28; 136; 184;16; 8;TransformSkipFlag_Y;0
BlockStat;28; 136; 184;16; 8;Cbf_Cb;0
BlockStat;28; 136; 184;16; 8;Cbf_Cr;0
BlockStat;28; 152; 176; 8;16;Depth;4
BlockStat;28; 152; 176; 8;16;QT_Depth;2
BlockStat;28; 152; 176; 8;16;BT_Depth;3
BlockStat;28; 152; 176; 8;16;MT_Depth;2
BlockStat;28; 152; 176; 8;16;ChromaQPAdj;0
BlockStat;28; 152; 176; 8;16;QP;38
BlockStat;28; 152; 176; 8;16;SplitSeries;165921
BlockStat;28; 152; 176; 8;16;SkipFlag;0
BlockStat;28; 152; 176; 8;16;PredMode;1
BlockStat;28; 152; 176; 8;16;Luma_IntraMode;0
BlockStat;28; 152; 176; 8;16;Chroma_IntraMode;0
BlockStat;28; 152; 176; 8;16;MultiRefIdx;0
BlockStat;28; 152; 176; 8; 4;Cbf_Y;2
BlockStat;28; 152; 176; 8; 4;TransformSkipFlag_Y;0
BlockStat;28;   0;   0; 0; 0;Cbf_Cb;0
BlockStat;28;   0;   0; 0; 0;Cbf_Cr;0
BlockStat;28; 152; 180; 8; 4;Cbf_Y;2
BlockStat;28; 152; 180; 8; 4;TransformSkipFlag_Y;0
BlockStat;28;   0;   0; 0; 0;Cbf_Cb;0
BlockStat;28;   0;   0; 0; 0;Cbf_Cr;0
BlockStat;28; 152; 184; 8; 4;Cbf_Y;2
BlockStat;28; 152; 184; 8; 4;TransformSkipFlag_Y;0
BlockStat;28;   0;   0; 0; 0;Cbf_Cb;0
BlockStat;28;   0;   0; 0; 0;Cbf_Cr;0
BlockStat;28; 152; 188; 8; 4;Cbf_Y;2
BlockStat;28; 152; 188; 8; 4;TransformSkipFlag_Y;0
BlockStat;28; 152; 176; 8;16;Cbf_Cb;0
BlockStat;28; 152; 176; 8;16;Cbf_Cr;0
BlockStat;28; 160; 160;16;16;Depth;4
BlockStat;28; 160; 160;16;16;QT_Depth;2
BlockStat;28; 160; 160;16;16;BT_Depth;2
BlockStat;28; 160; 160;16;16;MT_Depth;2
BlockStat;28; 160; 160;16;16;ChromaQPAdj;0
BlockStat;28; 160; 160;16;16;QP;38
BlockStat;28; 160; 160;16;16;SplitSeries;68641
BlockStat;28; 160; 160;16;16;SkipFlag;0
BlockStat;28; 160; 160;16;16;PredMode;1
BlockStat;28; 160; 160;16;16;Luma_IntraMode;1
BlockStat;28; 160; 160;16;16;Chroma_IntraMode;1
BlockStat;28; 160; 160;16;16;MultiRefIdx;0
BlockStat;28; 160; 160;16;16;Cbf_Y;1
BlockStat;28; 160; 160;16;16;TransformSkipFlag_Y;2
BlockStat;28; 160; 160;16;16;Cbf_Cb;0
BlockStat;28; 160; 160;16;16;Cbf_Cr;0
BlockStat;28; 160; 176;16; 8;Depth;5
BlockStat;28; 160; 176;16; 8;QT_Depth;2
BlockStat;28; 160; 176;16; 8;BT_Depth;3
BlockStat;28; 160; 176;16; 8;MT_Depth;3
BlockStat;28; 160; 176;16; 8;ChromaQPAdj;0
BlockStat;28; 160; 176;16; 8;QP;38
BlockStat;28; 160; 176;16; 8;SplitSeries;2165793
BlockStat;28; 160; 176;16; 8;SkipFlag;0
BlockStat;28; 160; 176;16; 8;PredMode;0
BlockStat;28; 160; 176;16; 8;MergeFlag;1
BlockStat;28; 160; 176;16; 8;MergeIdx;4
BlockStat;28; 160; 176;16; 8;MergeType;0
BlockStat;28; 160; 176;16; 8;MMVDMergeFlag;0
BlockStat;28; 160; 176;16; 8;AffineFlag;0
BlockStat;28; 160; 176;16; 8;MHIntraFlag;1
BlockStat;28; 160; 176;16; 8;Luma_IntraMode;0
BlockStat;28; 160; 176;16; 8;Chroma_IntraMode;70
BlockStat;28; 160; 176;16; 8;MVPIdxL0;255
BlockStat;28; 160; 176;16; 8;RefIdxL0;0
BlockStat;28; 160; 176;16; 8;MVDL0;   0;   0
BlockStat;28; 160; 176;16; 8;MVL0; 196;  12
BlockStat;28; 160; 176;16; 8;Cbf_Y;1
BlockStat;28; 160; 176;16; 8;TransformSkipFlag_Y;0
BlockStat;28; 160; 176;16; 8;Cbf_Cb;0
BlockStat;28; 160; 176;16; 8;Cbf_Cr;0
BlockStat;28; 160; 184;16; 8;Depth;5
BlockStat;28; 160; 184;16; 8;QT_Depth;2
BlockStat;28; 160; 184;16; 8;BT_Depth;3
BlockStat;28; 160; 184;16; 8;MT_Depth;3
BlockStat;28; 160; 184;16; 8;ChromaQPAdj;0
BlockStat;28; 160; 184;16; 8;QP;38
BlockStat;28; 160; 184;16; 8;SplitSeries;2165793
BlockStat;28; 160; 184;16; 8;SkipFlag;0
BlockStat;28; 160; 184;16; 8;PredMode;0
BlockStat;28; 160; 184;16; 8;MergeFlag;1
BlockStat;28; 160; 184;16; 8;MergeIdx;5
BlockStat;28; 160; 184;16; 8;MergeType;0
BlockStat;28; 160; 184;16; 8;MMVDMergeFlag;0
BlockStat;28; 160; 184;16; 8;AffineFlag;0
BlockStat;28; 160; 184;16; 8;MHIntraFlag;1
BlockStat;28; 160; 184;16; 8;Luma_IntraMode;0
BlockStat;28; 160; 184;16; 8;Chroma_IntraMode;70
BlockStat;28; 160; 184;16; 8;MVPIdxL0;255
BlockStat;28; 160; 184;16; 8;RefIdxL0;0
BlockStat;28; 160; 184;16; 8;MVPIdxL1;255
BlockStat;28; 160; 184;16; 8;RefIdxL1;0
BlockStat;28; 160; 184;16; 8;MVDL0;   0;   0
BlockStat;28; 160; 184;16; 8;MVL0; 192;   7
BlockStat;28; 160; 184;16; 8;MVDL1;   0;   0
BlockStat;28; 160; 184;16; 8;MVL1; 188;   2
BlockStat;28; 160; 184;16; 8;Cbf_Y;1
BlockStat;28; 160; 184;16; 8;TransformSkipFlag_Y;0
BlockStat;28; 160; 184;16; 8;Cbf_Cb;0
BlockStat;28; 160; 184;16; 8;Cbf_Cr;0
BlockStat;28; 176; 160;16;16;Depth;4
BlockStat;28; 176; 160;16;16;QT_Depth;2
BlockStat;28; 176; 160;16;16;BT_Depth;2
BlockStat;28; 176; 160;16;16;MT_Depth;2
BlockStat;28; 176; 160;16;16;ChromaQPAdj;0
BlockStat;28; 176; 160;16;16;QP;38
BlockStat;28; 176; 160;16;16;SplitSeries;68641
BlockStat;28; 176; 160;16;16;SkipFlag;0
BlockStat;28; 176; 160;16;16;PredMode;0
BlockStat;28; 176; 160;16;16;MergeFlag;0
BlockStat;28; 176; 160;16;16;InterDir;1
BlockStat;28; 176; 160;16;16;AffineFlag;1
BlockStat;28; 176; 160;16;16;AffineType;0
BlockStat;28; 176; 160;16;16;MVPIdxL0;0
BlockStat;28; 176; 160;16;16;RefIdxL0;1
BlockStat;28; 176; 160;16;16;AffineMVL0;-470; -93;-476; -90;-473; -99
BlockStat;28; 176; 160;16;16;RootCbf;1
BlockStat;28; 176; 160;16;16;Cbf_Y;1
BlockStat;28; 176; 160;16;16;TransformSkipFlag_Y;0
BlockStat;28; 176; 160;16;16;Cbf_Cb;0
BlockStat;28; 176; 160;16;16;Cbf_Cr;0
BlockStat;28; 176; 176; 8;16;Depth;5
BlockStat;28; 176; 176; 8;16;QT_Depth;2
BlockStat;28; 176; 176; 8;16;BT_Depth;3
BlockStat;28; 176; 176; 8;16;MT_Depth;3
BlockStat;28; 176; 176; 8;16;ChromaQPAdj;0
BlockStat;28; 176; 176; 8;16;QP;38
BlockStat;28; 176; 176; 8;16;SplitSeries;3214369
BlockStat;28; 176; 176; 8;16;SkipFlag;0
BlockStat;28; 176; 176; 8;16;PredMode;0
BlockStat;28; 176; 176; 8;16;MergeFlag;1
BlockStat;28; 176; 176; 8;16;MergeIdx;4
BlockStat;28; 176; 176; 8;16;MergeType;0
BlockStat;28; 176; 176; 8;16;MMVDMergeFlag;1
BlockStat;28; 176; 176; 8;16;MMVDMergeIdx;4
BlockStat;28; 176; 176; 8;16;MVPIdxL0;255
BlockStat;28; 176; 176; 8;16;RefIdxL0;0
BlockStat;28; 176; 176; 8;16;MVPIdxL1;255
BlockStat;28; 176; 176; 8;16;RefIdxL1;0
BlockStat;28; 176; 176; 8;16;MVDL0;   0;   0
BlockStat;28; 176; 176; 8;16;MVL0; 194;   7
BlockStat;28; 176; 176; 8;16;MVDL1;   0;   0
BlockStat;28; 176; 176; 8;16;MVL1; 190;   2
BlockStat;28; 176; 176; 8;16;Cbf_Y;1
BlockStat;28; 176; 176; 8;16;TransformSkipFlag_Y;0
BlockStat;28; 176; 176; 8;16;Cbf_Cb;0
BlockStat;28; 176; 176; 8;16;Cbf_Cr;0
BlockStat;28; 184; 176; 8;16;Depth;5
BlockStat;28; 184; 176; 8;16;QT_Depth;2
BlockStat;28; 184; 176; 8;16;BT_Depth;3
BlockStat;28; 184; 176; 8;16;MT_Depth;3
BlockStat;28; 184; 176; 8;16;ChromaQPAdj;0
BlockStat;28; 184; 176; 8;16;QP;38
BlockStat;28; 184; 176; 8;16;SplitSeries;3214369
BlockStat;28; 184; 176; 8;16;SkipFlag;0
BlockStat;28; 184; 176; 8;16;PredMode;1
BlockStat;28; 184; 176; 8;16;Luma_IntraMode;1
BlockStat;28; 184; 176; 8;16;Chroma_IntraMode;1
BlockStat;28; 184; 176; 8;16;MultiRefIdx;1
BlockStat;28; 184; 176; 8;16;Cbf_Y;1
BlockStat;28; 184; 176; 8;16;TransformSkipFlag_Y;0
BlockStat;28; 184; 176; 8;16;Cbf_Cb;0
BlockStat;28; 184; 176; 8;16;Cbf_Cr;0
BlockStat;28; 192; 128; 8; 8;Depth;4
BlockStat;28; 192; 128; 8; 8;QT_Depth;2
BlockStat;28; 192; 128; 8; 8;BT_Depth;4
BlockStat;28; 192; 128; 8; 8;MT_Depth;2
BlockStat;28; 192; 128; 8; 8;ChromaQPAdj;0
BlockStat;28; 192; 128; 8; 8;QP;38
BlockStat;28; 192; 128; 8; 8;SplitSeries;167969
BlockStat;28; 192; 128; 8; 8;SkipFlag;1
BlockStat;28; 192; 128; 8; 8;MMVDSkipFlag;0
BlockStat;28; 192; 128; 8; 8;PredMode;0
BlockStat;28; 192; 128; 8; 8;MergeIdx;0
BlockStat;28; 192; 128; 8; 8;MergeType;0
BlockStat;28; 192; 128; 8; 8;MMVDMergeFlag;0
BlockStat;28; 192; 128; 8; 8;AffineFlag;0
BlockStat;28; 192; 128; 8; 8;MVPIdxL0;255
BlockStat;28; 192; 128; 8; 8;RefIdxL0;1
BlockStat;28; 192; 128; 8; 8;MVDL0;   0;   0
BlockStat;28; 192; 128; 8; 8;MVL0;-468; -96
BlockStat;28; 200; 128;16; 8;Depth;4
BlockStat;28; 200; 128;16; 8;QT_Depth;2
BlockStat;28; 200; 128;16; 8;BT_Depth;3
BlockStat;28; 200; 128;16; 8;MT_Depth;2
BlockStat;28; 200; 128;16; 8;ChromaQPAdj;0
BlockStat;28; 200; 128;16; 8;QP;38
BlockStat;28; 200; 128;16; 8;SplitSeries;167969
BlockStat;28; 200; 128;16; 8;SkipFlag;1
BlockStat;28; 200; 128;16; 8;MMVDSkipFlag;0
BlockStat;28; 200; 128;16; 8;PredMode;0
BlockStat;28; 200; 128;16; 8;MergeIdx;1
BlockStat;28; 200; 128;16; 8;MergeType;0
BlockStat;28; 200; 128;16; 8;MMVDMergeFlag;0
BlockStat;28; 200; 128;16; 8;AffineFlag;1
BlockStat;28; 200; 128;16; 8;MVPIdxL0;0
BlockStat;28; 200; 128;16; 8;RefIdxL0;1
BlockStat;28; 200; 128;16; 8;AffineMVL0;-466; -98;-468; -97;-468; -97
BlockStat;28; 216; 128; 8; 8;Depth;4
BlockStat;28; 216; 128; 8; 8;QT_Depth;2
BlockStat;28; 216; 128; 8; 8;BT_Depth;4
BlockStat;28; 216; 128; 8; 8;MT_Depth;2
BlockStat;28; 216; 128; 8; 8;ChromaQPAdj;0
BlockStat;28; 216; 128; 8; 8;QP;38
BlockStat;28; 216; 128; 8; 8;SplitSeries;167969
BlockStat;28; 216; 128; 8; 8;SkipFlag;0
BlockStat;28; 216; 128; 8; 8;PredMode;0
BlockStat;28; 216; 128; 8; 8;MergeFlag;1
BlockStat;28; 216; 128; 8; 8;MergeIdx;36
BlockStat;28; 216; 128; 8; 8;MergeType;0
BlockStat;28; 216; 128; 8; 8;MMVDMergeFlag;1
BlockStat;28; 216; 128; 8; 8;MMVDMergeIdx;36
BlockStat;28; 216; 128; 8; 8;MVPIdxL0;255
BlockStat;28; 216; 128; 8; 8;RefIdxL0;0
BlockStat;28; 216; 128; 8; 8;MVPIdxL1;255
BlockStat;28; 216; 128; 8; 8;RefIdxL1;0
BlockStat;28; 216; 128; 8; 8;MVDL0;   0;   0
BlockStat;28; 216; 128; 8; 8;MVL0; -15;  25
BlockStat;28; 216; 128; 8; 8;MVDL1;   0;   0
BlockStat;28; 216; 128; 8; 8;MVL1; -16;  25
BlockStat;28; 216; 128; 4; 8;Cbf_Y;2
BlockStat;28; 216; 128; 4; 8;TransformSkipFlag_Y;0
BlockStat;28; 216; 128; 4; 8;Cbf_Cb;0
BlockStat;28; 216; 128; 4; 8;Cbf_Cr;0
BlockStat;28; 220; 128; 4; 8;Cbf_Y;0
BlockStat;28; 220; 128; 4; 8;TransformSkipFlag_Y;0
BlockStat;28; 220; 128; 4; 8;Cbf_Cb;0
BlockStat;28; 220; 128; 4; 8;Cbf_Cr;0
BlockStat;28; 192; 136;16;16;Depth;4
BlockStat;28; 192; 136;16;16;QT_Depth;2
BlockStat;28; 192; 136;16;16;BT_Depth;2
BlockStat;28; 192; 136;16;16;MT_Depth;2
BlockStat;28; 192; 136;16;16;ChromaQPAdj;0
BlockStat;28; 192; 136;16;16;QP;38
BlockStat;28; 192; 136;16;16;SplitSeries;102433
BlockStat;28; 192; 136;16;16;SkipFlag;1
BlockStat;28; 192; 136;16;16;MMVDSkipFlag;0
BlockStat;28; 192; 136;16;16;PredMode;0
BlockStat;28; 192; 136;16;16;MergeIdx;40
BlockStat;28; 192; 136;16;16;MergeType;0
BlockStat;28; 192; 136;16;16;MMVDMergeFlag;1
BlockStat;28; 192; 136;16;16;MMVDMergeIdx;40
BlockStat;28; 192; 136;16;16;MVPIdxL0;255
BlockStat;28; 192; 136;16;16;RefIdxL0;1
BlockStat;28; 192; 136;16;16;MVDL0;   0;   0
BlockStat;28; 192; 136;16;16;MVL0;-464; -96
BlockStat;28; 208; 136;16;16;Depth;4
BlockStat;28; 208; 136;16;16;QT_Depth;2
BlockStat;28; 208; 136;16;16;BT_Depth;2
BlockStat;28; 208; 136;16;16;MT_Depth;2
BlockStat;28; 208; 136;16;16;ChromaQPAdj;0
BlockStat;28; 208; 136;16;16;QP;38
BlockStat;28; 208; 136;16;16;SplitSeries;102433
BlockStat;28; 208; 136;16;16;SkipFlag;0
BlockStat;28; 208; 136;16;16;PredMode;0
BlockStat;28; 208; 136;16;16;MergeFlag;0
BlockStat;28; 208; 136;16;16;InterDir;1
BlockStat;28; 208; 136;16;16;AffineFlag;0
BlockStat;28; 208; 136;16;16;MVPIdxL0;1
BlockStat;28; 208; 136;16;16;RefIdxL0;1
BlockStat;28; 208; 136;16;16;MVDL0;  -2;   6
BlockStat;28; 208; 136;16;16;MVL0;-470; -90
BlockStat;28; 208; 136;16;16;IMVMode;3
BlockStat;28; 208; 136;16;16;RootCbf;0
BlockStat;28; 192; 152;16; 8;Depth;4
BlockStat;28; 192; 152;16; 8;QT_Depth;2
BlockStat;28; 192; 152;16; 8;BT_Depth;3
BlockStat;28; 192; 152;16; 8;MT_Depth;2
BlockStat;28; 192; 152;16; 8;ChromaQPAdj;0
BlockStat;28; 192; 152;16; 8;QP;38
BlockStat;28; 192; 152;16; 8;SplitSeries;102433
BlockStat;28; 192; 152;16; 8;SkipFlag;0
BlockStat;28; 192; 152;16; 8;PredMode;0
BlockStat;28; 192; 152;16; 8;MergeFlag;1
BlockStat;28; 192; 152;16; 8;MergeIdx;2
BlockStat;28; 192; 152;16; 8;MergeType;0
BlockStat;28; 192; 152;16; 8;MMVDMergeFlag;0
BlockStat;28; 192; 152;16; 8;AffineFlag;0
BlockStat;28; 192; 152;16; 8;MHIntraFlag;1
BlockStat;28; 192; 152;16; 8;Luma_IntraMode;0
BlockStat;28; 192; 152;16; 8;Chroma_IntraMode;70
BlockStat;28; 192; 152;16; 8;MVPIdxL0;255
BlockStat;28; 192; 152;16; 8;RefIdxL0;1
BlockStat;28; 192; 152;16; 8;MVDL0;   0;   0
BlockStat;28; 192; 152;16; 8;MVL0;-470; -90
BlockStat;28; 192; 152;16; 8;Cbf_Y;1
BlockStat;28; 192; 152;16; 8;TransformSkipFlag_Y;0
BlockStat;28; 192; 152;16; 8;Cbf_Cb;0
BlockStat;28; 192; 152;16; 8;Cbf_Cr;0
BlockStat;28; 208; 152;16; 8;Depth;4
BlockStat;28; 208; 152;16; 8;QT_Depth;2
BlockStat;28; 208; 152;16; 8;BT_Depth;3
BlockStat;28; 208; 152;16; 8;MT_Depth;2
BlockStat;28; 208; 152;16; 8;ChromaQPAdj;0
BlockStat;28; 208; 152;16; 8;QP;38
BlockStat;28; 208; 152;16; 8;SplitSeries;102433
BlockStat;28; 208; 152;16; 8;SkipFlag;0
BlockStat;28; 208; 152;16; 8;PredMode;0
BlockStat;28; 208; 152;16; 8;MergeFlag;1
BlockStat;28; 208; 152;16; 8;MergeIdx;0
BlockStat;28; 208; 152;16; 8;MergeType;0
BlockStat;28; 208; 152;16; 8;MMVDMergeFlag;0
BlockStat;28; 208; 152;16; 8;AffineFlag;0
BlockStat;28; 208; 152;16; 8;MHIntraFlag;0
BlockStat;28; 208; 152;16; 8;MVPIdxL0;255
BlockStat;28; 208; 152;16; 8;RefIdxL0;1
BlockStat;28; 208; 152;16; 8;MVDL0;   0;   0
BlockStat;28; 208; 152;16; 8;MVL0;-470; -90
BlockStat;28; 208; 152;12; 8;Cbf_Y;0
BlockStat;28; 208; 152;12; 8;TransformSkipFlag_Y;0
BlockStat;28; 208; 152;12; 8;Cbf_Cb;0
BlockStat;28; 208; 152;12; 8;Cbf_Cr;0
BlockStat;28; 220; 152; 4; 8;Cbf_Y;2
BlockStat;28; 220; 152; 4; 8;TransformSkipFlag_Y;0
BlockStat;28; 220; 152; 4; 8;Cbf_Cb;0
BlockStat;28; 220; 152; 4; 8;Cbf_Cr;0
BlockStat;28; 224; 128;32;16;Depth;3
BlockStat;28; 224; 128;32;16;QT_Depth;2
BlockStat;28; 224; 128;32;16;BT_Depth;1
BlockStat;28; 224; 128;32;16;MT_Depth;1
BlockStat;28; 224; 128;32;16;ChromaQPAdj;0
BlockStat;28; 224; 128;32;16;QP;38
BlockStat;28; 224; 128;32;16;SplitSeries;2081
BlockStat;28; 224; 128;32;16;SkipFlag;1
BlockStat;28; 224; 128;32;16;MMVDSkipFlag;0
BlockStat;28; 224; 128;32;16;PredMode;0
BlockStat;28; 224; 128;32;16;MergeIdx;2
BlockStat;28; 224; 128;32;16;MergeType;0
BlockStat;28; 224; 128;32;16;MMVDMergeFlag;0
BlockStat;28; 224; 128;32;16;AffineFlag;0
BlockStat;28; 224; 128;32;16;MVPIdxL0;255
BlockStat;28; 224; 128;32;16;RefIdxL0;0
BlockStat;28; 224; 128;32;16;MVPIdxL1;255
BlockStat;28; 224; 128;32;16;RefIdxL1;0
BlockStat;28; 224; 128;32;16;MVDL0;   0;   0
BlockStat;28; 224; 128;32;16;MVL0; -17;  24
BlockStat;28; 224; 128;32;16;MVDL1;   0;   0
BlockStat;28; 224; 128;32;16;MVL1; -18;  25
BlockStat;28; 224; 144;16;16;Depth;4
BlockStat;28; 224; 144;16;16;QT_Depth;2
BlockStat;28; 224; 144;16;16;BT_Depth;2
BlockStat;28; 224; 144;16;16;MT_Depth;2
BlockStat;28; 224; 144;16;16;ChromaQPAdj;0
BlockStat;28; 224; 144;16;16;QP;38
BlockStat;28; 224; 144;16;16;SplitSeries;100385
BlockStat;28; 224; 144;16;16;SkipFlag;1
BlockStat;28; 224; 144;16;16;MMVDSkipFlag;0
BlockStat;28; 224; 144;16;16;PredMode;0
BlockStat;28; 224; 144;16;16;MergeIdx;1
BlockStat;28; 224; 144;16;16;MergeType;0
BlockStat;28; 224; 144;16;16;MMVDMergeFlag;0
BlockStat;28; 224; 144;16;16;AffineFlag;0
BlockStat;28; 224; 144;16;16;MVPIdxL0;255
BlockStat;28; 224; 144;16;16;RefIdxL0;0
BlockStat;28; 224; 144;16;16;MVPIdxL1;255
BlockStat;28; 224; 144;16;16;RefIdxL1;0
BlockStat;28; 224; 144;16;16;MVDL0;   0;   0
BlockStat;28; 224; 144;16;16;MVL0; -17;  24
BlockStat;28; 224; 144;16;16;MVDL1;   0;   0
BlockStat;28; 224; 144;16;16;MVL1; -18;  25
BlockStat;28; 240; 144;16; 4;Depth;5
BlockStat;28; 240; 144;16; 4;QT_Depth;2
BlockStat;28; 240; 144;16; 4;BT_Depth;4
BlockStat;28; 240; 144;16; 4;MT_Depth;3
BlockStat;28; 240; 144;16; 4;ChromaQPAdj;0
BlockStat;28; 240; 144;16; 4;QP;38
BlockStat;28; 240; 144;16; 4;SplitSeries;4294689
BlockStat;28; 240; 144;16; 4;SkipFlag;1
BlockStat;28; 240; 144;16; 4;MMVDSkipFlag;0
BlockStat;28; 240; 144;16; 4;PredMode;0
BlockStat;28; 240; 144;16; 4;MergeIdx;0
BlockStat;28; 240; 144;16; 4;MergeType;0
BlockStat;28; 240; 144;16; 4;MMVDMergeFlag;0
BlockStat;28; 240; 144;16; 4;MVPIdxL0;255
BlockStat;28; 240; 144;16; 4;RefIdxL0;0
BlockStat;28; 240; 144;16; 4;MVPIdxL1;255
BlockStat;28; 240; 144;16; 4;RefIdxL1;0
BlockStat;28; 240; 144;16; 4;MVDL0;   0;   0
BlockStat;28; 240; 144;16; 4;MVL0; -17;  24
BlockStat;28; 240; 144;16; 4;MVDL1;   0;   0
BlockStat;28; 240; 144;16; 4;MVL1; -18;  25
BlockStat;28; 240; 148;16; 8;Depth;5
BlockStat;28; 240; 148;16; 8;QT_Depth;2
BlockStat;28; 240; 148;16; 8;BT_Depth;3
BlockStat;28; 240; 148;16; 8;MT_Depth;3
BlockStat;28; 240; 148;16; 8;ChromaQPAdj;0
BlockStat;28; 240; 148;16; 8;QP;38
BlockStat;28; 240; 148;16; 8;SplitSeries;4294689
BlockStat;28; 240; 148;16; 8;SkipFlag;0
BlockStat;28; 240; 148;16; 8;PredMode;0
BlockStat;28; 240; 148;16; 8;MergeFlag;1
BlockStat;28; 240; 148;16; 8;MergeIdx;0
BlockStat;28; 240; 148;16; 8;MergeType;0
BlockStat;28; 240; 148;16; 8;MMVDMergeFlag;0
BlockStat;28; 240; 148;16; 8;AffineFlag;0
BlockStat;28; 240; 148;16; 8;MHIntraFlag;1
BlockStat;28; 240; 148;16; 8;Luma_IntraMode;0
BlockStat;28; 240; 148;16; 8;Chroma_IntraMode;70
BlockStat;28; 240; 148;16; 8;MVPIdxL0;255
BlockStat;28; 240; 148;16; 8;RefIdxL0;0
BlockStat;28; 240; 148;16; 8;MVPIdxL1;255
BlockStat;28; 240; 148;16; 8;RefIdxL1;0
BlockStat;28; 240; 148;16; 8;MVDL0;   0;   0
BlockStat;28; 240; 148;16; 8;MVL0; -17;  24
BlockStat;28; 240; 148;16; 8;MVDL1;   0;   0
BlockStat;28; 240; 148;16; 8;MVL1; -18;  25
BlockStat;28; 240; 148;16; 8;Cbf_Y;1
BlockStat;28; 240; 148;16; 8;TransformSkipFlag_Y;0
BlockStat;28; 240; 148;16; 8;Cbf_Cb;0
BlockStat;28; 240; 148;16; 8;Cbf_Cr;0
BlockStat;28; 240; 156;16; 4;Depth;5
BlockStat;28; 240; 156;16; 4;QT_Depth;2
BlockStat;28; 240; 156;16; 4;BT_Depth;4
BlockStat;28; 240; 156;16; 4;MT_Depth;3
BlockStat;28; 240; 156;16; 4;ChromaQPAdj;0
BlockStat;28; 240; 156;16; 4;QP;38
BlockStat;28; 240; 156;16; 4;SplitSeries;4294689
BlockStat;28; 240; 156;16; 4;SkipFlag;0
BlockStat;28; 240; 156;16; 4;PredMode;0
BlockStat;28; 240; 156;16; 4;MergeFlag;1
BlockStat;28; 240; 156;16; 4;MergeIdx;0
BlockStat;28; 240; 156;16; 4;MergeType;0
BlockStat;28; 240; 156;16; 4;MMVDMergeFlag;0
BlockStat;28; 240; 156;16; 4;MHIntraFlag;1
BlockStat;28; 240; 156;16; 4;Luma_IntraMode;0
BlockStat;28; 240; 156;16; 4;Chroma_IntraMode;70
BlockStat;28; 240; 156;16; 4;MVPIdxL0;255
BlockStat;28; 240; 156;16; 4;RefIdxL0;0
BlockStat;28; 240; 156;16; 4;MVPIdxL1;255
BlockStat;28; 240; 156;16; 4;RefIdxL1;0
BlockStat;28; 240; 156;16; 4;MVDL0;   0;   0
BlockStat;28; 240; 156;16; 4;MVL0; -17;  24
BlockStat;28; 240; 156;16; 4;MVDL1;   0;   0
BlockStat;28; 240; 156;16; 4;MVL1; -18;  25
BlockStat;28; 240; 156;16; 4;Cbf_Y;1
BlockStat;28; 240; 156;16; 4;TransformSkipFlag_Y;0
BlockStat;28; 240; 156;16; 4;Cbf_Cb;0
BlockStat;28; 240; 156;16; 4;Cbf_Cr;0
BlockStat;28; 192; 160; 8;16;Depth;4
BlockStat;28; 192; 160; 8;16;QT_Depth;3
BlockStat;28; 192; 160; 8;16;BT_Depth;1
BlockStat;28; 192; 160; 8;16;MT_Depth;1
BlockStat;28; 192; 160; 8;16;ChromaQPAdj;0
BlockStat;28; 192; 160; 8;16;QP;38
BlockStat;28; 192; 160; 8;16;SplitSeries;99361
BlockStat;28; 192; 160; 8;16;SkipFlag;1
BlockStat;28; 192; 160; 8;16;MMVDSkipFlag;0
BlockStat;28; 192; 160; 8;16;PredMode;0
BlockStat;28; 192; 160; 8;16;MergeIdx;1
BlockStat;28; 192; 160; 8;16;MergeType;0
BlockStat;28; 192; 160; 8;16;MMVDMergeFlag;0
BlockStat;28; 192; 160; 8;16;AffineFlag;0
BlockStat;28; 192; 160; 8;16;MVPIdxL0;255
BlockStat;28; 192; 160; 8;16;RefIdxL0;1
BlockStat: POC 28 @( 192, 160) [ 8x16] TrianglePartitioning={   0,  16,   8,   0}
BlockStat: POC 28 @[(192, 160)--(200, 160)--(192, 176)--] TriangleMVL0={-479, -96}
BlockStat: POC 28 @[(200, 160)--(192, 176)--(200, 176)--] TriangleMVL0={-470, -90}
BlockStat;28; 200; 160; 8;16;Depth;4
BlockStat;28; 200; 160; 8;16;QT_Depth;3
BlockStat;28; 200; 160; 8;16;BT_Depth;1
BlockStat;28; 200; 160; 8;16;MT_Depth;1
BlockStat;28; 200; 160; 8;16;ChromaQPAdj;0
BlockStat;28; 200; 160; 8;16;QP;38
BlockStat;28; 200; 160; 8;16;SplitSeries;99361
BlockStat;28; 200; 160; 8;16;SkipFlag;0
BlockStat;28; 200; 160; 8;16;PredMode;0
BlockStat;28; 200; 160; 8;16;MergeFlag;0
BlockStat;28; 200; 160; 8;16;InterDir;1
BlockStat;28; 200; 160; 8;16;MVPIdxL0;0
BlockStat;28; 200; 160; 8;16;RefIdxL0;1
BlockStat;28; 200; 160; 8;16;MVDL0;   0;   2
BlockStat;28; 200; 160; 8;16;MVL0;-470; -88
BlockStat;28; 200; 160; 8;16;IMVMode;3
BlockStat;28; 200; 160; 8;16;RootCbf;0
BlockStat;28; 208; 160; 8;16;Depth;4
BlockStat;28; 208; 160; 8;16;QT_Depth;3
BlockStat;28; 208; 160; 8;16;BT_Depth;1
BlockStat;28; 208; 160; 8;16;MT_Depth;1
BlockStat;28; 208; 160; 8;16;ChromaQPAdj;0
BlockStat;28; 208; 160; 8;16;QP;38
BlockStat;28; 208; 160; 8;16;SplitSeries;99361
BlockStat;28; 208; 160; 8;16;SkipFlag;1
BlockStat;28; 208; 160; 8;16;MMVDSkipFlag;0
BlockStat;28; 208; 160; 8;16;PredMode;0
BlockStat;28; 208; 160; 8;16;MergeIdx;37
BlockStat;28; 208; 160; 8;16;MergeType;0
BlockStat;28; 208; 160; 8;16;MMVDMergeFlag;1
BlockStat;28; 208; 160; 8;16;MMVDMergeIdx;37
BlockStat;28; 208; 160; 8;16;MVPIdxL0;255
BlockStat;28; 208; 160; 8;16;RefIdxL0;1
BlockStat;28; 208; 160; 8;16;MVDL0;   0;   0
BlockStat;28; 208; 160; 8;16;MVL0;-472; -90
BlockStat;28; 216; 160; 8; 4;Depth;5
BlockStat;28; 216; 160; 8; 4;QT_Depth;3
BlockStat;28; 216; 160; 8; 4;BT_Depth;3
BlockStat;28; 216; 160; 8; 4;MT_Depth;2
BlockStat;28; 216; 160; 8; 4;ChromaQPAdj;0
BlockStat;28; 216; 160; 8; 4;QP;38
BlockStat;28; 216; 160; 8; 4;SplitSeries;4293665
BlockStat;28; 216; 160; 8; 4;SkipFlag;1
BlockStat;28; 216; 160; 8; 4;MMVDSkipFlag;0
BlockStat;28; 216; 160; 8; 4;PredMode;0
BlockStat;28; 216; 160; 8; 4;MergeIdx;1
BlockStat;28; 216; 160; 8; 4;MergeType;0
BlockStat;28; 216; 160; 8; 4;MMVDMergeFlag;0
BlockStat;28; 216; 160; 8; 4;MVPIdxL0;255
BlockStat;28; 216; 160; 8; 4;RefIdxL0;1
BlockStat;28; 216; 160; 8; 4;MVDL0;   0;   0
BlockStat;28; 216; 160; 8; 4;MVL0;-470; -90
BlockStat;28; 216; 164; 8; 8;Depth;5
BlockStat;28; 216; 164; 8; 8;QT_Depth;3
BlockStat;28; 216; 164; 8; 8;BT_Depth;2
BlockStat;28; 216; 164; 8; 8;MT_Depth;2
BlockStat;28; 216; 164; 8; 8;ChromaQPAdj;0
BlockStat;28; 216; 164; 8; 8;QP;38
BlockStat;28; 216; 164; 8; 8;SplitSeries;4293665
BlockStat;28; 216; 164; 8; 8;SkipFlag;1
BlockStat;28; 216; 164; 8; 8;MMVDSkipFlag;0
BlockStat;28; 216; 164; 8; 8;PredMode;0
BlockStat;28; 216; 164; 8; 8;MergeIdx;3
BlockStat;28; 216; 164; 8; 8;MergeType;0
BlockStat;28; 216; 164; 8; 8;MMVDMergeFlag;0
BlockStat;28; 216; 164; 8; 8;AffineFlag;0
BlockStat;28; 216; 164; 8; 8;MVPIdxL0;255
BlockStat;28; 216; 164; 8; 8;RefIdxL0;0
BlockStat;28; 216; 164; 8; 8;MVPIdxL1;255
BlockStat;28; 216; 164; 8; 8;RefIdxL1;0
BlockStat;28; 216; 164; 8; 8;MVDL0;   0;   0
BlockStat;28; 216; 164; 8; 8;MVL0; -17;  24
BlockStat;28; 216; 164; 8; 8;MVDL1;   0;   0
BlockStat;28; 216; 164; 8; 8;MVL1; -18;  25
BlockStat;28; 216; 172; 8; 4;Depth;5
BlockStat;28; 216; 172; 8; 4;QT_Depth;3
BlockStat;28; 216; 172; 8; 4;BT_Depth;3
BlockStat;28; 216; 172; 8; 4;MT_Depth;2
BlockStat;28; 216; 172; 8; 4;ChromaQPAdj;0
BlockStat;28; 216; 172; 8; 4;QP;38
BlockStat;28; 216; 172; 8; 4;SplitSeries;4293665
BlockStat;28; 216; 172; 8; 4;SkipFlag;0
BlockStat;28; 216; 172; 8; 4;PredMode;0
BlockStat;28; 216; 172; 8; 4;MergeFlag;1
BlockStat;28; 216; 172; 8; 4;MergeIdx;1
BlockStat;28; 216; 172; 8; 4;MergeType;0
BlockStat;28; 216; 172; 8; 4;MMVDMergeFlag;0
BlockStat;28; 216; 172; 8; 4;MVPIdxL0;255
BlockStat;28; 216; 172; 8; 4;RefIdxL0;0
BlockStat;28; 216; 172; 8; 4;MVDL0;   0;   0
BlockStat;28; 216; 172; 8; 4;MVL0; -17;  24
BlockStat;28; 216; 172; 8; 4;Cbf_Y;1
BlockStat;28; 216; 172; 8; 4;TransformSkipFlag_Y;0
BlockStat;28; 216; 172; 8; 4;Cbf_Cb;0
BlockStat;28; 216; 172; 8; 4;Cbf_Cr;0
BlockStat;28; 192; 176; 8;16;Depth;4
BlockStat;28; 192; 176; 8;16;QT_Depth;3
BlockStat;28; 192; 176; 8;16;BT_Depth;1
BlockStat;28; 192; 176; 8;16;MT_Depth;1
BlockStat;28; 192; 176; 8;16;ChromaQPAdj;0
BlockStat;28; 192; 176; 8;16;QP;38
BlockStat;28; 192; 176; 8;16;SplitSeries;99361
BlockStat;28; 192; 176; 8;16;SkipFlag;0
BlockStat;28; 192; 176; 8;16;PredMode;1
BlockStat;28; 192; 176; 8;16;Luma_IntraMode;1
BlockStat;28; 192; 176; 8;16;Chroma_IntraMode;1
BlockStat;28; 192; 176; 8;16;MultiRefIdx;1
BlockStat;28; 192; 176; 8;16;Cbf_Y;0
BlockStat;28; 192; 176; 8;16;TransformSkipFlag_Y;0
BlockStat;28; 192; 176; 8;16;Cbf_Cb;0
BlockStat;28; 192; 176; 8;16;Cbf_Cr;0
BlockStat;28; 200; 176; 8;16;Depth;4
BlockStat;28; 200; 176; 8;16;QT_Depth;3
BlockStat;28; 200; 176; 8;16;BT_Depth;1
BlockStat;28; 200; 176; 8;16;MT_Depth;1
BlockStat;28; 200; 176; 8;16;ChromaQPAdj;0
BlockStat;28; 200; 176; 8;16;QP;38
BlockStat;28; 200; 176; 8;16;SplitSeries;99361
BlockStat;28; 200; 176; 8;16;SkipFlag;0
BlockStat;28; 200; 176; 8;16;PredMode;0
BlockStat;28; 200; 176; 8;16;MergeFlag;1
BlockStat;28; 200; 176; 8;16;MergeIdx;3
BlockStat;28; 200; 176; 8;16;MergeType;0
BlockStat;28; 200; 176; 8;16;MMVDMergeFlag;0
BlockStat;28; 200; 176; 8;16;AffineFlag;0
BlockStat;28; 200; 176; 8;16;MHIntraFlag;1
BlockStat;28; 200; 176; 8;16;Luma_IntraMode;0
BlockStat;28; 200; 176; 8;16;Chroma_IntraMode;70
BlockStat;28; 200; 176; 8;16;MVPIdxL0;255
BlockStat;28; 200; 176; 8;16;RefIdxL0;0
BlockStat;28; 200; 176; 8;16;MVDL0;   0;   0
BlockStat;28; 200; 176; 8;16;MVL0; -17;  24
BlockStat;28; 200; 176; 8;16;Cbf_Y;1
BlockStat;28; 200; 176; 8;16;TransformSkipFlag_Y;0
BlockStat;28; 200; 176; 8;16;Cbf_Cb;0
BlockStat;28; 200; 176; 8;16;Cbf_Cr;0
BlockStat;28; 208; 176;16; 4;Depth;4
BlockStat;28; 208; 176;16; 4;QT_Depth;3
BlockStat;28; 208; 176;16; 4;BT_Depth;2
BlockStat;28; 208; 176;16; 4;MT_Depth;1
BlockStat;28; 208; 176;16; 4;ChromaQPAdj;0
BlockStat;28; 208; 176;16; 4;QP;38
BlockStat;28; 208; 176;16; 4;SplitSeries;132129
BlockStat;28; 208; 176;16; 4;SkipFlag;0
BlockStat;28; 208; 176;16; 4;PredMode;0
BlockStat;28; 208; 176;16; 4;MergeFlag;1
BlockStat;28; 208; 176;16; 4;MergeIdx;2
BlockStat;28; 208; 176;16; 4;MergeType;0
BlockStat;28; 208; 176;16; 4;MMVDMergeFlag;0
BlockStat;28; 208; 176;16; 4;MHIntraFlag;1
BlockStat;28; 208; 176;16; 4;Luma_IntraMode;0
BlockStat;28; 208; 176;16; 4;Chroma_IntraMode;70
BlockStat;28; 208; 176;16; 4;MVPIdxL0;255
BlockStat;28; 208; 176;16; 4;RefIdxL0;0
BlockStat;28; 208; 176;16; 4;MVPIdxL1;255
BlockStat;28; 208; 176;16; 4;RefIdxL1;0
BlockStat;28; 208; 176;16; 4;MVDL0;   0;   0
BlockStat;28; 208; 176;16; 4;MVL0; -17;  24
BlockStat;28; 208; 176;16; 4;MVDL1;   0;   0
BlockStat;28; 208; 176;16; 4;MVL1; -18;  25
BlockStat;28; 208; 176;16; 4;Cbf_Y;1
BlockStat;28; 208; 176;16; 4;TransformSkipFlag_Y;0
BlockStat;28; 208; 176;16; 4;Cbf_Cb;0
BlockStat;28; 208; 176;16; 4;Cbf_Cr;0
BlockStat;28; 208; 180; 8; 8;Depth;5
BlockStat;28; 208; 180; 8; 8;QT_Depth;3
BlockStat;28; 208; 180; 8; 8;BT_Depth;2
BlockStat;28; 208; 180; 8; 8;MT_Depth;2
BlockStat;28; 208; 180; 8; 8;ChromaQPAdj;0
BlockStat;28; 208; 180; 8; 8;QP;38
BlockStat;28; 208; 180; 8; 8;SplitSeries;3277857
BlockStat;28; 208; 180; 8; 8;SkipFlag;1
BlockStat;28; 208; 180; 8; 8;MMVDSkipFlag;0
BlockStat;28; 208; 180; 8; 8;PredMode;0
BlockStat;28; 208; 180; 8; 8;MergeIdx;0
BlockStat;28; 208; 180; 8; 8;MergeType;0
BlockStat;28; 208; 180; 8; 8;MMVDMergeFlag;0
BlockStat;28; 208; 180; 8; 8;AffineFlag;0
BlockStat;28; 208; 180; 8; 8;MVPIdxL0;255
BlockStat;28; 208; 180; 8; 8;RefIdxL0;0
BlockStat;28; 208; 180; 8; 8;MVDL0;   0;   0
BlockStat;28; 208; 180; 8; 8;MVL0; -17;  24
BlockStat;28; 216; 180; 8; 8;Depth;5
BlockStat;28; 216; 180; 8; 8;QT_Depth;3
BlockStat;28; 216; 180; 8; 8;BT_Depth;2
BlockStat;28; 216; 180; 8; 8;MT_Depth;2
BlockStat;28; 216; 180; 8; 8;ChromaQPAdj;0
BlockStat;28; 216; 180; 8; 8;QP;38
BlockStat;28; 216; 180; 8; 8;SplitSeries;3277857
BlockStat;28; 216; 180; 8; 8;SkipFlag;0
BlockStat;28; 216; 180; 8; 8;PredMode;0
BlockStat;28; 216; 180; 8; 8;MergeFlag;0
BlockStat;28; 216; 180; 8; 8;InterDir;1
BlockStat;28; 216; 180; 8; 8;MVPIdxL0;0
BlockStat;28; 216; 180; 8; 8;RefIdxL0;0
BlockStat;28; 216; 180; 8; 8;MVDL0; 420;-356
BlockStat;28; 216; 180; 8; 8;MVL0; 404;-332
BlockStat;28; 216; 180; 8; 8;IMVMode;1
BlockStat;28; 216; 180; 8; 8;RootCbf;0
BlockStat;28; 208; 188;16; 4;Depth;4
BlockStat;28; 208; 188;16; 4;QT_Depth;3
BlockStat;28; 208; 188;16; 4;BT_Depth;2
BlockStat;28; 208; 188;16; 4;MT_Depth;1
BlockStat;28; 208; 188;16; 4;ChromaQPAdj;0
BlockStat;28; 208; 188;16; 4;QP;38
BlockStat;28; 208; 188;16; 4;SplitSeries;132129
BlockStat;28; 208; 188;16; 4;SkipFlag;0
BlockStat;28; 208; 188;16; 4;PredMode;0
BlockStat;28; 208; 188;16; 4;MergeFlag;0
BlockStat;28; 208; 188;16; 4;InterDir;1
BlockStat;28; 208; 188;16; 4;MVPIdxL0;1
BlockStat;28; 208; 188;16; 4;RefIdxL0;0
BlockStat;28; 208; 188;16; 4;MVDL0; -28;  28
BlockStat;28; 208; 188;16; 4;MVL0; 376;-304
BlockStat;28; 208; 188;16; 4;IMVMode;1
BlockStat;28; 208; 188;16; 4;RootCbf;0
BlockStat;28; 224; 160;16; 8;Depth;5
BlockStat;28; 224; 160;16; 8;QT_Depth;2
BlockStat;28; 224; 160;16; 8;BT_Depth;3
BlockStat;28; 224; 160;16; 8;MT_Depth;3
BlockStat;28; 224; 160;16; 8;ChromaQPAdj;0
BlockStat;28; 224; 160;16; 8;QP;38
BlockStat;28; 224; 160;16; 8;SplitSeries;2165793
BlockStat;28; 224; 160;16; 8;SkipFlag;1
BlockStat;28; 224; 160;16; 8;MMVDSkipFlag;0
BlockStat;28; 224; 160;16; 8;PredMode;0
BlockStat;28; 224; 160;16; 8;MergeIdx;0
BlockStat;28; 224; 160;16; 8;MergeType;0
BlockStat;28; 224; 160;16; 8;MMVDMergeFlag;0
BlockStat;28; 224; 160;16; 8;AffineFlag;0
BlockStat;28; 224; 160;16; 8;MVPIdxL0;255
BlockStat;28; 224; 160;16; 8;RefIdxL0;0
BlockStat;28; 224; 160;16; 8;MVPIdxL1;255
BlockStat;28; 224; 160;16; 8;RefIdxL1;0
BlockStat;28; 224; 160;16; 8;MVDL0;   0;   0
BlockStat;28; 224; 160;16; 8;MVL0; -17;  24
BlockStat;28; 224; 160;16; 8;MVDL1;   0;   0
BlockStat;28; 224; 160;16; 8;MVL1; -18;  25
BlockStat;28; 224; 168;16; 8;Depth;5
BlockStat;28; 224; 168;16; 8;QT_Depth;2
BlockStat;28; 224; 168;16; 8;BT_Depth;3
BlockStat;28; 224; 168;16; 8;MT_Depth;3
BlockStat;28; 224; 168;16; 8;ChromaQPAdj;0
BlockStat;28; 224; 168;16; 8;QP;38
BlockStat;28; 224; 168;16; 8;SplitSeries;2165793
BlockStat;28; 224; 168;16; 8;SkipFlag;0
BlockStat;28; 224; 168;16; 8;PredMode;0
BlockStat;28; 224; 168;16; 8;MergeFlag;1
BlockStat;28; 224; 168;16; 8;MergeIdx;3
BlockStat;28; 224; 168;16; 8;MergeType;0
BlockStat;28; 224; 168;16; 8;MMVDMergeFlag;0
BlockStat;28; 224; 168;16; 8;AffineFlag;0
BlockStat;28; 224; 168;16; 8;MHIntraFlag;0
BlockStat;28; 224; 168;16; 8;MVPIdxL0;255
BlockStat;28; 224; 168;16; 8;RefIdxL0;0
BlockStat: POC 28 @( 224, 168) [16x 8] TrianglePartitioning={   0,   8,  16,   0}
BlockStat: POC 28 @[(224, 168)--(240, 168)--(224, 176)--] TriangleMVL1={ -18,  25}
BlockStat: POC 28 @[(240, 168)--(224, 176)--(240, 176)--] TriangleMVL0={ 376,-304}
BlockStat;28; 224; 168;16; 8;Cbf_Y;1
BlockStat;28; 224; 168;16; 8;TransformSkipFlag_Y;0
BlockStat;28; 224; 168;16; 8;Cbf_Cb;0
BlockStat;28; 224; 168;16; 8;Cbf_Cr;0
BlockStat;28; 224; 176;16;16;Depth;4
BlockStat;28; 224; 176;16;16;QT_Depth;2
BlockStat;28; 224; 176;16;16;BT_Depth;2
BlockStat;28; 224; 176;16;16;MT_Depth;2
BlockStat;28; 224; 176;16;16;ChromaQPAdj;0
BlockStat;28; 224; 176;16;16;QP;38
BlockStat;28; 224; 176;16;16;SplitSeries;68641
BlockStat;28; 224; 176;16;16;SkipFlag;0
BlockStat;28; 224; 176;16;16;PredMode;1
BlockStat;28; 224; 176;16;16;Luma_IntraMode;3
BlockStat;28; 224; 176;16;16;Chroma_IntraMode;3
BlockStat;28; 224; 176;16;16;MultiRefIdx;0
BlockStat;28; 224; 176;16;16;Cbf_Y;1
BlockStat;28; 224; 176;16;16;TransformSkipFlag_Y;0
BlockStat;28; 224; 176;16;16;Cbf_Cb;0
BlockStat;28; 224; 176;16;16;Cbf_Cr;0
BlockStat;28; 240; 160; 8; 8;Depth;5
BlockStat;28; 240; 160; 8; 8;QT_Depth;2
BlockStat;28; 240; 160; 8; 8;BT_Depth;4
BlockStat;28; 240; 160; 8; 8;MT_Depth;3
BlockStat;28; 240; 160; 8; 8;ChromaQPAdj;0
BlockStat;28; 240; 160; 8; 8;QP;38
BlockStat;28; 240; 160; 8; 8;SplitSeries;4295713
BlockStat;28; 240; 160; 8; 8;SkipFlag;0
BlockStat;28; 240; 160; 8; 8;PredMode;0
BlockStat;28; 240; 160; 8; 8;MergeFlag;1
BlockStat;28; 240; 160; 8; 8;MergeIdx;1
BlockStat;28; 240; 160; 8; 8;MergeType;0
BlockStat;28; 240; 160; 8; 8;MMVDMergeFlag;0
BlockStat;28; 240; 160; 8; 8;AffineFlag;0
BlockStat;28; 240; 160; 8; 8;MHIntraFlag;1
BlockStat;28; 240; 160; 8; 8;Luma_IntraMode;0
BlockStat;28; 240; 160; 8; 8;Chroma_IntraMode;70
BlockStat;28; 240; 160; 8; 8;MVPIdxL0;255
BlockStat;28; 240; 160; 8; 8;RefIdxL0;0
BlockStat;28; 240; 160; 8; 8;MVPIdxL1;255
BlockStat;28; 240; 160; 8; 8;RefIdxL1;0
BlockStat;28; 240; 160; 8; 8;MVDL0;   0;   0
BlockStat;28; 240; 160; 8; 8;MVL0; 376;-304
BlockStat;28; 240; 160; 8; 8;MVDL1;   0;   0
BlockStat;28; 240; 160; 8; 8;MVL1; -18;  25
BlockStat;28; 240; 160; 8; 8;Cbf_Y;1
BlockStat;28; 240; 160; 8; 8;TransformSkipFlag_Y;0
BlockStat;28; 240; 160; 8; 8;Cbf_Cb;0
BlockStat;28; 240; 160; 8; 8;Cbf_Cr;0
BlockStat;28; 240; 168; 8;16;Depth;5
BlockStat;28; 240; 168; 8;16;QT_Depth;2
BlockStat;28; 240; 168; 8;16;BT_Depth;3
BlockStat;28; 240; 168; 8;16;MT_Depth;3
BlockStat;28; 240; 168; 8;16;ChromaQPAdj;0
BlockStat;28; 240; 168; 8;16;QP;38
BlockStat;28; 240; 168; 8;16;SplitSeries;4295713
BlockStat;28; 240; 168; 8;16;SkipFlag;0
BlockStat;28; 240; 168; 8;16;PredMode;1
BlockStat;28; 240; 168; 8;16;Luma_IntraMode;5
BlockStat;28; 240; 168; 8;16;Chroma_IntraMode;5
BlockStat;28; 240; 168; 8;16;MultiRefIdx;3
BlockStat;28; 240; 168; 8;16;Cbf_Y;0
BlockStat;28; 240; 168; 8;16;TransformSkipFlag_Y;0
BlockStat;28; 240; 168; 8;16;Cbf_Cb;0
BlockStat;28; 240; 168; 8;16;Cbf_Cr;0
BlockStat;28; 240; 184; 8; 8;Depth;5
BlockStat;28; 240; 184; 8; 8;QT_Depth;2
BlockStat;28; 240; 184; 8; 8;BT_Depth;4
BlockStat;28; 240; 184; 8; 8;MT_Depth;3
BlockStat;28; 240; 184; 8; 8;ChromaQPAdj;0
BlockStat;28; 240; 184; 8; 8;QP;38
BlockStat;28; 240; 184; 8; 8;SplitSeries;4295713
BlockStat;28; 240; 184; 8; 8;SkipFlag;1
BlockStat;28; 240; 184; 8; 8;MMVDSkipFlag;0
BlockStat;28; 240; 184; 8; 8;PredMode;0
BlockStat;28; 240; 184; 8; 8;MergeIdx;3
BlockStat;28; 240; 184; 8; 8;MergeType;0
BlockStat;28; 240; 184; 8; 8;MMVDMergeFlag;0
BlockStat;28; 240; 184; 8; 8;AffineFlag;0
BlockStat;28; 240; 184; 8; 8;MVPIdxL0;255
BlockStat;28; 240; 184; 8; 8;RefIdxL0;0
BlockStat;28; 240; 184; 8; 8;MVDL0;   0;   0
BlockStat;28; 240; 184; 8; 8;MVL0; 404;-332
BlockStat;28; 248; 160; 8;32;Depth;4
BlockStat;28; 248; 160; 8;32;QT_Depth;2
BlockStat;28; 248; 160; 8;32;BT_Depth;2
BlockStat;28; 248; 160; 8;32;MT_Depth;2
BlockStat;28; 248; 160; 8;32;ChromaQPAdj;0
BlockStat;28; 248; 160; 8;32;QP;38
BlockStat;28; 248; 160; 8;32;SplitSeries;101409
BlockStat;28; 248; 160; 8;32;SkipFlag;0
BlockStat;28; 248; 160; 8;32;PredMode;0
BlockStat;28; 248; 160; 8;32;MergeFlag;0
BlockStat;28; 248; 160; 8;32;InterDir;1
BlockStat;28; 248; 160; 8;32;MVPIdxL0;0
BlockStat;28; 248; 160; 8;32;RefIdxL0;0
BlockStat;28; 248; 160; 8;32;MVDL0; -10;  -2
BlockStat;28; 248; 160; 8;32;MVL0; 394;-334
BlockStat;28; 248; 160; 8;32;IMVMode;3
BlockStat;28; 248; 160; 8;32;RootCbf;0
BlockStat;28; 128; 192;16;32;Depth;3
BlockStat;28; 128; 192;16;32;QT_Depth;2
BlockStat;28; 128; 192;16;32;BT_Depth;1
BlockStat;28; 128; 192;16;32;MT_Depth;1
BlockStat;28; 128; 192;16;32;ChromaQPAdj;0
BlockStat;28; 128; 192;16;32;QP;38
BlockStat;28; 128; 192;16;32;SplitSeries;3105
BlockStat;28; 128; 192;16;32;SkipFlag;0
BlockStat;28; 128; 192;16;32;PredMode;0
BlockStat;28; 128; 192;16;32;MergeFlag;0
BlockStat;28; 128; 192;16;32;InterDir;1
BlockStat;28; 128; 192;16;32;AffineFlag;1
BlockStat;28; 128; 192;16;32;AffineType;1
BlockStat;28; 128; 192;16;32;MVPIdxL0;0
BlockStat;28; 128; 192;16;32;RefIdxL0;0
BlockStat;28; 128; 192;16;32;AffineMVL0; 183;  20; 168;  29; 197;  -9
BlockStat;28; 128; 192;16;32;RootCbf;1
BlockStat;28; 128; 192;16;32;Cbf_Y;1
BlockStat;28; 128; 192;16;32;TransformSkipFlag_Y;0
BlockStat;28; 128; 192;16;32;Cbf_Cb;0
BlockStat;28; 128; 192;16;32;Cbf_Cr;0
BlockStat;28; 144; 192; 8; 8;Depth;5
BlockStat;28; 144; 192; 8; 8;QT_Depth;2
BlockStat;28; 144; 192; 8; 8;BT_Depth;4
BlockStat;28; 144; 192; 8; 8;MT_Depth;3
BlockStat;28; 144; 192; 8; 8;ChromaQPAdj;0
BlockStat;28; 144; 192; 8; 8;QP;38
BlockStat;28; 144; 192; 8; 8;SplitSeries;3279905
BlockStat;28; 144; 192; 8; 8;SkipFlag;0
BlockStat;28; 144; 192; 8; 8;PredMode;0
BlockStat;28; 144; 192; 8; 8;MergeFlag;1
BlockStat;28; 144; 192; 8; 8;MergeIdx;1
BlockStat;28; 144; 192; 8; 8;MergeType;0
BlockStat;28; 144; 192; 8; 8;MMVDMergeFlag;0
BlockStat;28; 144; 192; 8; 8;AffineFlag;0
BlockStat;28; 144; 192; 8; 8;MHIntraFlag;0
BlockStat;28; 144; 192; 8; 8;MVPIdxL0;255
BlockStat;28; 144; 192; 8; 8;RefIdxL0;0
BlockStat;28; 144; 192; 8; 8;MVPIdxL1;255
BlockStat;28; 144; 192; 8; 8;RefIdxL1;0
BlockStat;28; 144; 192; 8; 8;MVDL0;   0;   0
BlockStat;28; 144; 192; 8; 8;MVL0; 184;   4
BlockStat;28; 144; 192; 8; 8;MVDL1;   0;   0
BlockStat;28; 144; 192; 8; 8;MVL1; 188;   4
BlockStat;28; 144; 192; 4; 8;Cbf_Y;0
BlockStat;28; 144; 192; 4; 8;TransformSkipFlag_Y;0
BlockStat;28; 144; 192; 4; 8;Cbf_Cb;0
BlockStat;28; 144; 192; 4; 8;Cbf_Cr;0
BlockStat;28; 148; 192; 4; 8;Cbf_Y;2
BlockStat;28; 148; 192; 4; 8;TransformSkipFlag_Y;0
BlockStat;28; 148; 192; 4; 8;Cbf_Cb;0
BlockStat;28; 148; 192; 4; 8;Cbf_Cr;0
BlockStat;28; 152; 192; 8; 8;Depth;5
BlockStat;28; 152; 192; 8; 8;QT_Depth;2
BlockStat;28; 152; 192; 8; 8;BT_Depth;4
BlockStat;28; 152; 192; 8; 8;MT_Depth;3
BlockStat;28; 152; 192; 8; 8;ChromaQPAdj;0
BlockStat;28; 152; 192; 8; 8;QP;38
BlockStat;28; 152; 192; 8; 8;SplitSeries;3279905
BlockStat;28; 152; 192; 8; 8;SkipFlag;0
BlockStat;28; 152; 192; 8; 8;PredMode;1
BlockStat;28; 152; 192; 8; 8;Luma_IntraMode;1
BlockStat;28; 152; 192; 8; 8;Chroma_IntraMode;1
BlockStat;28; 152; 192; 8; 8;MultiRefIdx;0
BlockStat;28; 152; 192; 8; 8;Cbf_Y;1
BlockStat;28; 152; 192; 8; 8;TransformSkipFlag_Y;0
BlockStat;28; 152; 192; 8; 8;Cbf_Cb;0
BlockStat;28; 152; 192; 8; 8;Cbf_Cr;0
BlockStat;28; 144; 200; 8;16;Depth;5
BlockStat;28; 144; 200; 8;16;QT_Depth;2
BlockStat;28; 144; 200; 8;16;BT_Depth;3
BlockStat;28; 144; 200; 8;16;MT_Depth;3
BlockStat;28; 144; 200; 8;16;ChromaQPAdj;0
BlockStat;28; 144; 200; 8;16;QP;38
BlockStat;28; 144; 200; 8;16;SplitSeries;3279905
BlockStat;28; 144; 200; 8;16;SkipFlag;0
BlockStat;28; 144; 200; 8;16;PredMode;1
BlockStat;28; 144; 200; 8;16;Luma_IntraMode;61
BlockStat;28; 144; 200; 8;16;Chroma_IntraMode;61
BlockStat;28; 144; 200; 8;16;MultiRefIdx;0
BlockStat;28; 144; 200; 8;16;Cbf_Y;1
BlockStat;28; 144; 200; 8;16;TransformSkipFlag_Y;2
BlockStat;28; 144; 200; 8;16;Cbf_Cb;0
BlockStat;28; 144; 200; 8;16;Cbf_Cr;0
BlockStat;28; 152; 200; 8;16;Depth;5
BlockStat;28; 152; 200; 8;16;QT_Depth;2
BlockStat;28; 152; 200; 8;16;BT_Depth;3
BlockStat;28; 152; 200; 8;16;MT_Depth;3
BlockStat;28; 152; 200; 8;16;ChromaQPAdj;0
BlockStat;28; 152; 200; 8;16;QP;38
BlockStat;28; 152; 200; 8;16;SplitSeries;3279905
BlockStat;28; 152; 200; 8;16;SkipFlag;0
BlockStat;28; 152; 200; 8;16;PredMode;1
BlockStat;28; 152; 200; 8;16;Luma_IntraMode;61
BlockStat;28; 152; 200; 8;16;Chroma_IntraMode;61
BlockStat;28; 152; 200; 8;16;MultiRefIdx;0
BlockStat;28; 152; 200; 8;16;Cbf_Y;1
BlockStat;28; 152; 200; 8;16;TransformSkipFlag_Y;1
BlockStat;28; 152; 200; 8;16;Cbf_Cb;0
BlockStat;28; 152; 200; 8;16;Cbf_Cr;0
BlockStat;28; 144; 216;16; 8;Depth;4
BlockStat;28; 144; 216;16; 8;QT_Depth;2
BlockStat;28; 144; 216;16; 8;BT_Depth;3
BlockStat;28; 144; 216;16; 8;MT_Depth;2
BlockStat;28; 144; 216;16; 8;ChromaQPAdj;0
BlockStat;28; 144; 216;16; 8;QP;38
BlockStat;28; 144; 216;16; 8;SplitSeries;134177
BlockStat;28; 144; 216;16; 8;SkipFlag;0
BlockStat;28; 144; 216;16; 8;PredMode;1
BlockStat;28; 144; 216;16; 8;Luma_IntraMode;0
BlockStat;28; 144; 216;16; 8;Chroma_IntraMode;66
BlockStat;28; 144; 216;16; 8;MultiRefIdx;0
BlockStat;28; 144; 216;16; 8;Cbf_Y;0
BlockStat;28; 144; 216;16; 8;TransformSkipFlag_Y;0
BlockStat;28; 144; 216;16; 8;Cbf_Cb;0
BlockStat;28; 144; 216;16; 8;Cbf_Cr;0
BlockStat;28; 160; 192;16; 8;Depth;5
BlockStat;28; 160; 192;16; 8;QT_Depth;2
BlockStat;28; 160; 192;16; 8;BT_Depth;3
BlockStat;28; 160; 192;16; 8;MT_Depth;3
BlockStat;28; 160; 192;16; 8;ChromaQPAdj;0
BlockStat;28; 160; 192;16; 8;QP;38
BlockStat;28; 160; 192;16; 8;SplitSeries;2165793
BlockStat;28; 160; 192;16; 8;SkipFlag;0
BlockStat;28; 160; 192;16; 8;PredMode;1
BlockStat;28; 160; 192;16; 8;Luma_IntraMode;1
BlockStat;28; 160; 192;16; 8;Chroma_IntraMode;1
BlockStat;28; 160; 192;16; 8;MultiRefIdx;0
BlockStat;28; 160; 192;16; 8;Cbf_Y;1
BlockStat;28; 160; 192;16; 8;TransformSkipFlag_Y;0
BlockStat;28; 160; 192;16; 8;Cbf_Cb;0
BlockStat;28; 160; 192;16; 8;Cbf_Cr;0
BlockStat;28; 160; 200;16; 8;Depth;5
BlockStat;28; 160; 200;16; 8;QT_Depth;2
BlockStat;28; 160; 200;16; 8;BT_Depth;3
BlockStat;28; 160; 200;16; 8;MT_Depth;3
BlockStat;28; 160; 200;16; 8;ChromaQPAdj;0
BlockStat;28; 160; 200;16; 8;QP;38
BlockStat;28; 160; 200;16; 8;SplitSeries;2165793
BlockStat;28; 160; 200;16; 8;SkipFlag;0
BlockStat;28; 160; 200;16; 8;PredMode;1
BlockStat;28; 160; 200;16; 8;Luma_IntraMode;0
BlockStat;28; 160; 200;16; 8;Chroma_IntraMode;0
BlockStat;28; 160; 200;16; 8;MultiRefIdx;0
BlockStat;28; 160; 200;16; 8;Cbf_Y;1
BlockStat;28; 160; 200;16; 8;TransformSkipFlag_Y;0
BlockStat;28; 160; 200;16; 8;Cbf_Cb;0
BlockStat;28; 160; 200;16; 8;Cbf_Cr;0
BlockStat;28; 160; 208; 4;16;Depth;5
BlockStat;28; 160; 208; 4;16;QT_Depth;2
BlockStat;28; 160; 208; 4;16;BT_Depth;4
BlockStat;28; 160; 208; 4;16;MT_Depth;3
BlockStat;28; 160; 208; 4;16;ChromaQPAdj;0
BlockStat;28; 160; 208; 4;16;QP;38
BlockStat;28; 160; 208; 4;16;SplitSeries;5311521
BlockStat;28; 160; 208; 4;16;SkipFlag;0
BlockStat;28; 160; 208; 4;16;PredMode;1
BlockStat;28; 160; 208; 4;16;Luma_IntraMode;1
BlockStat;28; 160; 208; 4;16;Chroma_IntraMode;1
BlockStat;28; 160; 208; 4;16;MultiRefIdx;3
BlockStat;28; 160; 208; 4;16;Cbf_Y;1
BlockStat;28; 160; 208; 4;16;TransformSkipFlag_Y;0
BlockStat;28; 160; 208; 4;16;Cbf_Cb;0
BlockStat;28; 160; 208; 4;16;Cbf_Cr;0
BlockStat;28; 164; 208; 8;16;Depth;5
BlockStat;28; 164; 208; 8;16;QT_Depth;2
BlockStat;28; 164; 208; 8;16;BT_Depth;3
BlockStat;28; 164; 208; 8;16;MT_Depth;3
BlockStat;28; 164; 208; 8;16;ChromaQPAdj;0
BlockStat;28; 164; 208; 8;16;QP;38
BlockStat;28; 164; 208; 8;16;SplitSeries;5311521
BlockStat;28; 164; 208; 8;16;SkipFlag;0
BlockStat;28; 164; 208; 8;16;PredMode;0
BlockStat;28; 164; 208; 8;16;MergeFlag;1
BlockStat;28; 164; 208; 8;16;MergeIdx;14
BlockStat;28; 164; 208; 8;16;MergeType;0
BlockStat;28; 164; 208; 8;16;MMVDMergeFlag;1
BlockStat;28; 164; 208; 8;16;MMVDMergeIdx;14
BlockStat;28; 164; 208; 8;16;MVPIdxL0;255
BlockStat;28; 164; 208; 8;16;RefIdxL0;0
BlockStat;28; 164; 208; 8;16;MVPIdxL1;255
BlockStat;28; 164; 208; 8;16;RefIdxL1;0
BlockStat;28; 164; 208; 8;16;MVDL0;   0;   0
BlockStat;28; 164; 208; 8;16;MVL0; 196;  21
BlockStat;28; 164; 208; 8;16;MVDL1;   0;   0
BlockStat;28; 164; 208; 8;16;MVL1; 196;  21
BlockStat;28; 164; 208; 8;16;Cbf_Y;1
BlockStat;28; 164; 208; 8;16;TransformSkipFlag_Y;0
BlockStat;28; 164; 208; 8;16;Cbf_Cb;0
BlockStat;28; 164; 208; 8;16;Cbf_Cr;0
BlockStat;28; 172; 208; 4;16;Depth;5
BlockStat;28; 172; 208; 4;16;QT_Depth;2
BlockStat;28; 172; 208; 4;16;BT_Depth;4
BlockStat;28; 172; 208; 4;16;MT_Depth;3
BlockStat;28; 172; 208; 4;16;ChromaQPAdj;0
BlockStat;28; 172; 208; 4;16;QP;38
BlockStat;28; 172; 208; 4;16;SplitSeries;5311521
BlockStat;28; 172; 208; 4;16;SkipFlag;0
BlockStat;28; 172; 208; 4;16;PredMode;0
BlockStat;28; 172; 208; 4;16;MergeFlag;1
BlockStat;28; 172; 208; 4;16;MergeIdx;45
BlockStat;28; 172; 208; 4;16;MergeType;0
BlockStat;28; 172; 208; 4;16;MMVDMergeFlag;1
BlockStat;28; 172; 208; 4;16;MMVDMergeIdx;45
BlockStat;28; 172; 208; 4;16;MVPIdxL0;255
BlockStat;28; 172; 208; 4;16;RefIdxL0;0
BlockStat;28; 172; 208; 4;16;MVPIdxL1;255
BlockStat;28; 172; 208; 4;16;RefIdxL1;0
BlockStat;28; 172; 208; 4;16;MVDL0;   0;   0
BlockStat;28; 172; 208; 4;16;MVL0; 180;  19
BlockStat;28; 172; 208; 4;16;MVDL1;   0;   0
BlockStat;28; 172; 208; 4;16;MVL1; 180;  19
BlockStat;28; 172; 208; 4; 8;Cbf_Y;0
BlockStat;28; 172; 208; 4; 8;TransformSkipFlag_Y;0
BlockStat;28; 172; 208; 4; 8;Cbf_Cb;0
BlockStat;28; 172; 208; 4; 8;Cbf_Cr;0
BlockStat;28; 172; 216; 4; 8;Cbf_Y;2
BlockStat;28; 172; 216; 4; 8;TransformSkipFlag_Y;0
BlockStat;28; 172; 216; 4; 8;Cbf_Cb;0
BlockStat;28; 172; 216; 4; 8;Cbf_Cr;0
BlockStat;28; 176; 192;16; 4;Depth;5
BlockStat;28; 176; 192;16; 4;QT_Depth;2
BlockStat;28; 176; 192;16; 4;BT_Depth;4
BlockStat;28; 176; 192;16; 4;MT_Depth;3
BlockStat;28; 176; 192;16; 4;ChromaQPAdj;0
BlockStat;28; 176; 192;16; 4;QP;38
BlockStat;28; 176; 192;16; 4;SplitSeries;4262945
BlockStat;28; 176; 192;16; 4;SkipFlag;0
BlockStat;28; 176; 192;16; 4;PredMode;1
BlockStat;28; 176; 192;16; 4;Luma_IntraMode;1
BlockStat;28; 176; 192;16; 4;Chroma_IntraMode;1
BlockStat;28; 176; 192;16; 4;MultiRefIdx;0
BlockStat;28; 176; 192;16; 1;Cbf_Y;2
BlockStat;28; 176; 192;16; 1;TransformSkipFlag_Y;0
BlockStat;28;   0;   0; 0; 0;Cbf_Cb;0
BlockStat;28;   0;   0; 0; 0;Cbf_Cr;0
BlockStat;28; 176; 193;16; 1;Cbf_Y;0
BlockStat;28; 176; 193;16; 1;TransformSkipFlag_Y;0
BlockStat;28;   0;   0; 0; 0;Cbf_Cb;0
BlockStat;28;   0;   0; 0; 0;Cbf_Cr;0
BlockStat;28; 176; 194;16; 1;Cbf_Y;0
BlockStat;28; 176; 194;16; 1;TransformSkipFlag_Y;0
BlockStat;28;   0;   0; 0; 0;Cbf_Cb;0
BlockStat;28;   0;   0; 0; 0;Cbf_Cr;0
BlockStat;28; 176; 195;16; 1;Cbf_Y;0
BlockStat;28; 176; 195;16; 1;TransformSkipFlag_Y;0
BlockStat;28; 176; 192;16; 4;Cbf_Cb;0
BlockStat;28; 176; 192;16; 4;Cbf_Cr;0
BlockStat;28; 176; 196;16; 8;Depth;5
BlockStat;28; 176; 196;16; 8;QT_Depth;2
BlockStat;28; 176; 196;16; 8;BT_Depth;3
BlockStat;28; 176; 196;16; 8;MT_Depth;3
BlockStat;28; 176; 196;16; 8;ChromaQPAdj;0
BlockStat;28; 176; 196;16; 8;QP;38
BlockStat;28; 176; 196;16; 8;SplitSeries;4262945
BlockStat;28; 176; 196;16; 8;SkipFlag;0
BlockStat;28; 176; 196;16; 8;PredMode;1
BlockStat;28; 176; 196;16; 8;Luma_IntraMode;0
BlockStat;28; 176; 196;16; 8;Chroma_IntraMode;0
BlockStat;28; 176; 196;16; 8;MultiRefIdx;0
BlockStat;28; 176; 196;16; 2;Cbf_Y;2
BlockStat;28; 176; 196;16; 2;TransformSkipFlag_Y;0
BlockStat;28;   0;   0; 0; 0;Cbf_Cb;0
BlockStat;28;   0;   0; 0; 0;Cbf_Cr;0
BlockStat;28; 176; 198;16; 2;Cbf_Y;2
BlockStat;28; 176; 198;16; 2;TransformSkipFlag_Y;0
BlockStat;28;   0;   0; 0; 0;Cbf_Cb;0
BlockStat;28;   0;   0; 0; 0;Cbf_Cr;0
BlockStat;28; 176; 200;16; 2;Cbf_Y;2
BlockStat;28; 176; 200;16; 2;TransformSkipFlag_Y;0
BlockStat;28;   0;   0; 0; 0;Cbf_Cb;0
BlockStat;28;   0;   0; 0; 0;Cbf_Cr;0
BlockStat;28; 176; 202;16; 2;Cbf_Y;2
BlockStat;28; 176; 202;16; 2;TransformSkipFlag_Y;0
BlockStat;28; 176; 196;16; 8;Cbf_Cb;0
BlockStat;28; 176; 196;16; 8;Cbf_Cr;0
BlockStat;28; 176; 204;16; 4;Depth;5
BlockStat;28; 176; 204;16; 4;QT_Depth;2
BlockStat;28; 176; 204;16; 4;BT_Depth;4
BlockStat;28; 176; 204;16; 4;MT_Depth;3
BlockStat;28; 176; 204;16; 4;ChromaQPAdj;0
BlockStat;28; 176; 204;16; 4;QP;38
BlockStat;28; 176; 204;16; 4;SplitSeries;4262945
BlockStat;28; 176; 204;16; 4;SkipFlag;0
BlockStat;28; 176; 204;16; 4;PredMode;1
BlockStat;28; 176; 204;16; 4;Luma_IntraMode;1
BlockStat;28; 176; 204;16; 4;Chroma_IntraMode;1
BlockStat;28; 176; 204;16; 4;MultiRefIdx;3
BlockStat;28; 176; 204;16; 4;Cbf_Y;1
BlockStat;28; 176; 204;16; 4;TransformSkipFlag_Y;0
BlockStat;28; 176; 204;16; 4;Cbf_Cb;0
BlockStat;28; 176; 204;16; 4;Cbf_Cr;0
BlockStat;28; 176; 208;16; 8;Depth;5
BlockStat;28; 176; 208;16; 8;QT_Depth;2
BlockStat;28; 176; 208;16; 8;BT_Depth;3
BlockStat;28; 176; 208;16; 8;MT_Depth;3
BlockStat;28; 176; 208;16; 8;ChromaQPAdj;0
BlockStat;28; 176; 208;16; 8;QP;38
BlockStat;28; 176; 208;16; 8;SplitSeries;2165793
BlockStat;28; 176; 208;16; 8;SkipFlag;0
BlockStat;28; 176; 208;16; 8;PredMode;1
BlockStat;28; 176; 208;16; 8;Luma_IntraMode;2
BlockStat;28; 176; 208;16; 8;Chroma_IntraMode;2
BlockStat;28; 176; 208;16; 8;MultiRefIdx;0
BlockStat;28; 176; 208;16; 8;Cbf_Y;1
BlockStat;28; 176; 208;16; 8;TransformSkipFlag_Y;0
BlockStat;28; 176; 208;16; 8;Cbf_Cb;1
BlockStat;28; 176; 208;16; 8;Cbf_Cr;0
BlockStat;28; 176; 216;16; 8;Depth;5
BlockStat;28; 176; 216;16; 8;QT_Depth;2
BlockStat;28; 176; 216;16; 8;BT_Depth;3
BlockStat;28; 176; 216;16; 8;MT_Depth;3
BlockStat;28; 176; 216;16; 8;ChromaQPAdj;0
BlockStat;28; 176; 216;16; 8;QP;38
BlockStat;28; 176; 216;16; 8;SplitSeries;2165793
BlockStat;28; 176; 216;16; 8;SkipFlag;0
BlockStat;28; 176; 216;16; 8;PredMode;1
BlockStat;28; 176; 216;16; 8;Luma_IntraMode;2
BlockStat;28; 176; 216;16; 8;Chroma_IntraMode;2
BlockStat;28; 176; 216;16; 8;MultiRefIdx;1
BlockStat;28; 176; 216;16; 8;Cbf_Y;1
BlockStat;28; 176; 216;16; 8;TransformSkipFlag_Y;0
BlockStat;28; 176; 216;16; 8;Cbf_Cb;0
BlockStat;28; 176; 216;16; 8;Cbf_Cr;1
BlockStat;28; 128; 224;16;16;Depth;4
BlockStat;28; 128; 224;16;16;QT_Depth;2
BlockStat;28; 128; 224;16;16;BT_Depth;2
BlockStat;28; 128; 224;16;16;MT_Depth;2
BlockStat;28; 128; 224;16;16;ChromaQPAdj;0
BlockStat;28; 128; 224;16;16;QP;38
BlockStat;28; 128; 224;16;16;SplitSeries;68641
BlockStat;28; 128; 224;16;16;SkipFlag;0
BlockStat;28; 128; 224;16;16;PredMode;0
BlockStat;28; 128; 224;16;16;MergeFlag;0
BlockStat;28; 128; 224;16;16;InterDir;1
BlockStat;28; 128; 224;16;16;AffineFlag;0
BlockStat;28; 128; 224;16;16;MVPIdxL0;0
BlockStat;28; 128; 224;16;16;RefIdxL0;0
BlockStat;28; 128; 224;16;16;MVDL0;  -2;   6
BlockStat;28; 128; 224;16;16;MVL0; 186;   6
BlockStat;28; 128; 224;16;16;IMVMode;3
BlockStat;28; 128; 224;16;16;RootCbf;1
BlockStat;28; 128; 224; 8;16;Cbf_Y;0
BlockStat;28; 128; 224; 8;16;TransformSkipFlag_Y;0
BlockStat;28; 128; 224; 8;16;Cbf_Cb;0
BlockStat;28; 128; 224; 8;16;Cbf_Cr;0
BlockStat;28; 136; 224; 8;16;Cbf_Y;2
BlockStat;28; 136; 224; 8;16;TransformSkipFlag_Y;0
BlockStat;28; 136; 224; 8;16;Cbf_Cb;0
BlockStat;28; 136; 224; 8;16;Cbf_Cr;0
BlockStat;28; 128; 240; 4;16;Depth;5
BlockStat;28; 128; 240; 4;16;QT_Depth;2
BlockStat;28; 128; 240; 4;16;BT_Depth;4
BlockStat;28; 128; 240; 4;16;MT_Depth;3
BlockStat;28; 128; 240; 4;16;ChromaQPAdj;0
BlockStat;28; 128; 240; 4;16;QP;38
BlockStat;28; 128; 240; 4;16;SplitSeries;5311521
BlockStat;28; 128; 240; 4;16;SkipFlag;1
BlockStat;28; 128; 240; 4;16;MMVDSkipFlag;0
BlockStat;28; 128; 240; 4;16;PredMode;0
BlockStat;28; 128; 240; 4;16;MergeIdx;0
BlockStat;28; 128; 240; 4;16;MergeType;0
BlockStat;28; 128; 240; 4;16;MMVDMergeFlag;0
BlockStat;28; 128; 240; 4;16;MVPIdxL0;255
BlockStat;28; 128; 240; 4;16;RefIdxL0;1
BlockStat;28; 128; 240; 4;16;MVDL0;   0;   0
BlockStat;28; 128; 240; 4;16;MVL0; 577;  24
BlockStat;28; 132; 240; 8;16;Depth;5
BlockStat;28; 132; 240; 8;16;QT_Depth;2
BlockStat;28; 132; 240; 8;16;BT_Depth;3
BlockStat;28; 132; 240; 8;16;MT_Depth;3
BlockStat;28; 132; 240; 8;16;ChromaQPAdj;0
BlockStat;28; 132; 240; 8;16;QP;38
BlockStat;28; 132; 240; 8;16;SplitSeries;5311521
BlockStat;28; 132; 240; 8;16;SkipFlag;1
BlockStat;28; 132; 240; 8;16;MMVDSkipFlag;0
BlockStat;28; 132; 240; 8;16;PredMode;0
BlockStat;28; 132; 240; 8;16;MergeIdx;0
BlockStat;28; 132; 240; 8;16;MergeType;1
BlockStat;28; 132; 240; 8;16;MMVDMergeFlag;0
BlockStat;28; 132; 240; 8;16;AffineFlag;1
BlockStat;28; 132; 240; 8;16;MVPIdxL0;255
BlockStat;28; 132; 240; 8;16;RefIdxL0;0
BlockStat;28; 132; 240; 8;16;MVPIdxL1;255
BlockStat;28; 132; 240; 8;16;RefIdxL1;0
BlockStat;28; 132; 240; 8;16;AffineMVL0; 188;  19; 188;  19; 184;  17
BlockStat;28; 132; 240; 8;16;AffineMVL1; 188;  19; 188;  19; 184;  17
BlockStat;28; 140; 240; 4;16;Depth;5
BlockStat;28; 140; 240; 4;16;QT_Depth;2
BlockStat;28; 140; 240; 4;16;BT_Depth;4
BlockStat;28; 140; 240; 4;16;MT_Depth;3
BlockStat;28; 140; 240; 4;16;ChromaQPAdj;0
BlockStat;28; 140; 240; 4;16;QP;38
BlockStat;28; 140; 240; 4;16;SplitSeries;5311521
BlockStat;28; 140; 240; 4;16;SkipFlag;0
BlockStat;28; 140; 240; 4;16;PredMode;0
BlockStat;28; 140; 240; 4;16;MergeFlag;0
BlockStat;28; 140; 240; 4;16;InterDir;1
BlockStat;28; 140; 240; 4;16;MVPIdxL0;1
BlockStat;28; 140; 240; 4;16;RefIdxL0;0
BlockStat;28; 140; 240; 4;16;MVDL0;   6;   0
BlockStat;28; 140; 240; 4;16;MVL0; 192;   6
BlockStat;28; 140; 240; 4;16;IMVMode;3
BlockStat;28; 140; 240; 4;16;RootCbf;1
BlockStat;28; 140; 240; 4; 8;Cbf_Y;0
BlockStat;28; 140; 240; 4; 8;TransformSkipFlag_Y;0
BlockStat;28; 140; 240; 4; 8;Cbf_Cb;0
BlockStat;28; 140; 240; 4; 8;Cbf_Cr;0
BlockStat;28; 140; 248; 4; 8;Cbf_Y;2
BlockStat;28; 140; 248; 4; 8;TransformSkipFlag_Y;0
BlockStat;28; 140; 248; 4; 8;Cbf_Cb;0
BlockStat;28; 140; 248; 4; 8;Cbf_Cr;0
BlockStat;28; 144; 224;16; 8;Depth;5
BlockStat;28; 144; 224;16; 8;QT_Depth;2
BlockStat;28; 144; 224;16; 8;BT_Depth;3
BlockStat;28; 144; 224;16; 8;MT_Depth;3
BlockStat;28; 144; 224;16; 8;ChromaQPAdj;0
BlockStat;28; 144; 224;16; 8;QP;38
BlockStat;28; 144; 224;16; 8;SplitSeries;2165793
BlockStat;28; 144; 224;16; 8;SkipFlag;0
BlockStat;28; 144; 224;16; 8;PredMode;0
BlockStat;28; 144; 224;16; 8;MergeFlag;1
BlockStat;28; 144; 224;16; 8;MergeIdx;0
BlockStat;28; 144; 224;16; 8;MergeType;0
BlockStat;28; 144; 224;16; 8;MMVDMergeFlag;0
BlockStat;28; 144; 224;16; 8;AffineFlag;0
BlockStat;28; 144; 224;16; 8;MHIntraFlag;1
BlockStat;28; 144; 224;16; 8;Luma_IntraMode;0
BlockStat;28; 144; 224;16; 8;Chroma_IntraMode;70
BlockStat;28; 144; 224;16; 8;MVPIdxL0;255
BlockStat;28; 144; 224;16; 8;RefIdxL0;0
BlockStat;28; 144; 224;16; 8;MVDL0;   0;   0
BlockStat;28; 144; 224;16; 8;MVL0; 186;   6
BlockStat;28; 144; 224;16; 8;Cbf_Y;1
BlockStat;28; 144; 224;16; 8;TransformSkipFlag_Y;0
BlockStat;28; 144; 224;16; 8;Cbf_Cb;0
BlockStat;28; 144; 224;16; 8;Cbf_Cr;0
BlockStat;28; 144; 232;16; 8;Depth;5
BlockStat;28; 144; 232;16; 8;QT_Depth;2
BlockStat;28; 144; 232;16; 8;BT_Depth;3
BlockStat;28; 144; 232;16; 8;MT_Depth;3
BlockStat;28; 144; 232;16; 8;ChromaQPAdj;0
BlockStat;28; 144; 232;16; 8;QP;38
BlockStat;28; 144; 232;16; 8;SplitSeries;2165793
BlockStat;28; 144; 232;16; 8;SkipFlag;0
BlockStat;28; 144; 232;16; 8;PredMode;1
BlockStat;28; 144; 232;16; 8;Luma_IntraMode;0
BlockStat;28; 144; 232;16; 8;Chroma_IntraMode;0
BlockStat;28; 144; 232;16; 8;MultiRefIdx;0
BlockStat;28; 144; 232; 4; 8;Cbf_Y;2
BlockStat;28; 144; 232; 4; 8;TransformSkipFlag_Y;0
BlockStat;28;   0;   0; 0; 0;Cbf_Cb;0
BlockStat;28;   0;   0; 0; 0;Cbf_Cr;0
BlockStat;28; 148; 232; 4; 8;Cbf_Y;2
BlockStat;28; 148; 232; 4; 8;TransformSkipFlag_Y;0
BlockStat;28;   0;   0; 0; 0;Cbf_Cb;0
BlockStat;28;   0;   0; 0; 0;Cbf_Cr;0
BlockStat;28; 152; 232; 4; 8;Cbf_Y;2
BlockStat;28; 152; 232; 4; 8;TransformSkipFlag_Y;0
BlockStat;28;   0;   0; 0; 0;Cbf_Cb;0
BlockStat;28;   0;   0; 0; 0;Cbf_Cr;0
BlockStat;28; 156; 232; 4; 8;Cbf_Y;2
BlockStat;28; 156; 232; 4; 8;TransformSkipFlag_Y;0
BlockStat;28; 144; 232;16; 8;Cbf_Cb;0
BlockStat;28; 144; 232;16; 8;Cbf_Cr;0
BlockStat;28; 144; 240;16;16;Depth;4
BlockStat;28; 144; 240;16;16;QT_Depth;2
BlockStat;28; 144; 240;16;16;BT_Depth;2
BlockStat;28; 144; 240;16;16;MT_Depth;2
BlockStat;28; 144; 240;16;16;ChromaQPAdj;0
BlockStat;28; 144; 240;16;16;QP;38
BlockStat;28; 144; 240;16;16;SplitSeries;68641
BlockStat;28; 144; 240;16;16;SkipFlag;0
BlockStat;28; 144; 240;16;16;PredMode;1
BlockStat;28; 144; 240;16;16;Luma_IntraMode;8
BlockStat;28; 144; 240;16;16;Chroma_IntraMode;0
BlockStat;28; 144; 240;16;16;MultiRefIdx;0
BlockStat;28; 144; 240;16;16;Cbf_Y;1
BlockStat;28; 144; 240;16;16;TransformSkipFlag_Y;2
BlockStat;28; 144; 240;16;16;Cbf_Cb;0
BlockStat;28; 144; 240;16;16;Cbf_Cr;0
BlockStat;28; 160; 224; 8;16;Depth;4
BlockStat;28; 160; 224; 8;16;QT_Depth;2
BlockStat;28; 160; 224; 8;16;BT_Depth;3
BlockStat;28; 160; 224; 8;16;MT_Depth;2
BlockStat;28; 160; 224; 8;16;ChromaQPAdj;0
BlockStat;28; 160; 224; 8;16;QP;38
BlockStat;28; 160; 224; 8;16;SplitSeries;165921
BlockStat;28; 160; 224; 8;16;SkipFlag;0
BlockStat;28; 160; 224; 8;16;PredMode;1
BlockStat;28; 160; 224; 8;16;Luma_IntraMode;0
BlockStat;28; 160; 224; 8;16;Chroma_IntraMode;0
BlockStat;28; 160; 224; 8;16;MultiRefIdx;0
BlockStat;28; 160; 224; 8;16;Cbf_Y;1
BlockStat;28; 160; 224; 8;16;TransformSkipFlag_Y;2
BlockStat;28; 160; 224; 8;16;Cbf_Cb;0
BlockStat;28; 160; 224; 8;16;Cbf_Cr;0
BlockStat;28; 168; 224;16; 4;Depth;5
BlockStat;28; 168; 224;16; 4;QT_Depth;2
BlockStat;28; 168; 224;16; 4;BT_Depth;4
BlockStat;28; 168; 224;16; 4;MT_Depth;3
BlockStat;28; 168; 224;16; 4;ChromaQPAdj;0
BlockStat;28; 168; 224;16; 4;QP;38
BlockStat;28; 168; 224;16; 4;SplitSeries;4360225
BlockStat;28; 168; 224;16; 4;SkipFlag;0
BlockStat;28; 168; 224;16; 4;PredMode;1
BlockStat;28; 168; 224;16; 4;Luma_IntraMode;2
BlockStat;28; 168; 224;16; 4;Chroma_IntraMode;67
BlockStat;28; 168; 224;16; 4;MultiRefIdx;0
BlockStat;28; 168; 224;16; 4;Cbf_Y;1
BlockStat;28; 168; 224;16; 4;TransformSkipFlag_Y;0
BlockStat;28; 168; 224;16; 4;Cbf_Cb;0
BlockStat;28; 168; 224;16; 4;Cbf_Cr;0
BlockStat;28; 168; 228;16; 8;Depth;5
BlockStat;28; 168; 228;16; 8;QT_Depth;2
BlockStat;28; 168; 228;16; 8;BT_Depth;3
BlockStat;28; 168; 228;16; 8;MT_Depth;3
BlockStat;28; 168; 228;16; 8;ChromaQPAdj;0
BlockStat;28; 168; 228;16; 8;QP;38
BlockStat;28; 168; 228;16; 8;SplitSeries;4360225
BlockStat;28; 168; 228;16; 8;SkipFlag;0
BlockStat;28; 168; 228;16; 8;PredMode;1
BlockStat;28; 168; 228;16; 8;Luma_IntraMode;66
BlockStat;28; 168; 228;16; 8;Chroma_IntraMode;66
BlockStat;28; 168; 228;16; 8;MultiRefIdx;0
BlockStat;28; 168; 228;16; 8;Cbf_Y;0
BlockStat;28; 168; 228;16; 8;TransformSkipFlag_Y;0
BlockStat;28; 168; 228;16; 8;Cbf_Cb;0
BlockStat;28; 168; 228;16; 8;Cbf_Cr;0
BlockStat;28; 168; 236;16; 4;Depth;5
BlockStat;28; 168; 236;16; 4;QT_Depth;2
BlockStat;28; 168; 236;16; 4;BT_Depth;4
BlockStat;28; 168; 236;16; 4;MT_Depth;3
BlockStat;28; 168; 236;16; 4;ChromaQPAdj;0
BlockStat;28; 168; 236;16; 4;QP;38
BlockStat;28; 168; 236;16; 4;SplitSeries;4360225
BlockStat;28; 168; 236;16; 4;SkipFlag;0
BlockStat;28; 168; 236;16; 4;PredMode;1
BlockStat;28; 168; 236;16; 4;Luma_IntraMode;66
BlockStat;28; 168; 236;16; 4;Chroma_IntraMode;66
BlockStat;28; 168; 236;16; 4;MultiRefIdx;0
BlockStat;28; 168; 236; 4; 4;Cbf_Y;0
BlockStat;28; 168; 236; 4; 4;TransformSkipFlag_Y;0
BlockStat;28;   0;   0; 0; 0;Cbf_Cb;0
BlockStat;28;   0;   0; 0; 0;Cbf_Cr;0
BlockStat;28; 172; 236; 4; 4;Cbf_Y;2
BlockStat;28; 172; 236; 4; 4;TransformSkipFlag_Y;0
BlockStat;28;   0;   0; 0; 0;Cbf_Cb;0
BlockStat;28;   0;   0; 0; 0;Cbf_Cr;0
BlockStat;28; 176; 236; 4; 4;Cbf_Y;2
BlockStat;28; 176; 236; 4; 4;TransformSkipFlag_Y;0
BlockStat;28;   0;   0; 0; 0;Cbf_Cb;0
BlockStat;28;   0;   0; 0; 0;Cbf_Cr;0
BlockStat;28; 180; 236; 4; 4;Cbf_Y;2
BlockStat;28; 180; 236; 4; 4;TransformSkipFlag_Y;0
BlockStat;28; 168; 236;16; 4;Cbf_Cb;0
BlockStat;28; 168; 236;16; 4;Cbf_Cr;0
BlockStat;28; 184; 224; 8;16;Depth;4
BlockStat;28; 184; 224; 8;16;QT_Depth;2
BlockStat;28; 184; 224; 8;16;BT_Depth;3
BlockStat;28; 184; 224; 8;16;MT_Depth;2
BlockStat;28; 184; 224; 8;16;ChromaQPAdj;0
BlockStat;28; 184; 224; 8;16;QP;38
BlockStat;28; 184; 224; 8;16;SplitSeries;165921
BlockStat;28; 184; 224; 8;16;SkipFlag;0
BlockStat;28; 184; 224; 8;16;PredMode;1
BlockStat;28; 184; 224; 8;16;Luma_IntraMode;2
BlockStat;28; 184; 224; 8;16;Chroma_IntraMode;2
BlockStat;28; 184; 224; 8;16;MultiRefIdx;1
BlockStat;28; 184; 224; 8;16;Cbf_Y;1
BlockStat;28; 184; 224; 8;16;TransformSkipFlag_Y;0
BlockStat;28; 184; 224; 8;16;Cbf_Cb;0
BlockStat;28; 184; 224; 8;16;Cbf_Cr;0
BlockStat;28; 160; 240; 8;16;Depth;4
BlockStat;28; 160; 240; 8;16;QT_Depth;2
BlockStat;28; 160; 240; 8;16;BT_Depth;3
BlockStat;28; 160; 240; 8;16;MT_Depth;2
BlockStat;28; 160; 240; 8;16;ChromaQPAdj;0
BlockStat;28; 160; 240; 8;16;QP;38
BlockStat;28; 160; 240; 8;16;SplitSeries;165921
BlockStat;28; 160; 240; 8;16;SkipFlag;0
BlockStat;28; 160; 240; 8;16;PredMode;0
BlockStat;28; 160; 240; 8;16;MergeFlag;1
BlockStat;28; 160; 240; 8;16;MergeIdx;3
BlockStat;28; 160; 240; 8;16;MergeType;0
BlockStat;28; 160; 240; 8;16;MMVDMergeFlag;0
BlockStat;28; 160; 240; 8;16;AffineFlag;0
BlockStat;28; 160; 240; 8;16;MHIntraFlag;1
BlockStat;28; 160; 240; 8;16;Luma_IntraMode;0
BlockStat;28; 160; 240; 8;16;Chroma_IntraMode;70
BlockStat;28; 160; 240; 8;16;MVPIdxL0;255
BlockStat;28; 160; 240; 8;16;RefIdxL0;1
BlockStat;28; 160; 240; 8;16;MVDL0;   0;   0
BlockStat;28; 160; 240; 8;16;MVL0; 577;  24
BlockStat;28; 160; 240; 8;16;Cbf_Y;1
BlockStat;28; 160; 240; 8;16;TransformSkipFlag_Y;0
BlockStat;28; 160; 240; 8;16;Cbf_Cb;0
BlockStat;28; 160; 240; 8;16;Cbf_Cr;0
BlockStat;28; 168; 240;16; 4;Depth;5
BlockStat;28; 168; 240;16; 4;QT_Depth;2
BlockStat;28; 168; 240;16; 4;BT_Depth;4
BlockStat;28; 168; 240;16; 4;MT_Depth;3
BlockStat;28; 168; 240;16; 4;ChromaQPAdj;0
BlockStat;28; 168; 240;16; 4;QP;38
BlockStat;28; 168; 240;16; 4;SplitSeries;4360225
BlockStat;28; 168; 240;16; 4;SkipFlag;0
BlockStat;28; 168; 240;16; 4;PredMode;1
BlockStat;28; 168; 240;16; 4;Luma_IntraMode;4
BlockStat;28; 168; 240;16; 4;Chroma_IntraMode;67
BlockStat;28; 168; 240;16; 4;MultiRefIdx;0
BlockStat;28; 168; 240;16; 4;Cbf_Y;1
BlockStat;28; 168; 240;16; 4;TransformSkipFlag_Y;2
BlockStat;28; 168; 240;16; 4;Cbf_Cb;0
BlockStat;28; 168; 240;16; 4;Cbf_Cr;0
BlockStat;28; 168; 244;16; 8;Depth;5
BlockStat;28; 168; 244;16; 8;QT_Depth;2
BlockStat;28; 168; 244;16; 8;BT_Depth;3
BlockStat;28; 168; 244;16; 8;MT_Depth;3
BlockStat;28; 168; 244;16; 8;ChromaQPAdj;0
BlockStat;28; 168; 244;16; 8;QP;38
BlockStat;28; 168; 244;16; 8;SplitSeries;4360225
BlockStat;28; 168; 244;16; 8;SkipFlag;0
BlockStat;28; 168; 244;16; 8;PredMode;1
BlockStat;28; 168; 244;16; 8;Luma_IntraMode;4
BlockStat;28; 168; 244;16; 8;Chroma_IntraMode;4
BlockStat;28; 168; 244;16; 8;MultiRefIdx;0
BlockStat;28; 168; 244;16; 8;Cbf_Y;1
BlockStat;28; 168; 244;16; 8;TransformSkipFlag_Y;2
BlockStat;28; 168; 244;16; 8;Cbf_Cb;0
BlockStat;28; 168; 244;16; 8;Cbf_Cr;0
BlockStat;28; 168; 252;16; 4;Depth;5
BlockStat;28; 168; 252;16; 4;QT_Depth;2
BlockStat;28; 168; 252;16; 4;BT_Depth;4
BlockStat;28; 168; 252;16; 4;MT_Depth;3
BlockStat;28; 168; 252;16; 4;ChromaQPAdj;0
BlockStat;28; 168; 252;16; 4;QP;38
BlockStat;28; 168; 252;16; 4;SplitSeries;4360225
BlockStat;28; 168; 252;16; 4;SkipFlag;0
BlockStat;28; 168; 252;16; 4;PredMode;0
BlockStat;28; 168; 252;16; 4;MergeFlag;1
BlockStat;28; 168; 252;16; 4;MergeIdx;1
BlockStat;28; 168; 252;16; 4;MergeType;0
BlockStat;28; 168; 252;16; 4;MMVDMergeFlag;0
BlockStat;28; 168; 252;16; 4;MHIntraFlag;1
BlockStat;28; 168; 252;16; 4;Luma_IntraMode;0
BlockStat;28; 168; 252;16; 4;Chroma_IntraMode;70
BlockStat;28; 168; 252;16; 4;MVPIdxL0;255
BlockStat;28; 168; 252;16; 4;RefIdxL0;0
BlockStat;28; 168; 252;16; 4;MVDL0;   0;   0
BlockStat;28; 168; 252;16; 4;MVL0; 186;   6
BlockStat;28; 168; 252;16; 4;Cbf_Y;1
BlockStat;28; 168; 252;16; 4;TransformSkipFlag_Y;0
BlockStat;28; 168; 252;16; 4;Cbf_Cb;0
BlockStat;28; 168; 252;16; 4;Cbf_Cr;0
BlockStat;28; 184; 240; 8;16;Depth;4
BlockStat;28; 184; 240; 8;16;QT_Depth;2
BlockStat;28; 184; 240; 8;16;BT_Depth;3
BlockStat;28; 184; 240; 8;16;MT_Depth;2
BlockStat;28; 184; 240; 8;16;ChromaQPAdj;0
BlockStat;28; 184; 240; 8;16;QP;38
BlockStat;28; 184; 240; 8;16;SplitSeries;165921
BlockStat;28; 184; 240; 8;16;SkipFlag;0
BlockStat;28; 184; 240; 8;16;PredMode;1
BlockStat;28; 184; 240; 8;16;Luma_IntraMode;2
BlockStat;28; 184; 240; 8;16;Chroma_IntraMode;2
BlockStat;28; 184; 240; 8;16;MultiRefIdx;0
BlockStat;28; 184; 240; 8;16;Cbf_Y;1
BlockStat;28; 184; 240; 8;16;TransformSkipFlag_Y;0
BlockStat;28; 184; 240; 8;16;Cbf_Cb;1
BlockStat;28; 184; 240; 8;16;Cbf_Cr;0
BlockStat;28; 192; 192;16; 8;Depth;5
BlockStat;28; 192; 192;16; 8;QT_Depth;2
BlockStat;28; 192; 192;16; 8;BT_Depth;3
BlockStat;28; 192; 192;16; 8;MT_Depth;3
BlockStat;28; 192; 192;16; 8;ChromaQPAdj;0
BlockStat;28; 192; 192;16; 8;QP;38
BlockStat;28; 192; 192;16; 8;SplitSeries;3213345
BlockStat;28; 192; 192;16; 8;SkipFlag;0
BlockStat;28; 192; 192;16; 8;PredMode;1
BlockStat;28; 192; 192;16; 8;Luma_IntraMode;2
BlockStat;28; 192; 192;16; 8;Chroma_IntraMode;2
BlockStat;28; 192; 192;16; 8;MultiRefIdx;0
BlockStat;28; 192; 192;16; 8;Cbf_Y;1
BlockStat;28; 192; 192;16; 8;TransformSkipFlag_Y;0
BlockStat;28; 192; 192;16; 8;Cbf_Cb;0
BlockStat;28; 192; 192;16; 8;Cbf_Cr;0
BlockStat;28; 208; 192;16; 8;Depth;5
BlockStat;28; 208; 192;16; 8;QT_Depth;2
BlockStat;28; 208; 192;16; 8;BT_Depth;3
BlockStat;28; 208; 192;16; 8;MT_Depth;3
BlockStat;28; 208; 192;16; 8;ChromaQPAdj;0
BlockStat;28; 208; 192;16; 8;QP;38
BlockStat;28; 208; 192;16; 8;SplitSeries;3213345
BlockStat;28; 208; 192;16; 8;SkipFlag;0
BlockStat;28; 208; 192;16; 8;PredMode;1
BlockStat;28; 208; 192;16; 8;Luma_IntraMode;4
BlockStat;28; 208; 192;16; 8;Chroma_IntraMode;4
BlockStat;28; 208; 192;16; 8;MultiRefIdx;0
BlockStat;28; 208; 192;16; 8;Cbf_Y;0
BlockStat;28; 208; 192;16; 8;TransformSkipFlag_Y;0
BlockStat;28; 208; 192;16; 8;Cbf_Cb;0
BlockStat;28; 208; 192;16; 8;Cbf_Cr;0
BlockStat;28; 192; 200;32; 8;Depth;4
BlockStat;28; 192; 200;32; 8;QT_Depth;2
BlockStat;28; 192; 200;32; 8;BT_Depth;2
BlockStat;28; 192; 200;32; 8;MT_Depth;2
BlockStat;28; 192; 200;32; 8;ChromaQPAdj;0
BlockStat;28; 192; 200;32; 8;QP;38
BlockStat;28; 192; 200;32; 8;SplitSeries;67617
BlockStat;28; 192; 200;32; 8;SkipFlag;0
BlockStat;28; 192; 200;32; 8;PredMode;1
BlockStat;28; 192; 200;32; 8;Luma_IntraMode;2
BlockStat;28; 192; 200;32; 8;Chroma_IntraMode;2
BlockStat;28; 192; 200;32; 8;MultiRefIdx;1
BlockStat;28; 192; 200;32; 8;Cbf_Y;0
BlockStat;28; 192; 200;32; 8;TransformSkipFlag_Y;0
BlockStat;28; 192; 200;32; 8;Cbf_Cb;0
BlockStat;28; 192; 200;32; 8;Cbf_Cr;0
BlockStat;28; 192; 208;32;16;Depth;3
BlockStat;28; 192; 208;32;16;QT_Depth;2
BlockStat;28; 192; 208;32;16;BT_Depth;1
BlockStat;28; 192; 208;32;16;MT_Depth;1
BlockStat;28; 192; 208;32;16;ChromaQPAdj;0
BlockStat;28; 192; 208;32;16;QP;38
BlockStat;28; 192; 208;32;16;SplitSeries;2081
BlockStat;28; 192; 208;32;16;SkipFlag;0
BlockStat;28; 192; 208;32;16;PredMode;1
BlockStat;28; 192; 208;32;16;Luma_IntraMode;2
BlockStat;28; 192; 208;32;16;Chroma_IntraMode;2
BlockStat;28; 192; 208;32;16;MultiRefIdx;0
BlockStat;28; 192; 208;32;16;Cbf_Y;1
BlockStat;28; 192; 208;32;16;TransformSkipFlag_Y;0
BlockStat;28; 192; 208;32;16;Cbf_Cb;1
BlockStat;28; 192; 208;32;16;Cbf_Cr;0
BlockStat;28; 224; 192;16;16;Depth;4
BlockStat;28; 224; 192;16;16;QT_Depth;2
BlockStat;28; 224; 192;16;16;BT_Depth;2
BlockStat;28; 224; 192;16;16;MT_Depth;2
BlockStat;28; 224; 192;16;16;ChromaQPAdj;0
BlockStat;28; 224; 192;16;16;QP;38
BlockStat;28; 224; 192;16;16;SplitSeries;100385
BlockStat;28; 224; 192;16;16;SkipFlag;0
BlockStat;28; 224; 192;16;16;PredMode;1
BlockStat;28; 224; 192;16;16;Luma_IntraMode;2
BlockStat;28; 224; 192;16;16;Chroma_IntraMode;2
BlockStat;28; 224; 192;16;16;MultiRefIdx;3
BlockStat;28; 224; 192;16;16;Cbf_Y;0
BlockStat;28; 224; 192;16;16;TransformSkipFlag_Y;0
BlockStat;28; 224; 192;16;16;Cbf_Cb;0
BlockStat;28; 224; 192;16;16;Cbf_Cr;0
BlockStat;28; 240; 192;16;16;Depth;4
BlockStat;28; 240; 192;16;16;QT_Depth;2
BlockStat;28; 240; 192;16;16;BT_Depth;2
BlockStat;28; 240; 192;16;16;MT_Depth;2
BlockStat;28; 240; 192;16;16;ChromaQPAdj;0
BlockStat;28; 240; 192;16;16;QP;38
BlockStat;28; 240; 192;16;16;SplitSeries;100385
BlockStat;28; 240; 192;16;16;SkipFlag;0
BlockStat;28; 240; 192;16;16;PredMode;1
BlockStat;28; 240; 192;16;16;Luma_IntraMode;0
BlockStat;28; 240; 192;16;16;Chroma_IntraMode;0
BlockStat;28; 240; 192;16;16;MultiRefIdx;0
BlockStat;28; 240; 192;16;16;Cbf_Y;1
BlockStat;28; 240; 192;16;16;TransformSkipFlag_Y;2
BlockStat;28; 240; 192;16;16;Cbf_Cb;0
BlockStat;28; 240; 192;16;16;Cbf_Cr;0
BlockStat;28; 224; 208;16;16;Depth;4
BlockStat;28; 224; 208;16;16;QT_Depth;2
BlockStat;28; 224; 208;16;16;BT_Depth;2
BlockStat;28; 224; 208;16;16;MT_Depth;2
BlockStat;28; 224; 208;16;16;ChromaQPAdj;0
BlockStat;28; 224; 208;16;16;QP;38
BlockStat;28; 224; 208;16;16;SplitSeries;100385
BlockStat;28; 224; 208;16;16;SkipFlag;0
BlockStat;28; 224; 208;16;16;PredMode;1
BlockStat;28; 224; 208;16;16;Luma_IntraMode;65
BlockStat;28; 224; 208;16;16;Chroma_IntraMode;65
BlockStat;28; 224; 208;16;16;MultiRefIdx;3
BlockStat;28; 224; 208;16;16;Cbf_Y;0
BlockStat;28; 224; 208;16;16;TransformSkipFlag_Y;0
BlockStat;28; 224; 208;16;16;Cbf_Cb;0
BlockStat;28; 224; 208;16;16;Cbf_Cr;0
BlockStat;28; 240; 208; 8;16;Depth;5
BlockStat;28; 240; 208; 8;16;QT_Depth;2
BlockStat;28; 240; 208; 8;16;BT_Depth;3
BlockStat;28; 240; 208; 8;16;MT_Depth;3
BlockStat;28; 240; 208; 8;16;ChromaQPAdj;0
BlockStat;28; 240; 208; 8;16;QP;38
BlockStat;28; 240; 208; 8;16;SplitSeries;3246113
BlockStat;28; 240; 208; 8;16;SkipFlag;0
BlockStat;28; 240; 208; 8;16;PredMode;1
BlockStat;28; 240; 208; 8;16;Luma_IntraMode;65
BlockStat;28; 240; 208; 8;16;Chroma_IntraMode;65
BlockStat;28; 240; 208; 8;16;MultiRefIdx;0
BlockStat;28; 240; 208; 8;16;Cbf_Y;1
BlockStat;28; 240; 208; 8;16;TransformSkipFlag_Y;0
BlockStat;28; 240; 208; 8;16;Cbf_Cb;1
BlockStat;28; 240; 208; 8;16;Cbf_Cr;1
BlockStat;28; 248; 208; 8;16;Depth;5
BlockStat;28; 248; 208; 8;16;QT_Depth;2
BlockStat;28; 248; 208; 8;16;BT_Depth;3
BlockStat;28; 248; 208; 8;16;MT_Depth;3
BlockStat;28; 248; 208; 8;16;ChromaQPAdj;0
BlockStat;28; 248; 208; 8;16;QP;38
BlockStat;28; 248; 208; 8;16;SplitSeries;3246113
BlockStat;28; 248; 208; 8;16;SkipFlag;0
BlockStat;28; 248; 208; 8;16;PredMode;1
BlockStat;28; 248; 208; 8;16;Luma_IntraMode;3
BlockStat;28; 248; 208; 8;16;Chroma_IntraMode;3
BlockStat;28; 248; 208; 8;16;MultiRefIdx;0
BlockStat;28; 248; 208; 8;16;Cbf_Y;1
BlockStat;28; 248; 208; 8;16;TransformSkipFlag_Y;0
BlockStat;28; 248; 208; 8;16;Cbf_Cb;1
BlockStat;28; 248; 208; 8;16;Cbf_Cr;0
BlockStat;28; 192; 224; 4; 8;Depth;5
BlockStat;28; 192; 224; 4; 8;QT_Depth;2
BlockStat;28; 192; 224; 4; 8;BT_Depth;5
BlockStat;28; 192; 224; 4; 8;MT_Depth;3
BlockStat;28; 192; 224; 4; 8;ChromaQPAdj;0
BlockStat;28; 192; 224; 4; 8;QP;38
BlockStat;28; 192; 224; 4; 8;SplitSeries;4297761
BlockStat;28; 192; 224; 4; 8;SkipFlag;0
BlockStat;28; 192; 224; 4; 8;PredMode;1
BlockStat;28; 192; 224; 4; 8;Luma_IntraMode;2
BlockStat;28; 192; 224; 4; 8;MultiRefIdx;0
BlockStat;28; 192; 224; 4; 8;Cbf_Y;1
BlockStat;28; 192; 224; 4; 8;TransformSkipFlag_Y;2
BlockStat;28; 192; 232; 4;16;Depth;5
BlockStat;28; 192; 232; 4;16;QT_Depth;2
BlockStat;28; 192; 232; 4;16;BT_Depth;4
BlockStat;28; 192; 232; 4;16;MT_Depth;3
BlockStat;28; 192; 232; 4;16;ChromaQPAdj;0
BlockStat;28; 192; 232; 4;16;QP;38
BlockStat;28; 192; 232; 4;16;SplitSeries;4297761
BlockStat;28; 192; 232; 4;16;SkipFlag;0
BlockStat;28; 192; 232; 4;16;PredMode;1
BlockStat;28; 192; 232; 4;16;Luma_IntraMode;3
BlockStat;28; 192; 232; 4;16;MultiRefIdx;0
BlockStat;28; 192; 232; 4; 4;Cbf_Y;0
BlockStat;28; 192; 232; 4; 4;TransformSkipFlag_Y;0
BlockStat;28; 192; 236; 4; 4;Cbf_Y;2
BlockStat;28; 192; 236; 4; 4;TransformSkipFlag_Y;0
BlockStat;28; 192; 240; 4; 4;Cbf_Y;2
BlockStat;28; 192; 240; 4; 4;TransformSkipFlag_Y;0
BlockStat;28; 192; 244; 4; 4;Cbf_Y;2
BlockStat;28; 192; 244; 4; 4;TransformSkipFlag_Y;0
BlockStat;28; 192; 248; 4; 8;Depth;5
BlockStat;28; 192; 248; 4; 8;QT_Depth;2
BlockStat;28; 192; 248; 4; 8;BT_Depth;5
BlockStat;28; 192; 248; 4; 8;MT_Depth;3
BlockStat;28; 192; 248; 4; 8;ChromaQPAdj;0
BlockStat;28; 192; 248; 4; 8;QP;38
BlockStat;28; 192; 248; 4; 8;SplitSeries;4297761
BlockStat;28; 192; 248; 4; 8;SkipFlag;0
BlockStat;28; 192; 248; 4; 8;PredMode;1
BlockStat;28; 192; 248; 4; 8;Luma_IntraMode;2
BlockStat;28; 192; 248; 4; 8;MultiRefIdx;0
BlockStat;28; 192; 248; 4; 8;Cbf_Y;1
BlockStat;28; 192; 248; 4; 8;TransformSkipFlag_Y;0
BlockStat;28;   0;   0; 0; 0;Depth;4
BlockStat;28;   0;   0; 0; 0;QT_Depth;2
BlockStat;28;   0;   0; 0; 0;BT_Depth;3
BlockStat;28;   0;   0; 0; 0;MT_Depth;2
BlockStat;28;   0;   0; 0; 0;ChromaQPAdj;0
BlockStat;28;   0;   0; 0; 0;QP;38
BlockStat;28;   0;   0; 0; 0;SplitSeries;103457
BlockStat;28;   0;   0; 0; 0;PredMode;1
BlockStat;28; 192; 224; 4;32;Chroma_IntraMode;67
BlockStat;28; 192; 224; 4;32;Cbf_Cb;0
BlockStat;28; 192; 224; 4;32;Cbf_Cr;1
BlockStat;28; 196; 224; 4; 8;Depth;5
BlockStat;28; 196; 224; 4; 8;QT_Depth;2
BlockStat;28; 196; 224; 4; 8;BT_Depth;5
BlockStat;28; 196; 224; 4; 8;MT_Depth;3
BlockStat;28; 196; 224; 4; 8;ChromaQPAdj;0
BlockStat;28; 196; 224; 4; 8;QP;38
BlockStat;28; 196; 224; 4; 8;SplitSeries;4297761
BlockStat;28; 196; 224; 4; 8;SkipFlag;0
BlockStat;28; 196; 224; 4; 8;PredMode;1
BlockStat;28; 196; 224; 4; 8;Luma_IntraMode;65
BlockStat;28; 196; 224; 4; 8;MultiRefIdx;1
BlockStat;28; 196; 224; 4; 8;Cbf_Y;1
BlockStat;28; 196; 224; 4; 8;TransformSkipFlag_Y;0
BlockStat;28; 196; 232; 4;16;Depth;5
BlockStat;28; 196; 232; 4;16;QT_Depth;2
BlockStat;28; 196; 232; 4;16;BT_Depth;4
BlockStat;28; 196; 232; 4;16;MT_Depth;3
BlockStat;28; 196; 232; 4;16;ChromaQPAdj;0
BlockStat;28; 196; 232; 4;16;QP;38
BlockStat;28; 196; 232; 4;16;SplitSeries;4297761
BlockStat;28; 196; 232; 4;16;SkipFlag;0
BlockStat;28; 196; 232; 4;16;PredMode;1
BlockStat;28; 196; 232; 4;16;Luma_IntraMode;64
BlockStat;28; 196; 232; 4;16;MultiRefIdx;0
BlockStat;28; 196; 232; 4;16;Cbf_Y;0
BlockStat;28; 196; 232; 4;16;TransformSkipFlag_Y;0
BlockStat;28; 196; 248; 4; 8;Depth;5
BlockStat;28; 196; 248; 4; 8;QT_Depth;2
BlockStat;28; 196; 248; 4; 8;BT_Depth;5
BlockStat;28; 196; 248; 4; 8;MT_Depth;3
BlockStat;28; 196; 248; 4; 8;ChromaQPAdj;0
BlockStat;28; 196; 248; 4; 8;QP;38
BlockStat;28; 196; 248; 4; 8;SplitSeries;4297761
BlockStat;28; 196; 248; 4; 8;SkipFlag;0
BlockStat;28; 196; 248; 4; 8;PredMode;1
BlockStat;28; 196; 248; 4; 8;Luma_IntraMode;2
BlockStat;28; 196; 248; 4; 8;MultiRefIdx;0
BlockStat;28; 196; 248; 4; 8;Cbf_Y;1
BlockStat;28; 196; 248; 4; 8;TransformSkipFlag_Y;0
BlockStat;28;   0;   0; 0; 0;Depth;4
BlockStat;28;   0;   0; 0; 0;QT_Depth;2
BlockStat;28;   0;   0; 0; 0;BT_Depth;3
BlockStat;28;   0;   0; 0; 0;MT_Depth;2
BlockStat;28;   0;   0; 0; 0;ChromaQPAdj;0
BlockStat;28;   0;   0; 0; 0;QP;38
BlockStat;28;   0;   0; 0; 0;SplitSeries;103457
BlockStat;28;   0;   0; 0; 0;PredMode;1
BlockStat;28; 196; 224; 4;32;Chroma_IntraMode;64
BlockStat;28; 196; 224; 4;32;Cbf_Cb;0
BlockStat;28; 196; 224; 4;32;Cbf_Cr;0
BlockStat;28; 200; 224; 4;16;Depth;5
BlockStat;28; 200; 224; 4;16;QT_Depth;2
BlockStat;28; 200; 224; 4;16;BT_Depth;4
BlockStat;28; 200; 224; 4;16;MT_Depth;3
BlockStat;28; 200; 224; 4;16;ChromaQPAdj;0
BlockStat;28; 200; 224; 4;16;QP;38
BlockStat;28; 200; 224; 4;16;SplitSeries;2266145
BlockStat;28; 200; 224; 4;16;SkipFlag;0
BlockStat;28; 200; 224; 4;16;PredMode;1
BlockStat;28; 200; 224; 4;16;Luma_IntraMode;2
BlockStat;28; 200; 224; 4;16;Chroma_IntraMode;67
BlockStat;28; 200; 224; 4;16;MultiRefIdx;0
BlockStat;28; 200; 224; 4;16;Cbf_Y;1
BlockStat;28; 200; 224; 4;16;TransformSkipFlag_Y;2
BlockStat;28; 200; 224; 4;16;Cbf_Cb;0
BlockStat;28; 200; 224; 4;16;Cbf_Cr;0
BlockStat;28; 200; 240; 4;16;Depth;5
BlockStat;28; 200; 240; 4;16;QT_Depth;2
BlockStat;28; 200; 240; 4;16;BT_Depth;4
BlockStat;28; 200; 240; 4;16;MT_Depth;3
BlockStat;28; 200; 240; 4;16;ChromaQPAdj;0
BlockStat;28; 200; 240; 4;16;QP;38
BlockStat;28; 200; 240; 4;16;SplitSeries;2266145
BlockStat;28; 200; 240; 4;16;SkipFlag;0
BlockStat;28; 200; 240; 4;16;PredMode;0
BlockStat;28; 200; 240; 4;16;MergeFlag;0
BlockStat;28; 200; 240; 4;16;InterDir;1
BlockStat;28; 200; 240; 4;16;MVPIdxL0;0
BlockStat;28; 200; 240; 4;16;RefIdxL0;0
BlockStat;28; 200; 240; 4;16;MVDL0;-212;   4
BlockStat;28; 200; 240; 4;16;MVL0; -16;  24
BlockStat;28; 200; 240; 4;16;IMVMode;1
BlockStat;28; 200; 240; 4;16;RootCbf;1
BlockStat;28; 200; 240; 4; 8;Cbf_Y;2
BlockStat;28; 200; 240; 4; 8;TransformSkipFlag_Y;0
BlockStat;28; 200; 240; 4; 8;Cbf_Cb;0
BlockStat;28; 200; 240; 4; 8;Cbf_Cr;0
BlockStat;28; 200; 248; 4; 8;Cbf_Y;0
BlockStat;28; 200; 248; 4; 8;TransformSkipFlag_Y;0
BlockStat;28; 200; 248; 4; 8;Cbf_Cb;0
BlockStat;28; 200; 248; 4; 8;Cbf_Cr;0
BlockStat;28; 204; 224; 8;16;Depth;5
BlockStat;28; 204; 224; 8;16;QT_Depth;2
BlockStat;28; 204; 224; 8;16;BT_Depth;3
BlockStat;28; 204; 224; 8;16;MT_Depth;3
BlockStat;28; 204; 224; 8;16;ChromaQPAdj;0
BlockStat;28; 204; 224; 8;16;QP;38
BlockStat;28; 204; 224; 8;16;SplitSeries;2266145
BlockStat;28; 204; 224; 8;16;SkipFlag;0
BlockStat;28; 204; 224; 8;16;PredMode;1
BlockStat;28; 204; 224; 8;16;Luma_IntraMode;65
BlockStat;28; 204; 224; 8;16;Chroma_IntraMode;65
BlockStat;28; 204; 224; 8;16;MultiRefIdx;0
BlockStat;28; 204; 224; 8;16;Cbf_Y;1
BlockStat;28; 204; 224; 8;16;TransformSkipFlag_Y;2
BlockStat;28; 204; 224; 8;16;Cbf_Cb;0
BlockStat;28; 204; 224; 8;16;Cbf_Cr;0
BlockStat;28; 204; 240; 8;16;Depth;5
BlockStat;28; 204; 240; 8;16;QT_Depth;2
BlockStat;28; 204; 240; 8;16;BT_Depth;3
BlockStat;28; 204; 240; 8;16;MT_Depth;3
BlockStat;28; 204; 240; 8;16;ChromaQPAdj;0
BlockStat;28; 204; 240; 8;16;QP;38
BlockStat;28; 204; 240; 8;16;SplitSeries;2266145
BlockStat;28; 204; 240; 8;16;SkipFlag;0
BlockStat;28; 204; 240; 8;16;PredMode;0
BlockStat;28; 204; 240; 8;16;MergeFlag;1
BlockStat;28; 204; 240; 8;16;MergeIdx;5
BlockStat;28; 204; 240; 8;16;MergeType;0
BlockStat;28; 204; 240; 8;16;MMVDMergeFlag;1
BlockStat;28; 204; 240; 8;16;MMVDMergeIdx;5
BlockStat;28; 204; 240; 8;16;MVPIdxL0;255
BlockStat;28; 204; 240; 8;16;RefIdxL0;0
BlockStat;28; 204; 240; 8;16;MVDL0;   0;   0
BlockStat;28; 204; 240; 8;16;MVL0; -18;  24
BlockStat;28; 204; 240; 4;16;Cbf_Y;0
BlockStat;28; 204; 240; 4;16;TransformSkipFlag_Y;0
BlockStat;28; 204; 240; 4;16;Cbf_Cb;0
BlockStat;28; 204; 240; 4;16;Cbf_Cr;0
BlockStat;28; 208; 240; 4;16;Cbf_Y;2
BlockStat;28; 208; 240; 4;16;TransformSkipFlag_Y;0
BlockStat;28; 208; 240; 4;16;Cbf_Cb;0
BlockStat;28; 208; 240; 4;16;Cbf_Cr;0
BlockStat;28; 212; 224; 4;16;Depth;5
BlockStat;28; 212; 224; 4;16;QT_Depth;2
BlockStat;28; 212; 224; 4;16;BT_Depth;4
BlockStat;28; 212; 224; 4;16;MT_Depth;3
BlockStat;28; 212; 224; 4;16;ChromaQPAdj;0
BlockStat;28; 212; 224; 4;16;QP;38
BlockStat;28; 212; 224; 4;16;SplitSeries;2266145
BlockStat;28; 212; 224; 4;16;SkipFlag;0
BlockStat;28; 212; 224; 4;16;PredMode;1
BlockStat;28; 212; 224; 4;16;Luma_IntraMode;2
BlockStat;28; 212; 224; 4;16;Chroma_IntraMode;67
BlockStat;28; 212; 224; 4;16;MultiRefIdx;0
BlockStat;28; 212; 224; 4;16;Cbf_Y;1
BlockStat;28; 212; 224; 4;16;TransformSkipFlag_Y;0
BlockStat;28; 212; 224; 4;16;Cbf_Cb;0
BlockStat;28; 212; 224; 4;16;Cbf_Cr;0
BlockStat;28; 212; 240; 4;16;Depth;5
BlockStat;28; 212; 240; 4;16;QT_Depth;2
BlockStat;28; 212; 240; 4;16;BT_Depth;4
BlockStat;28; 212; 240; 4;16;MT_Depth;3
BlockStat;28; 212; 240; 4;16;ChromaQPAdj;0
BlockStat;28; 212; 240; 4;16;QP;38
BlockStat;28; 212; 240; 4;16;SplitSeries;2266145
BlockStat;28; 212; 240; 4;16;SkipFlag;0
BlockStat;28; 212; 240; 4;16;PredMode;0
BlockStat;28; 212; 240; 4;16;MergeFlag;1
BlockStat;28; 212; 240; 4;16;MergeIdx;1
BlockStat;28; 212; 240; 4;16;MergeType;0
BlockStat;28; 212; 240; 4;16;MMVDMergeFlag;0
BlockStat;28; 212; 240; 4;16;MHIntraFlag;0
BlockStat;28; 212; 240; 4;16;MVPIdxL0;255
BlockStat;28; 212; 240; 4;16;RefIdxL0;0
BlockStat: POC 28 @( 212, 240) [ 4x16] TrianglePartitioning={   0,  16,   4,   0}
BlockStat;28; 212; 240; 4;16;Cbf_Y;1
BlockStat;28; 212; 240; 4;16;TransformSkipFlag_Y;0
BlockStat;28; 212; 240; 4;16;Cbf_Cb;0
BlockStat;28; 212; 240; 4;16;Cbf_Cr;0
BlockStat;28; 216; 224; 4;16;Depth;5
BlockStat;28; 216; 224; 4;16;QT_Depth;2
BlockStat;28; 216; 224; 4;16;BT_Depth;4
BlockStat;28; 216; 224; 4;16;MT_Depth;3
BlockStat;28; 216; 224; 4;16;ChromaQPAdj;0
BlockStat;28; 216; 224; 4;16;QP;38
BlockStat;28; 216; 224; 4;16;SplitSeries;3216417
BlockStat;28; 216; 224; 4;16;SkipFlag;0
BlockStat;28; 216; 224; 4;16;PredMode;1
BlockStat;28; 216; 224; 4;16;Luma_IntraMode;0
BlockStat;28; 216; 224; 4;16;Chroma_IntraMode;0
BlockStat;28; 216; 224; 4;16;MultiRefIdx;0
BlockStat;28; 216; 224; 4;16;Cbf_Y;1
BlockStat;28; 216; 224; 4;16;TransformSkipFlag_Y;2
BlockStat;28; 216; 224; 4;16;Cbf_Cb;0
BlockStat;28; 216; 224; 4;16;Cbf_Cr;0
BlockStat;28; 220; 224; 4;16;Depth;5
BlockStat;28; 220; 224; 4;16;QT_Depth;2
BlockStat;28; 220; 224; 4;16;BT_Depth;4
BlockStat;28; 220; 224; 4;16;MT_Depth;3
BlockStat;28; 220; 224; 4;16;ChromaQPAdj;0
BlockStat;28; 220; 224; 4;16;QP;38
BlockStat;28; 220; 224; 4;16;SplitSeries;3216417
BlockStat;28; 220; 224; 4;16;SkipFlag;0
BlockStat;28; 220; 224; 4;16;PredMode;1
BlockStat;28; 220; 224; 4;16;Luma_IntraMode;0
BlockStat;28; 220; 224; 4;16;Chroma_IntraMode;0
BlockStat;28; 220; 224; 4;16;MultiRefIdx;0
BlockStat;28; 220; 224; 4; 4;Cbf_Y;0
BlockStat;28; 220; 224; 4; 4;TransformSkipFlag_Y;0
BlockStat;28;   0;   0; 0; 0;Cbf_Cb;0
BlockStat;28;   0;   0; 0; 0;Cbf_Cr;0
BlockStat;28; 220; 228; 4; 4;Cbf_Y;0
BlockStat;28; 220; 228; 4; 4;TransformSkipFlag_Y;0
BlockStat;28;   0;   0; 0; 0;Cbf_Cb;0
BlockStat;28;   0;   0; 0; 0;Cbf_Cr;0
BlockStat;28; 220; 232; 4; 4;Cbf_Y;0
BlockStat;28; 220; 232; 4; 4;TransformSkipFlag_Y;0
BlockStat;28;   0;   0; 0; 0;Cbf_Cb;0
BlockStat;28;   0;   0; 0; 0;Cbf_Cr;0
BlockStat;28; 220; 236; 4; 4;Cbf_Y;2
BlockStat;28; 220; 236; 4; 4;TransformSkipFlag_Y;0
BlockStat;28; 220; 224; 4;16;Cbf_Cb;0
BlockStat;28; 220; 224; 4;16;Cbf_Cr;0
BlockStat;28; 216; 240; 8; 4;Depth;5
BlockStat;28; 216; 240; 8; 4;QT_Depth;2
BlockStat;28; 216; 240; 8; 4;BT_Depth;5
BlockStat;28; 216; 240; 8; 4;MT_Depth;3
BlockStat;28; 216; 240; 8; 4;ChromaQPAdj;0
BlockStat;28; 216; 240; 8; 4;QP;38
BlockStat;28; 216; 240; 8; 4;SplitSeries;4264993
BlockStat;28; 216; 240; 8; 4;SkipFlag;0
BlockStat;28; 216; 240; 8; 4;PredMode;0
BlockStat;28; 216; 240; 8; 4;MergeFlag;1
BlockStat;28; 216; 240; 8; 4;MergeIdx;1
BlockStat;28; 216; 240; 8; 4;MergeType;0
BlockStat;28; 216; 240; 8; 4;MMVDMergeFlag;0
BlockStat;28; 216; 240; 8; 4;MVPIdxL0;255
BlockStat;28; 216; 240; 8; 4;RefIdxL0;0
BlockStat;28; 216; 240; 8; 4;MVDL0;   0;   0
BlockStat;28; 216; 240; 8; 4;MVL0; -18;  24
BlockStat;28; 216; 240; 8; 4;Cbf_Y;1
BlockStat;28; 216; 240; 8; 4;TransformSkipFlag_Y;0
BlockStat;28; 216; 240; 8; 4;Cbf_Cb;0
BlockStat;28; 216; 240; 8; 4;Cbf_Cr;0
BlockStat;28; 216; 244; 8; 8;Depth;5
BlockStat;28; 216; 244; 8; 8;QT_Depth;2
BlockStat;28; 216; 244; 8; 8;BT_Depth;4
BlockStat;28; 216; 244; 8; 8;MT_Depth;3
BlockStat;28; 216; 244; 8; 8;ChromaQPAdj;0
BlockStat;28; 216; 244; 8; 8;QP;38
BlockStat;28; 216; 244; 8; 8;SplitSeries;4264993
BlockStat;28; 216; 244; 8; 8;SkipFlag;1
BlockStat;28; 216; 244; 8; 8;MMVDSkipFlag;0
BlockStat;28; 216; 244; 8; 8;PredMode;0
BlockStat;28; 216; 244; 8; 8;MergeIdx;5
BlockStat;28; 216; 244; 8; 8;MergeType;0
BlockStat;28; 216; 244; 8; 8;MMVDMergeFlag;0
BlockStat;28; 216; 244; 8; 8;AffineFlag;0
BlockStat;28; 216; 244; 8; 8;MVPIdxL0;255
BlockStat;28; 216; 244; 8; 8;RefIdxL0;0
BlockStat;28; 216; 244; 8; 8;MVDL0;   0;   0
BlockStat;28; 216; 244; 8; 8;MVL0; -17;  24
BlockStat;28; 216; 252; 8; 4;Depth;5
BlockStat;28; 216; 252; 8; 4;QT_Depth;2
BlockStat;28; 216; 252; 8; 4;BT_Depth;5
BlockStat;28; 216; 252; 8; 4;MT_Depth;3
BlockStat;28; 216; 252; 8; 4;ChromaQPAdj;0
BlockStat;28; 216; 252; 8; 4;QP;38
BlockStat;28; 216; 252; 8; 4;SplitSeries;4264993
BlockStat;28; 216; 252; 8; 4;SkipFlag;1
BlockStat;28; 216; 252; 8; 4;MMVDSkipFlag;0
BlockStat;28; 216; 252; 8; 4;PredMode;0
BlockStat;28; 216; 252; 8; 4;MergeIdx;1
BlockStat;28; 216; 252; 8; 4;MergeType;0
BlockStat;28; 216; 252; 8; 4;MMVDMergeFlag;0
BlockStat;28; 216; 252; 8; 4;MVPIdxL0;255
BlockStat;28; 216; 252; 8; 4;RefIdxL0;0
BlockStat;28; 216; 252; 8; 4;MVDL0;   0;   0
BlockStat;28; 216; 252; 8; 4;MVL0; -17;  24
BlockStat;28; 224; 224;16; 4;Depth;5
BlockStat;28; 224; 224;16; 4;QT_Depth;2
BlockStat;28; 224; 224;16; 4;BT_Depth;4
BlockStat;28; 224; 224;16; 4;MT_Depth;3
BlockStat;28; 224; 224;16; 4;ChromaQPAdj;0
BlockStat;28; 224; 224;16; 4;QP;38
BlockStat;28; 224; 224;16; 4;SplitSeries;4294689
BlockStat;28; 224; 224;16; 4;SkipFlag;0
BlockStat;28; 224; 224;16; 4;PredMode;1
BlockStat;28; 224; 224;16; 4;Luma_IntraMode;6
BlockStat;28; 224; 224;16; 4;Chroma_IntraMode;6
BlockStat;28; 224; 224;16; 4;MultiRefIdx;0
BlockStat;28; 224; 224;16; 4;Cbf_Y;1
BlockStat;28; 224; 224;16; 4;TransformSkipFlag_Y;2
BlockStat;28; 224; 224;16; 4;Cbf_Cb;0
BlockStat;28; 224; 224;16; 4;Cbf_Cr;0
BlockStat;28; 224; 228;16; 8;Depth;5
BlockStat;28; 224; 228;16; 8;QT_Depth;2
BlockStat;28; 224; 228;16; 8;BT_Depth;3
BlockStat;28; 224; 228;16; 8;MT_Depth;3
BlockStat;28; 224; 228;16; 8;ChromaQPAdj;0
BlockStat;28; 224; 228;16; 8;QP;38
BlockStat;28; 224; 228;16; 8;SplitSeries;4294689
BlockStat;28; 224; 228;16; 8;SkipFlag;0
BlockStat;28; 224; 228;16; 8;PredMode;1
BlockStat;28; 224; 228;16; 8;Luma_IntraMode;6
BlockStat;28; 224; 228;16; 8;Chroma_IntraMode;68
BlockStat;28; 224; 228;16; 8;MultiRefIdx;0
BlockStat;28; 224; 228;16; 8;Cbf_Y;1
BlockStat;28; 224; 228;16; 8;TransformSkipFlag_Y;2
BlockStat;28; 224; 228;16; 8;Cbf_Cb;0
BlockStat;28; 224; 228;16; 8;Cbf_Cr;0
BlockStat;28; 224; 236;16; 4;Depth;5
BlockStat;28; 224; 236;16; 4;QT_Depth;2
BlockStat;28; 224; 236;16; 4;BT_Depth;4
BlockStat;28; 224; 236;16; 4;MT_Depth;3
BlockStat;28; 224; 236;16; 4;ChromaQPAdj;0
BlockStat;28; 224; 236;16; 4;QP;38
BlockStat;28; 224; 236;16; 4;SplitSeries;4294689
BlockStat;28; 224; 236;16; 4;SkipFlag;1
BlockStat;28; 224; 236;16; 4;MMVDSkipFlag;0
BlockStat;28; 224; 236;16; 4;PredMode;0
BlockStat;28; 224; 236;16; 4;MergeIdx;0
BlockStat;28; 224; 236;16; 4;MergeType;0
BlockStat;28; 224; 236;16; 4;MMVDMergeFlag;0
BlockStat;28; 224; 236;16; 4;MVPIdxL0;255
BlockStat;28; 224; 236;16; 4;RefIdxL0;0
BlockStat;28; 224; 236;16; 4;MVDL0;   0;   0
BlockStat;28; 224; 236;16; 4;MVL0; -18;  24
BlockStat;28; 240; 224; 4;16;Depth;5
BlockStat;28; 240; 224; 4;16;QT_Depth;2
BlockStat;28; 240; 224; 4;16;BT_Depth;4
BlockStat;28; 240; 224; 4;16;MT_Depth;3
BlockStat;28; 240; 224; 4;16;ChromaQPAdj;0
BlockStat;28; 240; 224; 4;16;QP;38
BlockStat;28; 240; 224; 4;16;SplitSeries;5343265
BlockStat;28; 240; 224; 4;16;SkipFlag;0
BlockStat;28; 240; 224; 4;16;PredMode;0
BlockStat;28; 240; 224; 4;16;MergeFlag;1
BlockStat;28; 240; 224; 4;16;MergeIdx;1
BlockStat;28; 240; 224; 4;16;MergeType;0
BlockStat;28; 240; 224; 4;16;MMVDMergeFlag;0
BlockStat;28; 240; 224; 4;16;MHIntraFlag;1
BlockStat;28; 240; 224; 4;16;Luma_IntraMode;0
BlockStat;28; 240; 224; 4;16;Chroma_IntraMode;70
BlockStat;28; 240; 224; 4;16;MVPIdxL0;255
BlockStat;28; 240; 224; 4;16;RefIdxL0;0
BlockStat;28; 240; 224; 4;16;MVDL0;   0;   0
BlockStat;28; 240; 224; 4;16;MVL0; -17;  24
BlockStat;28; 240; 224; 4;16;Cbf_Y;1
BlockStat;28; 240; 224; 4;16;TransformSkipFlag_Y;0
BlockStat;28; 240; 224; 4;16;Cbf_Cb;0
BlockStat;28; 240; 224; 4;16;Cbf_Cr;0
BlockStat;28; 244; 224; 8;16;Depth;5
BlockStat;28; 244; 224; 8;16;QT_Depth;2
BlockStat;28; 244; 224; 8;16;BT_Depth;3
BlockStat;28; 244; 224; 8;16;MT_Depth;3
BlockStat;28; 244; 224; 8;16;ChromaQPAdj;0
BlockStat;28; 244; 224; 8;16;QP;38
BlockStat;28; 244; 224; 8;16;SplitSeries;5343265
BlockStat;28; 244; 224; 8;16;SkipFlag;1
BlockStat;28; 244; 224; 8;16;MMVDSkipFlag;0
BlockStat;28; 244; 224; 8;16;PredMode;0
BlockStat;28; 244; 224; 8;16;MergeIdx;1
BlockStat;28; 244; 224; 8;16;MergeType;0
BlockStat;28; 244; 224; 8;16;MMVDMergeFlag;0
BlockStat;28; 244; 224; 8;16;AffineFlag;0
BlockStat;28; 244; 224; 8;16;MVPIdxL0;255
BlockStat;28; 244; 224; 8;16;RefIdxL0;0
BlockStat;28; 244; 224; 8;16;MVDL0;   0;   0
BlockStat;28; 244; 224; 8;16;MVL0; -18;  24
BlockStat;28; 252; 224; 4;16;Depth;5
BlockStat;28; 252; 224; 4;16;QT_Depth;2
BlockStat;28; 252; 224; 4;16;BT_Depth;4
BlockStat;28; 252; 224; 4;16;MT_Depth;3
BlockStat;28; 252; 224; 4;16;ChromaQPAdj;0
BlockStat;28; 252; 224; 4;16;QP;38
BlockStat;28; 252; 224; 4;16;SplitSeries;5343265
BlockStat;28; 252; 224; 4;16;SkipFlag;1
BlockStat;28; 252; 224; 4;16;MMVDSkipFlag;0
BlockStat;28; 252; 224; 4;16;PredMode;0
BlockStat;28; 252; 224; 4;16;MergeIdx;1
BlockStat;28; 252; 224; 4;16;MergeType;0
BlockStat;28; 252; 224; 4;16;MMVDMergeFlag;0
BlockStat;28; 252; 224; 4;16;MVPIdxL0;255
BlockStat;28; 252; 224; 4;16;RefIdxL0;0
BlockStat;28; 252; 224; 4;16;MVDL0;   0;   0
BlockStat;28; 252; 224; 4;16;MVL0; -17;  24
BlockStat;28; 224; 240;32; 4;Depth;4
BlockStat;28; 224; 240;32; 4;QT_Depth;2
BlockStat;28; 224; 240;32; 4;BT_Depth;3
BlockStat;28; 224; 240;32; 4;MT_Depth;2
BlockStat;28; 224; 240;32; 4;ChromaQPAdj;0
BlockStat;28; 224; 240;32; 4;QP;38
BlockStat;28; 224; 240;32; 4;SplitSeries;133153
BlockStat;28; 224; 240;32; 4;SkipFlag;1
BlockStat;28; 224; 240;32; 4;MMVDSkipFlag;0
BlockStat;28; 224; 240;32; 4;PredMode;0
BlockStat;28; 224; 240;32; 4;MergeIdx;0
BlockStat;28; 224; 240;32; 4;MergeType;0
BlockStat;28; 224; 240;32; 4;MMVDMergeFlag;0
BlockStat;28; 224; 240;32; 4;MVPIdxL0;255
BlockStat;28; 224; 240;32; 4;RefIdxL0;0
BlockStat;28; 224; 240;32; 4;MVDL0;   0;   0
BlockStat;28; 224; 240;32; 4;MVL0; -18;  24
BlockStat;28; 224; 244;32; 8;Depth;4
BlockStat;28; 224; 244;32; 8;QT_Depth;2
BlockStat;28; 224; 244;32; 8;BT_Depth;2
BlockStat;28; 224; 244;32; 8;MT_Depth;2
BlockStat;28; 224; 244;32; 8;ChromaQPAdj;0
BlockStat;28; 224; 244;32; 8;QP;38
BlockStat;28; 224; 244;32; 8;SplitSeries;133153
BlockStat;28; 224; 244;32; 8;SkipFlag;1
BlockStat;28; 224; 244;32; 8;MMVDSkipFlag;0
BlockStat;28; 224; 244;32; 8;PredMode;0
BlockStat;28; 224; 244;32; 8;MergeIdx;0
BlockStat;28; 224; 244;32; 8;MergeType;0
BlockStat;28; 224; 244;32; 8;MMVDMergeFlag;0
BlockStat;28; 224; 244;32; 8;AffineFlag;0
BlockStat;28; 224; 244;32; 8;MVPIdxL0;255
BlockStat;28; 224; 244;32; 8;RefIdxL0;0
BlockStat;28; 224; 244;32; 8;MVDL0;   0;   0
BlockStat;28; 224; 244;32; 8;MVL0; -17;  24
BlockStat;28; 224; 252;32; 4;Depth;4
BlockStat;28; 224; 252;32; 4;QT_Depth;2
BlockStat;28; 224; 252;32; 4;BT_Depth;3
BlockStat;28; 224; 252;32; 4;MT_Depth;2
BlockStat;28; 224; 252;32; 4;ChromaQPAdj;0
BlockStat;28; 224; 252;32; 4;QP;38
BlockStat;28; 224; 252;32; 4;SplitSeries;133153
BlockStat;28; 224; 252;32; 4;SkipFlag;0
BlockStat;28; 224; 252;32; 4;PredMode;1
BlockStat;28; 224; 252;32; 4;Luma_IntraMode;1
BlockStat;28; 224; 252;32; 4;Chroma_IntraMode;1
BlockStat;28; 224; 252;32; 4;MultiRefIdx;0
BlockStat;28; 224; 252;32; 4;Cbf_Y;1
BlockStat;28; 224; 252;32; 4;TransformSkipFlag_Y;1
BlockStat;28; 224; 252;32; 4;Cbf_Cb;0
BlockStat;28; 224; 252;32; 4;Cbf_Cr;0
BlockStat;28; 256; 128; 8; 8;Depth;4
BlockStat;28; 256; 128; 8; 8;QT_Depth;2
BlockStat;28; 256; 128; 8; 8;BT_Depth;4
BlockStat;28; 256; 128; 8; 8;MT_Depth;2
BlockStat;28; 256; 128; 8; 8;ChromaQPAdj;0
BlockStat;28; 256; 128; 8; 8;QP;38
BlockStat;28; 256; 128; 8; 8;SplitSeries;136225
BlockStat;28; 256; 128; 8; 8;SkipFlag;1
BlockStat;28; 256; 128; 8; 8;MMVDSkipFlag;0
BlockStat;28; 256; 128; 8; 8;PredMode;0
BlockStat;28; 256; 128; 8; 8;MergeIdx;0
BlockStat;28; 256; 128; 8; 8;MergeType;0
BlockStat;28; 256; 128; 8; 8;MMVDMergeFlag;0
BlockStat;28; 256; 128; 8; 8;AffineFlag;0
BlockStat;28; 256; 128; 8; 8;MVPIdxL0;255
BlockStat;28; 256; 128; 8; 8;RefIdxL0;0
BlockStat;28; 256; 128; 8; 8;MVPIdxL1;255
BlockStat;28; 256; 128; 8; 8;RefIdxL1;0
BlockStat;28; 256; 128; 8; 8;MVDL0;   0;   0
BlockStat;28; 256; 128; 8; 8;MVL0; -17;  24
BlockStat;28; 256; 128; 8; 8;MVDL1;   0;   0
BlockStat;28; 256; 128; 8; 8;MVL1; -18;  25
BlockStat;28; 256; 136; 8;16;Depth;4
BlockStat;28; 256; 136; 8;16;QT_Depth;2
BlockStat;28; 256; 136; 8;16;BT_Depth;3
BlockStat;28; 256; 136; 8;16;MT_Depth;2
BlockStat;28; 256; 136; 8;16;ChromaQPAdj;0
BlockStat;28; 256; 136; 8;16;QP;38
BlockStat;28; 256; 136; 8;16;SplitSeries;136225
BlockStat;28; 256; 136; 8;16;SkipFlag;1
BlockStat;28; 256; 136; 8;16;MMVDSkipFlag;0
BlockStat;28; 256; 136; 8;16;PredMode;0
BlockStat;28; 256; 136; 8;16;MergeIdx;0
BlockStat;28; 256; 136; 8;16;MergeType;0
BlockStat;28; 256; 136; 8;16;MMVDMergeFlag;0
BlockStat;28; 256; 136; 8;16;AffineFlag;0
BlockStat;28; 256; 136; 8;16;MVPIdxL0;255
BlockStat;28; 256; 136; 8;16;RefIdxL0;0
BlockStat;28; 256; 136; 8;16;MVPIdxL1;255
BlockStat;28; 256; 136; 8;16;RefIdxL1;0
BlockStat;28; 256; 136; 8;16;MVDL0;   0;   0
BlockStat;28; 256; 136; 8;16;MVL0; -17;  24
BlockStat;28; 256; 136; 8;16;MVDL1;   0;   0
BlockStat;28; 256; 136; 8;16;MVL1; -18;  25
BlockStat;28; 256; 152; 8; 4;Depth;5
BlockStat;28; 256; 152; 8; 4;QT_Depth;2
BlockStat;28; 256; 152; 8; 4;BT_Depth;5
BlockStat;28; 256; 152; 8; 4;MT_Depth;3
BlockStat;28; 256; 152; 8; 4;ChromaQPAdj;0
BlockStat;28; 256; 152; 8; 4;QP;38
BlockStat;28; 256; 152; 8; 4;SplitSeries;2233377
BlockStat;28; 256; 152; 8; 4;SkipFlag;0
BlockStat;28; 256; 152; 8; 4;PredMode;1
BlockStat;28; 256; 152; 8; 4;Luma_IntraMode;9
BlockStat;28; 256; 152; 8; 4;MultiRefIdx;0
BlockStat;28; 256; 152; 8; 4;Cbf_Y;1
BlockStat;28; 256; 152; 8; 4;TransformSkipFlag_Y;2
BlockStat;28; 256; 156; 8; 4;Depth;5
BlockStat;28; 256; 156; 8; 4;QT_Depth;2
BlockStat;28; 256; 156; 8; 4;BT_Depth;5
BlockStat;28; 256; 156; 8; 4;MT_Depth;3
BlockStat;28; 256; 156; 8; 4;ChromaQPAdj;0
BlockStat;28; 256; 156; 8; 4;QP;38
BlockStat;28; 256; 156; 8; 4;SplitSeries;2233377
BlockStat;28; 256; 156; 8; 4;SkipFlag;0
BlockStat;28; 256; 156; 8; 4;PredMode;1
BlockStat;28; 256; 156; 8; 4;Luma_IntraMode;8
BlockStat;28; 256; 156; 8; 4;MultiRefIdx;0
BlockStat;28; 256; 156; 8; 4;Cbf_Y;0
BlockStat;28; 256; 156; 8; 4;TransformSkipFlag_Y;0
BlockStat;28;   0;   0; 0; 0;Depth;4
BlockStat;28;   0;   0; 0; 0;QT_Depth;2
BlockStat;28;   0;   0; 0; 0;BT_Depth;4
BlockStat;28;   0;   0; 0; 0;MT_Depth;2
BlockStat;28;   0;   0; 0; 0;ChromaQPAdj;0
BlockStat;28;   0;   0; 0; 0;QP;38
BlockStat;28;   0;   0; 0; 0;SplitSeries;136225
BlockStat;28;   0;   0; 0; 0;PredMode;1
BlockStat;28; 256; 152; 8; 8;Chroma_IntraMode;8
BlockStat;28; 256; 152; 8; 8;Cbf_Cb;0
BlockStat;28; 256; 152; 8; 8;Cbf_Cr;0
BlockStat;28; 264; 128;16;16;Depth;4
BlockStat;28; 264; 128;16;16;QT_Depth;2
BlockStat;28; 264; 128;16;16;BT_Depth;2
BlockStat;28; 264; 128;16;16;MT_Depth;2
BlockStat;28; 264; 128;16;16;ChromaQPAdj;0
BlockStat;28; 264; 128;16;16;QP;38
BlockStat;28; 264; 128;16;16;SplitSeries;70689
BlockStat;28; 264; 128;16;16;SkipFlag;1
BlockStat;28; 264; 128;16;16;MMVDSkipFlag;0
BlockStat;28; 264; 128;16;16;PredMode;0
BlockStat;28; 264; 128;16;16;MergeIdx;0
BlockStat;28; 264; 128;16;16;MergeType;0
BlockStat;28; 264; 128;16;16;MMVDMergeFlag;0
BlockStat;28; 264; 128;16;16;AffineFlag;0
BlockStat;28; 264; 128;16;16;MVPIdxL0;255
BlockStat;28; 264; 128;16;16;RefIdxL0;0
BlockStat;28; 264; 128;16;16;MVPIdxL1;255
BlockStat;28; 264; 128;16;16;RefIdxL1;0
BlockStat;28; 264; 128;16;16;MVDL0;   0;   0
BlockStat;28; 264; 128;16;16;MVL0; -17;  24
BlockStat;28; 264; 128;16;16;MVDL1;   0;   0
BlockStat;28; 264; 128;16;16;MVL1; -18;  25
BlockStat;28; 264; 144;16;16;Depth;4
BlockStat;28; 264; 144;16;16;QT_Depth;2
BlockStat;28; 264; 144;16;16;BT_Depth;2
BlockStat;28; 264; 144;16;16;MT_Depth;2
BlockStat;28; 264; 144;16;16;ChromaQPAdj;0
BlockStat;28; 264; 144;16;16;QP;38
BlockStat;28; 264; 144;16;16;SplitSeries;70689
BlockStat;28; 264; 144;16;16;SkipFlag;0
BlockStat;28; 264; 144;16;16;PredMode;1
BlockStat;28; 264; 144;16;16;Luma_IntraMode;5
BlockStat;28; 264; 144;16;16;Chroma_IntraMode;67
BlockStat;28; 264; 144;16;16;MultiRefIdx;0
BlockStat;28; 264; 144;16;16;Cbf_Y;1
BlockStat;28; 264; 144;16;16;TransformSkipFlag_Y;2
BlockStat;28; 264; 144;16;16;Cbf_Cb;0
BlockStat;28; 264; 144;16;16;Cbf_Cr;0
BlockStat;28; 280; 128; 8;32;Depth;3
BlockStat;28; 280; 128; 8;32;QT_Depth;2
BlockStat;28; 280; 128; 8;32;BT_Depth;2
BlockStat;28; 280; 128; 8;32;MT_Depth;1
BlockStat;28; 280; 128; 8;32;ChromaQPAdj;0
BlockStat;28; 280; 128; 8;32;QP;38
BlockStat;28; 280; 128; 8;32;SplitSeries;5153
BlockStat;28; 280; 128; 8;32;SkipFlag;0
BlockStat;28; 280; 128; 8;32;PredMode;1
BlockStat;28; 280; 128; 8;32;Luma_IntraMode;7
BlockStat;28; 280; 128; 8;32;Chroma_IntraMode;7
BlockStat;28; 280; 128; 8;32;MultiRefIdx;0
BlockStat;28; 280; 128; 8;32;Cbf_Y;1
BlockStat;28; 280; 128; 8;32;TransformSkipFlag_Y;0
BlockStat;28; 280; 128; 8;32;Cbf_Cb;0
BlockStat;28; 280; 128; 8;32;Cbf_Cr;0
BlockStat;28; 288; 128; 8;16;Depth;5
BlockStat;28; 288; 128; 8;16;QT_Depth;2
BlockStat;28; 288; 128; 8;16;BT_Depth;3
BlockStat;28; 288; 128; 8;16;MT_Depth;3
BlockStat;28; 288; 128; 8;16;ChromaQPAdj;0
BlockStat;28; 288; 128; 8;16;QP;38
BlockStat;28; 288; 128; 8;16;SplitSeries;2198561
BlockStat;28; 288; 128; 8;16;SkipFlag;0
BlockStat;28; 288; 128; 8;16;PredMode;1
BlockStat;28; 288; 128; 8;16;Luma_IntraMode;3
BlockStat;28; 288; 128; 8;16;Chroma_IntraMode;3
BlockStat;28; 288; 128; 8;16;MultiRefIdx;0
BlockStat;28; 288; 128; 8;16;Cbf_Y;1
BlockStat;28; 288; 128; 8;16;TransformSkipFlag_Y;2
BlockStat;28; 288; 128; 8;16;Cbf_Cb;0
BlockStat;28; 288; 128; 8;16;Cbf_Cr;0
BlockStat;28; 288; 144; 8;16;Depth;5
BlockStat;28; 288; 144; 8;16;QT_Depth;2
BlockStat;28; 288; 144; 8;16;BT_Depth;3
BlockStat;28; 288; 144; 8;16;MT_Depth;3
BlockStat;28; 288; 144; 8;16;ChromaQPAdj;0
BlockStat;28; 288; 144; 8;16;QP;38
BlockStat;28; 288; 144; 8;16;SplitSeries;2198561
BlockStat;28; 288; 144; 8;16;SkipFlag;0
BlockStat;28; 288; 144; 8;16;PredMode;1
BlockStat;28; 288; 144; 8;16;Luma_IntraMode;7
BlockStat;28; 288; 144; 8;16;Chroma_IntraMode;7
BlockStat;28; 288; 144; 8;16;MultiRefIdx;0
BlockStat;28; 288; 144; 8;16;Cbf_Y;0
BlockStat;28; 288; 144; 8;16;TransformSkipFlag_Y;0
BlockStat;28; 288; 144; 8;16;Cbf_Cb;1
BlockStat;28; 288; 144; 8;16;Cbf_Cr;0
BlockStat;28; 296; 128; 8;32;Depth;4
BlockStat;28; 296; 128; 8;32;QT_Depth;2
BlockStat;28; 296; 128; 8;32;BT_Depth;2
BlockStat;28; 296; 128; 8;32;MT_Depth;2
BlockStat;28; 296; 128; 8;32;ChromaQPAdj;0
BlockStat;28; 296; 128; 8;32;QP;38
BlockStat;28; 296; 128; 8;32;SplitSeries;101409
BlockStat;28; 296; 128; 8;32;SkipFlag;0
BlockStat;28; 296; 128; 8;32;PredMode;1
BlockStat;28; 296; 128; 8;32;Luma_IntraMode;2
BlockStat;28; 296; 128; 8;32;Chroma_IntraMode;2
BlockStat;28; 296; 128; 8;32;MultiRefIdx;0
BlockStat;28; 296; 128; 8;32;Cbf_Y;1
BlockStat;28; 296; 128; 8;32;TransformSkipFlag_Y;2
BlockStat;28; 296; 128; 8;32;Cbf_Cb;0
BlockStat;28; 296; 128; 8;32;Cbf_Cr;0
BlockStat;28; 304; 128;16;32;Depth;3
BlockStat;28; 304; 128;16;32;QT_Depth;2
BlockStat;28; 304; 128;16;32;BT_Depth;1
BlockStat;28; 304; 128;16;32;MT_Depth;1
BlockStat;28; 304; 128;16;32;ChromaQPAdj;0
BlockStat;28; 304; 128;16;32;QP;38
BlockStat;28; 304; 128;16;32;SplitSeries;3105
BlockStat;28; 304; 128;16;32;SkipFlag;0
BlockStat;28; 304; 128;16;32;PredMode;1
BlockStat;28; 304; 128;16;32;Luma_IntraMode;2
BlockStat;28; 304; 128;16;32;Chroma_IntraMode;2
BlockStat;28; 304; 128;16;32;MultiRefIdx;0
BlockStat;28; 304; 128;16;32;Cbf_Y;1
BlockStat;28; 304; 128;16;32;TransformSkipFlag_Y;2
BlockStat;28; 304; 128;16;32;Cbf_Cb;0
BlockStat;28; 304; 128;16;32;Cbf_Cr;0
BlockStat;28; 256; 160;32;16;Depth;3
BlockStat;28; 256; 160;32;16;QT_Depth;2
BlockStat;28; 256; 160;32;16;BT_Depth;1
BlockStat;28; 256; 160;32;16;MT_Depth;1
BlockStat;28; 256; 160;32;16;ChromaQPAdj;0
BlockStat;28; 256; 160;32;16;QP;38
BlockStat;28; 256; 160;32;16;SplitSeries;2081
BlockStat;28; 256; 160;32;16;SkipFlag;0
BlockStat;28; 256; 160;32;16;PredMode;1
BlockStat;28; 256; 160;32;16;Luma_IntraMode;10
BlockStat;28; 256; 160;32;16;Chroma_IntraMode;0
BlockStat;28; 256; 160;32;16;MultiRefIdx;0
BlockStat;28; 256; 160;32;16;Cbf_Y;0
BlockStat;28; 256; 160;32;16;TransformSkipFlag_Y;0
BlockStat;28; 256; 160;32;16;Cbf_Cb;0
BlockStat;28; 256; 160;32;16;Cbf_Cr;0
BlockStat;28; 256; 176;32;16;Depth;3
BlockStat;28; 256; 176;32;16;QT_Depth;2
BlockStat;28; 256; 176;32;16;BT_Depth;1
BlockStat;28; 256; 176;32;16;MT_Depth;1
BlockStat;28; 256; 176;32;16;ChromaQPAdj;0
BlockStat;28; 256; 176;32;16;QP;38
BlockStat;28; 256; 176;32;16;SplitSeries;2081
BlockStat;28; 256; 176;32;16;SkipFlag;0
BlockStat;28; 256; 176;32;16;PredMode;1
BlockStat;28; 256; 176;32;16;Luma_IntraMode;1
BlockStat;28; 256; 176;32;16;Chroma_IntraMode;1
BlockStat;28; 256; 176;32;16;MultiRefIdx;0
BlockStat;28; 256; 176;32;16;Cbf_Y;0
BlockStat;28; 256; 176;32;16;TransformSkipFlag_Y;0
BlockStat;28; 256; 176;32;16;Cbf_Cb;0
BlockStat;28; 256; 176;32;16;Cbf_Cr;0
BlockStat;28; 288; 160;32; 8;Depth;3
BlockStat;28; 288; 160;32; 8;QT_Depth;2
BlockStat;28; 288; 160;32; 8;BT_Depth;2
BlockStat;28; 288; 160;32; 8;MT_Depth;1
BlockStat;28; 288; 160;32; 8;ChromaQPAdj;0
BlockStat;28; 288; 160;32; 8;QP;38
BlockStat;28; 288; 160;32; 8;SplitSeries;4129
BlockStat;28; 288; 160;32; 8;SkipFlag;0
BlockStat;28; 288; 160;32; 8;PredMode;1
BlockStat;28; 288; 160;32; 8;Luma_IntraMode;2
BlockStat;28; 288; 160;32; 8;Chroma_IntraMode;2
BlockStat;28; 288; 160;32; 8;MultiRefIdx;3
BlockStat;28; 288; 160;32; 8;Cbf_Y;0
BlockStat;28; 288; 160;32; 8;TransformSkipFlag_Y;0
BlockStat;28; 288; 160;32; 8;Cbf_Cb;0
BlockStat;28; 288; 160;32; 8;Cbf_Cr;0
BlockStat;28; 288; 168;32;16;Depth;3
BlockStat;28; 288; 168;32;16;QT_Depth;2
BlockStat;28; 288; 168;32;16;BT_Depth;1
BlockStat;28; 288; 168;32;16;MT_Depth;1
BlockStat;28; 288; 168;32;16;ChromaQPAdj;0
BlockStat;28; 288; 168;32;16;QP;38
BlockStat;28; 288; 168;32;16;SplitSeries;4129
BlockStat;28; 288; 168;32;16;SkipFlag;0
BlockStat;28; 288; 168;32;16;PredMode;1
BlockStat;28; 288; 168;32;16;Luma_IntraMode;2
BlockStat;28; 288; 168;32;16;Chroma_IntraMode;2
BlockStat;28; 288; 168;32;16;MultiRefIdx;0
BlockStat;28; 288; 168;32;16;Cbf_Y;0
BlockStat;28; 288; 168;32;16;TransformSkipFlag_Y;0
BlockStat;28; 288; 168;32;16;Cbf_Cb;0
BlockStat;28; 288; 168;32;16;Cbf_Cr;0
BlockStat;28; 288; 184;16; 8;Depth;4
BlockStat;28; 288; 184;16; 8;QT_Depth;2
BlockStat;28; 288; 184;16; 8;BT_Depth;3
BlockStat;28; 288; 184;16; 8;MT_Depth;2
BlockStat;28; 288; 184;16; 8;ChromaQPAdj;0
BlockStat;28; 288; 184;16; 8;QP;38
BlockStat;28; 288; 184;16; 8;SplitSeries;102433
BlockStat;28; 288; 184;16; 8;SkipFlag;0
BlockStat;28; 288; 184;16; 8;PredMode;1
BlockStat;28; 288; 184;16; 8;Luma_IntraMode;0
BlockStat;28; 288; 184;16; 8;Chroma_IntraMode;0
BlockStat;28; 288; 184;16; 8;MultiRefIdx;0
BlockStat;28; 288; 184;16; 8;Cbf_Y;0
BlockStat;28; 288; 184;16; 8;TransformSkipFlag_Y;0
BlockStat;28; 288; 184;16; 8;Cbf_Cb;0
BlockStat;28; 288; 184;16; 8;Cbf_Cr;0
BlockStat;28; 304; 184; 4; 8;Depth;5
BlockStat;28; 304; 184; 4; 8;QT_Depth;2
BlockStat;28; 304; 184; 4; 8;BT_Depth;5
BlockStat;28; 304; 184; 4; 8;MT_Depth;3
BlockStat;28; 304; 184; 4; 8;ChromaQPAdj;0
BlockStat;28; 304; 184; 4; 8;QP;38
BlockStat;28; 304; 184; 4; 8;SplitSeries;5345313
BlockStat;28; 304; 184; 4; 8;SkipFlag;0
BlockStat;28; 304; 184; 4; 8;PredMode;1
BlockStat;28; 304; 184; 4; 8;Luma_IntraMode;3
BlockStat;28; 304; 184; 4; 8;MultiRefIdx;0
BlockStat;28; 304; 184; 4; 8;Cbf_Y;0
BlockStat;28; 304; 184; 4; 8;TransformSkipFlag_Y;0
BlockStat;28; 308; 184; 8; 8;Depth;5
BlockStat;28; 308; 184; 8; 8;QT_Depth;2
BlockStat;28; 308; 184; 8; 8;BT_Depth;4
BlockStat;28; 308; 184; 8; 8;MT_Depth;3
BlockStat;28; 308; 184; 8; 8;ChromaQPAdj;0
BlockStat;28; 308; 184; 8; 8;QP;38
BlockStat;28; 308; 184; 8; 8;SplitSeries;5345313
BlockStat;28; 308; 184; 8; 8;SkipFlag;0
BlockStat;28; 308; 184; 8; 8;PredMode;1
BlockStat;28; 308; 184; 8; 8;Luma_IntraMode;65
BlockStat;28; 308; 184; 8; 8;MultiRefIdx;0
BlockStat;28; 308; 184; 8; 8;Cbf_Y;0
BlockStat;28; 308; 184; 8; 8;TransformSkipFlag_Y;0
BlockStat;28; 316; 184; 4; 8;Depth;5
BlockStat;28; 316; 184; 4; 8;QT_Depth;2
BlockStat;28; 316; 184; 4; 8;BT_Depth;5
BlockStat;28; 316; 184; 4; 8;MT_Depth;3
BlockStat;28; 316; 184; 4; 8;ChromaQPAdj;0
BlockStat;28; 316; 184; 4; 8;QP;38
BlockStat;28; 316; 184; 4; 8;SplitSeries;5345313
BlockStat;28; 316; 184; 4; 8;SkipFlag;0
BlockStat;28; 316; 184; 4; 8;PredMode;1
BlockStat;28; 316; 184; 4; 8;Luma_IntraMode;0
BlockStat;28; 316; 184; 4; 8;MultiRefIdx;0
BlockStat;28; 316; 184; 4; 4;Cbf_Y;2
BlockStat;28; 316; 184; 4; 4;TransformSkipFlag_Y;0
BlockStat;28; 316; 188; 4; 4;Cbf_Y;2
BlockStat;28; 316; 188; 4; 4;TransformSkipFlag_Y;0
BlockStat;28;   0;   0; 0; 0;Depth;4
BlockStat;28;   0;   0; 0; 0;QT_Depth;2
BlockStat;28;   0;   0; 0; 0;BT_Depth;3
BlockStat;28;   0;   0; 0; 0;MT_Depth;2
BlockStat;28;   0;   0; 0; 0;ChromaQPAdj;0
BlockStat;28;   0;   0; 0; 0;QP;38
BlockStat;28;   0;   0; 0; 0;SplitSeries;102433
BlockStat;28;   0;   0; 0; 0;PredMode;1
BlockStat;28; 304; 184;16; 8;Chroma_IntraMode;65
BlockStat;28; 304; 184;16; 8;Cbf_Cb;1
BlockStat;28; 304; 184;16; 8;Cbf_Cr;0
BlockStat;28; 320; 128; 8;32;Depth;3
BlockStat;28; 320; 128; 8;32;QT_Depth;2
BlockStat;28; 320; 128; 8;32;BT_Depth;2
BlockStat;28; 320; 128; 8;32;MT_Depth;1
BlockStat;28; 320; 128; 8;32;ChromaQPAdj;0
BlockStat;28; 320; 128; 8;32;QP;38
BlockStat;28; 320; 128; 8;32;SplitSeries;5153
BlockStat;28; 320; 128; 8;32;SkipFlag;0
BlockStat;28; 320; 128; 8;32;PredMode;1
BlockStat;28; 320; 128; 8;32;Luma_IntraMode;2
BlockStat;28; 320; 128; 8;32;Chroma_IntraMode;2
BlockStat;28; 320; 128; 8;32;MultiRefIdx;0
BlockStat;28; 320; 128; 8;32;Cbf_Y;1
BlockStat;28; 320; 128; 8;32;TransformSkipFlag_Y;0
BlockStat;28; 320; 128; 8;32;Cbf_Cb;0
BlockStat;28; 320; 128; 8;32;Cbf_Cr;0
BlockStat;28; 328; 128;16;16;Depth;4
BlockStat;28; 328; 128;16;16;QT_Depth;2
BlockStat;28; 328; 128;16;16;BT_Depth;2
BlockStat;28; 328; 128;16;16;MT_Depth;2
BlockStat;28; 328; 128;16;16;ChromaQPAdj;0
BlockStat;28; 328; 128;16;16;QP;38
BlockStat;28; 328; 128;16;16;SplitSeries;70689
BlockStat;28; 328; 128;16;16;SkipFlag;0
BlockStat;28; 328; 128;16;16;PredMode;1
BlockStat;28; 328; 128;16;16;Luma_IntraMode;62
BlockStat;28; 328; 128;16;16;Chroma_IntraMode;62
BlockStat;28; 328; 128;16;16;MultiRefIdx;0
BlockStat;28; 328; 128; 4;16;Cbf_Y;0
BlockStat;28; 328; 128; 4;16;TransformSkipFlag_Y;0
BlockStat;28;   0;   0; 0; 0;Cbf_Cb;0
BlockStat;28;   0;   0; 0; 0;Cbf_Cr;0
BlockStat;28; 332; 128; 4;16;Cbf_Y;0
BlockStat;28; 332; 128; 4;16;TransformSkipFlag_Y;0
BlockStat;28;   0;   0; 0; 0;Cbf_Cb;0
BlockStat;28;   0;   0; 0; 0;Cbf_Cr;0
BlockStat;28; 336; 128; 4;16;Cbf_Y;0
BlockStat;28; 336; 128; 4;16;TransformSkipFlag_Y;0
BlockStat;28;   0;   0; 0; 0;Cbf_Cb;0
BlockStat;28;   0;   0; 0; 0;Cbf_Cr;0
BlockStat;28; 340; 128; 4;16;Cbf_Y;2
BlockStat;28; 340; 128; 4;16;TransformSkipFlag_Y;0
BlockStat;28; 328; 128;16;16;Cbf_Cb;0
BlockStat;28; 328; 128;16;16;Cbf_Cr;0
BlockStat;28; 328; 144;16;16;Depth;4
BlockStat;28; 328; 144;16;16;QT_Depth;2
BlockStat;28; 328; 144;16;16;BT_Depth;2
BlockStat;28; 328; 144;16;16;MT_Depth;2
BlockStat;28; 328; 144;16;16;ChromaQPAdj;0
BlockStat;28; 328; 144;16;16;QP;38
BlockStat;28; 328; 144;16;16;SplitSeries;70689
BlockStat;28; 328; 144;16;16;SkipFlag;0
BlockStat;28; 328; 144;16;16;PredMode;1
BlockStat;28; 328; 144;16;16;Luma_IntraMode;57
BlockStat;28; 328; 144;16;16;Chroma_IntraMode;57
BlockStat;28; 328; 144;16;16;MultiRefIdx;0
BlockStat;28; 328; 144;16;16;Cbf_Y;1
BlockStat;28; 328; 144;16;16;TransformSkipFlag_Y;2
BlockStat;28; 328; 144;16;16;Cbf_Cb;0
BlockStat;28; 328; 144;16;16;Cbf_Cr;0
BlockStat;28; 344; 128; 8; 8;Depth;4
BlockStat;28; 344; 128; 8; 8;QT_Depth;2
BlockStat;28; 344; 128; 8; 8;BT_Depth;4
BlockStat;28; 344; 128; 8; 8;MT_Depth;2
BlockStat;28; 344; 128; 8; 8;ChromaQPAdj;0
BlockStat;28; 344; 128; 8; 8;QP;38
BlockStat;28; 344; 128; 8; 8;SplitSeries;136225
BlockStat;28; 344; 128; 8; 8;SkipFlag;1
BlockStat;28; 344; 128; 8; 8;MMVDSkipFlag;0
BlockStat;28; 344; 128; 8; 8;PredMode;0
BlockStat;28; 344; 128; 8; 8;MergeIdx;1
BlockStat;28; 344; 128; 8; 8;MergeType;0
BlockStat;28; 344; 128; 8; 8;MMVDMergeFlag;0
BlockStat;28; 344; 128; 8; 8;AffineFlag;0
BlockStat;28; 344; 128; 8; 8;MVPIdxL0;255
BlockStat;28; 344; 128; 8; 8;RefIdxL0;0
BlockStat;28; 344; 128; 8; 8;MVDL0;   0;   0
BlockStat;28; 344; 128; 8; 8;MVL0;-115;  68
BlockStat;28; 344; 136; 8;16;Depth;4
BlockStat;28; 344; 136; 8;16;QT_Depth;2
BlockStat;28; 344; 136; 8;16;BT_Depth;3
BlockStat;28; 344; 136; 8;16;MT_Depth;2
BlockStat;28; 344; 136; 8;16;ChromaQPAdj;0
BlockStat;28; 344; 136; 8;16;QP;38
BlockStat;28; 344; 136; 8;16;SplitSeries;136225
BlockStat;28; 344; 136; 8;16;SkipFlag;1
BlockStat;28; 344; 136; 8;16;MMVDSkipFlag;0
BlockStat;28; 344; 136; 8;16;PredMode;0
BlockStat;28; 344; 136; 8;16;MergeIdx;16
BlockStat;28; 344; 136; 8;16;MergeType;0
BlockStat;28; 344; 136; 8;16;MMVDMergeFlag;1
BlockStat;28; 344; 136; 8;16;MMVDMergeIdx;16
BlockStat;28; 344; 136; 8;16;MVPIdxL0;255
BlockStat;28; 344; 136; 8;16;RefIdxL0;0
BlockStat;28; 344; 136; 8;16;MVDL0;   0;   0
BlockStat;28; 344; 136; 8;16;MVL0; -99;  68
BlockStat;28; 344; 152; 8; 8;Depth;4
BlockStat;28; 344; 152; 8; 8;QT_Depth;2
BlockStat;28; 344; 152; 8; 8;BT_Depth;4
BlockStat;28; 344; 152; 8; 8;MT_Depth;2
BlockStat;28; 344; 152; 8; 8;ChromaQPAdj;0
BlockStat;28; 344; 152; 8; 8;QP;38
BlockStat;28; 344; 152; 8; 8;SplitSeries;136225
BlockStat;28; 344; 152; 8; 8;SkipFlag;1
BlockStat;28; 344; 152; 8; 8;MMVDSkipFlag;0
BlockStat;28; 344; 152; 8; 8;PredMode;0
BlockStat;28; 344; 152; 8; 8;MergeIdx;0
BlockStat;28; 344; 152; 8; 8;MergeType;0
BlockStat;28; 344; 152; 8; 8;MMVDMergeFlag;0
BlockStat;28; 344; 152; 8; 8;AffineFlag;0
BlockStat;28; 344; 152; 8; 8;MVPIdxL0;255
BlockStat;28; 344; 152; 8; 8;RefIdxL0;0
BlockStat;28; 344; 152; 8; 8;MVDL0;   0;   0
BlockStat;28; 344; 152; 8; 8;MVL0; -99;  68
BlockStat;28; 352; 128;32;32;Depth;2
BlockStat;28; 352; 128;32;32;QT_Depth;2
BlockStat;28; 352; 128;32;32;BT_Depth;0
BlockStat;28; 352; 128;32;32;MT_Depth;0
BlockStat;28; 352; 128;32;32;ChromaQPAdj;0
BlockStat;28; 352; 128;32;32;QP;38
BlockStat;28; 352; 128;32;32;SplitSeries;33
BlockStat;28; 352; 128;32;32;SkipFlag;0
BlockStat;28; 352; 128;32;32;PredMode;0
BlockStat;28; 352; 128;32;32;MergeFlag;1
BlockStat;28; 352; 128;32;32;MergeIdx;0
BlockStat;28; 352; 128;32;32;MergeType;0
BlockStat;28; 352; 128;32;32;MMVDMergeFlag;0
BlockStat;28; 352; 128;32;32;AffineFlag;0
BlockStat;28; 352; 128;32;32;MHIntraFlag;1
BlockStat;28; 352; 128;32;32;Luma_IntraMode;0
BlockStat;28; 352; 128;32;32;Chroma_IntraMode;70
BlockStat;28; 352; 128;32;32;MVPIdxL0;255
BlockStat;28; 352; 128;32;32;RefIdxL0;0
BlockStat;28; 352; 128;32;32;MVDL0;   0;   0
BlockStat;28; 352; 128;32;32;MVL0; -99;  68
BlockStat;28; 352; 128;32;32;Cbf_Y;1
BlockStat;28; 352; 128;32;32;TransformSkipFlag_Y;0
BlockStat;28; 352; 128;32;32;Cbf_Cb;0
BlockStat;28; 352; 128;32;32;Cbf_Cr;0
BlockStat;28; 320; 160;32;16;Depth;3
BlockStat;28; 320; 160;32;16;QT_Depth;2
BlockStat;28; 320; 160;32;16;BT_Depth;1
BlockStat;28; 320; 160;32;16;MT_Depth;1
BlockStat;28; 320; 160;32;16;ChromaQPAdj;0
BlockStat;28; 320; 160;32;16;QP;38
BlockStat;28; 320; 160;32;16;SplitSeries;2081
BlockStat;28; 320; 160;32;16;SkipFlag;0
BlockStat;28; 320; 160;32;16;PredMode;1
BlockStat;28; 320; 160;32;16;Luma_IntraMode;53
BlockStat;28; 320; 160;32;16;Chroma_IntraMode;53
BlockStat;28; 320; 160;32;16;MultiRefIdx;0
BlockStat;28; 320; 160;32;16;Cbf_Y;1
BlockStat;28; 320; 160;32;16;TransformSkipFlag_Y;2
BlockStat;28; 320; 160;32;16;Cbf_Cb;0
BlockStat;28; 320; 160;32;16;Cbf_Cr;0
BlockStat;28; 320; 176; 4;16;Depth;5
BlockStat;28; 320; 176; 4;16;QT_Depth;2
BlockStat;28; 320; 176; 4;16;BT_Depth;4
BlockStat;28; 320; 176; 4;16;MT_Depth;3
BlockStat;28; 320; 176; 4;16;ChromaQPAdj;0
BlockStat;28; 320; 176; 4;16;QP;38
BlockStat;28; 320; 176; 4;16;SplitSeries;5343265
BlockStat;28; 320; 176; 4;16;SkipFlag;0
BlockStat;28; 320; 176; 4;16;PredMode;1
BlockStat;28; 320; 176; 4;16;Luma_IntraMode;0
BlockStat;28; 320; 176; 4;16;Chroma_IntraMode;0
BlockStat;28; 320; 176; 4;16;MultiRefIdx;0
BlockStat;28; 320; 176; 4; 4;Cbf_Y;0
BlockStat;28; 320; 176; 4; 4;TransformSkipFlag_Y;0
BlockStat;28;   0;   0; 0; 0;Cbf_Cb;0
BlockStat;28;   0;   0; 0; 0;Cbf_Cr;0
BlockStat;28; 320; 180; 4; 4;Cbf_Y;0
BlockStat;28; 320; 180; 4; 4;TransformSkipFlag_Y;0
BlockStat;28;   0;   0; 0; 0;Cbf_Cb;0
BlockStat;28;   0;   0; 0; 0;Cbf_Cr;0
BlockStat;28; 320; 184; 4; 4;Cbf_Y;0
BlockStat;28; 320; 184; 4; 4;TransformSkipFlag_Y;0
BlockStat;28;   0;   0; 0; 0;Cbf_Cb;0
BlockStat;28;   0;   0; 0; 0;Cbf_Cr;0
BlockStat;28; 320; 188; 4; 4;Cbf_Y;2
BlockStat;28; 320; 188; 4; 4;TransformSkipFlag_Y;0
BlockStat;28; 320; 176; 4;16;Cbf_Cb;0
BlockStat;28; 320; 176; 4;16;Cbf_Cr;0
BlockStat;28; 324; 176; 8;16;Depth;5
BlockStat;28; 324; 176; 8;16;QT_Depth;2
BlockStat;28; 324; 176; 8;16;BT_Depth;3
BlockStat;28; 324; 176; 8;16;MT_Depth;3
BlockStat;28; 324; 176; 8;16;ChromaQPAdj;0
BlockStat;28; 324; 176; 8;16;QP;38
BlockStat;28; 324; 176; 8;16;SplitSeries;5343265
BlockStat;28; 324; 176; 8;16;SkipFlag;0
BlockStat;28; 324; 176; 8;16;PredMode;1
BlockStat;28; 324; 176; 8;16;Luma_IntraMode;2
BlockStat;28; 324; 176; 8;16;Chroma_IntraMode;2
BlockStat;28; 324; 176; 8;16;MultiRefIdx;0
BlockStat;28; 324; 176; 8;16;Cbf_Y;1
BlockStat;28; 324; 176; 8;16;TransformSkipFlag_Y;2
BlockStat;28; 324; 176; 8;16;Cbf_Cb;1
BlockStat;28; 324; 176; 8;16;Cbf_Cr;0
BlockStat;28; 332; 176; 4;16;Depth;5
BlockStat;28; 332; 176; 4;16;QT_Depth;2
BlockStat;28; 332; 176; 4;16;BT_Depth;4
BlockStat;28; 332; 176; 4;16;MT_Depth;3
BlockStat;28; 332; 176; 4;16;ChromaQPAdj;0
BlockStat;28; 332; 176; 4;16;QP;38
BlockStat;28; 332; 176; 4;16;SplitSeries;5343265
BlockStat;28; 332; 176; 4;16;SkipFlag;0
BlockStat;28; 332; 176; 4;16;PredMode;1
BlockStat;28; 332; 176; 4;16;Luma_IntraMode;0
BlockStat;28; 332; 176; 4;16;Chroma_IntraMode;0
BlockStat;28; 332; 176; 4;16;MultiRefIdx;0
BlockStat;28; 332; 176; 4;16;Cbf_Y;1
BlockStat;28; 332; 176; 4;16;TransformSkipFlag_Y;0
BlockStat;28; 332; 176; 4;16;Cbf_Cb;0
BlockStat;28; 332; 176; 4;16;Cbf_Cr;0
BlockStat;28; 336; 176;16;16;Depth;4
BlockStat;28; 336; 176;16;16;QT_Depth;2
BlockStat;28; 336; 176;16;16;BT_Depth;2
BlockStat;28; 336; 176;16;16;MT_Depth;2
BlockStat;28; 336; 176;16;16;ChromaQPAdj;0
BlockStat;28; 336; 176;16;16;QP;38
BlockStat;28; 336; 176;16;16;SplitSeries;100385
BlockStat;28; 336; 176;16;16;SkipFlag;0
BlockStat;28; 336; 176;16;16;PredMode;1
BlockStat;28; 336; 176;16;16;Luma_IntraMode;53
BlockStat;28; 336; 176;16;16;Chroma_IntraMode;53
BlockStat;28; 336; 176;16;16;MultiRefIdx;0
BlockStat;28; 336; 176;16;16;Cbf_Y;1
BlockStat;28; 336; 176;16;16;TransformSkipFlag_Y;0
BlockStat;28; 336; 176;16;16;Cbf_Cb;0
BlockStat;28; 336; 176;16;16;Cbf_Cr;0
BlockStat;28; 352; 160;32;32;Depth;2
BlockStat;28; 352; 160;32;32;QT_Depth;2
BlockStat;28; 352; 160;32;32;BT_Depth;0
BlockStat;28; 352; 160;32;32;MT_Depth;0
BlockStat;28; 352; 160;32;32;ChromaQPAdj;0
BlockStat;28; 352; 160;32;32;QP;38
BlockStat;28; 352; 160;32;32;SplitSeries;33
BlockStat;28; 352; 160;32;32;SkipFlag;0
BlockStat;28; 352; 160;32;32;PredMode;1
BlockStat;28; 352; 160;32;32;Luma_IntraMode;0
BlockStat;28; 352; 160;32;32;Chroma_IntraMode;0
BlockStat;28; 352; 160;32;32;MultiRefIdx;0
BlockStat;28; 352; 160; 8;32;Cbf_Y;2
BlockStat;28; 352; 160; 8;32;TransformSkipFlag_Y;0
BlockStat;28;   0;   0; 0; 0;Cbf_Cb;0
BlockStat;28;   0;   0; 0; 0;Cbf_Cr;0
BlockStat;28; 360; 160; 8;32;Cbf_Y;2
BlockStat;28; 360; 160; 8;32;TransformSkipFlag_Y;0
BlockStat;28;   0;   0; 0; 0;Cbf_Cb;0
BlockStat;28;   0;   0; 0; 0;Cbf_Cr;0
BlockStat;28; 368; 160; 8;32;Cbf_Y;2
BlockStat;28; 368; 160; 8;32;TransformSkipFlag_Y;0
BlockStat;28;   0;   0; 0; 0;Cbf_Cb;0
BlockStat;28;   0;   0; 0; 0;Cbf_Cr;0
BlockStat;28; 376; 160; 8;32;Cbf_Y;2
BlockStat;28; 376; 160; 8;32;TransformSkipFlag_Y;0
BlockStat;28; 352; 160;32;32;Cbf_Cb;0
BlockStat;28; 352; 160;32;32;Cbf_Cr;0
BlockStat;28; 256; 192;32;16;Depth;3
BlockStat;28; 256; 192;32;16;QT_Depth;2
BlockStat;28; 256; 192;32;16;BT_Depth;1
BlockStat;28; 256; 192;32;16;MT_Depth;1
BlockStat;28; 256; 192;32;16;ChromaQPAdj;0
BlockStat;28; 256; 192;32;16;QP;38
BlockStat;28; 256; 192;32;16;SplitSeries;2081
BlockStat;28; 256; 192;32;16;SkipFlag;0
BlockStat;28; 256; 192;32;16;PredMode;1
BlockStat;28; 256; 192;32;16;Luma_IntraMode;65
BlockStat;28; 256; 192;32;16;Chroma_IntraMode;65
BlockStat;28; 256; 192;32;16;MultiRefIdx;0
BlockStat;28; 256; 192; 8;16;Cbf_Y;2
BlockStat;28; 256; 192; 8;16;TransformSkipFlag_Y;0
BlockStat;28;   0;   0; 0; 0;Cbf_Cb;0
BlockStat;28;   0;   0; 0; 0;Cbf_Cr;0
BlockStat;28; 264; 192; 8;16;Cbf_Y;0
BlockStat;28; 264; 192; 8;16;TransformSkipFlag_Y;0
BlockStat;28;   0;   0; 0; 0;Cbf_Cb;0
BlockStat;28;   0;   0; 0; 0;Cbf_Cr;0
BlockStat;28; 272; 192; 8;16;Cbf_Y;0
BlockStat;28; 272; 192; 8;16;TransformSkipFlag_Y;0
BlockStat;28;   0;   0; 0; 0;Cbf_Cb;0
BlockStat;28;   0;   0; 0; 0;Cbf_Cr;0
BlockStat;28; 280; 192; 8;16;Cbf_Y;0
BlockStat;28; 280; 192; 8;16;TransformSkipFlag_Y;0
BlockStat;28; 256; 192;32;16;Cbf_Cb;2
BlockStat;28; 256; 192;32;16;Cbf_Cr;0
BlockStat;28; 256; 208; 8; 8;Depth;5
BlockStat;28; 256; 208; 8; 8;QT_Depth;2
BlockStat;28; 256; 208; 8; 8;BT_Depth;4
BlockStat;28; 256; 208; 8; 8;MT_Depth;3
BlockStat;28; 256; 208; 8; 8;ChromaQPAdj;0
BlockStat;28; 256; 208; 8; 8;QP;38
BlockStat;28; 256; 208; 8; 8;SplitSeries;5310497
BlockStat;28; 256; 208; 8; 8;SkipFlag;0
BlockStat;28; 256; 208; 8; 8;PredMode;1
BlockStat;28; 256; 208; 8; 8;Luma_IntraMode;0
BlockStat;28; 256; 208; 8; 8;Chroma_IntraMode;67
BlockStat;28; 256; 208; 8; 8;MultiRefIdx;0
BlockStat;28; 256; 208; 8; 8;Cbf_Y;1
BlockStat;28; 256; 208; 8; 8;TransformSkipFlag_Y;2
BlockStat;28; 256; 208; 8; 8;Cbf_Cb;0
BlockStat;28; 256; 208; 8; 8;Cbf_Cr;0
BlockStat;28; 264; 208;16; 8;Depth;5
BlockStat;28; 264; 208;16; 8;QT_Depth;2
BlockStat;28; 264; 208;16; 8;BT_Depth;3
BlockStat;28; 264; 208;16; 8;MT_Depth;3
BlockStat;28; 264; 208;16; 8;ChromaQPAdj;0
BlockStat;28; 264; 208;16; 8;QP;38
BlockStat;28; 264; 208;16; 8;SplitSeries;5310497
BlockStat;28; 264; 208;16; 8;SkipFlag;0
BlockStat;28; 264; 208;16; 8;PredMode;1
BlockStat;28; 264; 208;16; 8;Luma_IntraMode;0
BlockStat;28; 264; 208;16; 8;Chroma_IntraMode;67
BlockStat;28; 264; 208;16; 8;MultiRefIdx;0
BlockStat;28; 264; 208;16; 8;Cbf_Y;1
BlockStat;28; 264; 208;16; 8;TransformSkipFlag_Y;2
BlockStat;28; 264; 208;16; 8;Cbf_Cb;0
BlockStat;28; 264; 208;16; 8;Cbf_Cr;0
BlockStat;28; 280; 208; 8; 8;Depth;5
BlockStat;28; 280; 208; 8; 8;QT_Depth;2
BlockStat;28; 280; 208; 8; 8;BT_Depth;4
BlockStat;28; 280; 208; 8; 8;MT_Depth;3
BlockStat;28; 280; 208; 8; 8;ChromaQPAdj;0
BlockStat;28; 280; 208; 8; 8;QP;38
BlockStat;28; 280; 208; 8; 8;SplitSeries;5310497
BlockStat;28; 280; 208; 8; 8;SkipFlag;0
BlockStat;28; 280; 208; 8; 8;PredMode;1
BlockStat;28; 280; 208; 8; 8;Luma_IntraMode;65
BlockStat;28; 280; 208; 8; 8;Chroma_IntraMode;67
BlockStat;28; 280; 208; 8; 8;MultiRefIdx;0
BlockStat;28; 280; 208; 8; 8;Cbf_Y;1
BlockStat;28; 280; 208; 8; 8;TransformSkipFlag_Y;0
BlockStat;28; 280; 208; 8; 8;Cbf_Cb;0
BlockStat;28; 280; 208; 8; 8;Cbf_Cr;0
BlockStat;28; 256; 216;16; 8;Depth;5
BlockStat;28; 256; 216;16; 8;QT_Depth;2
BlockStat;28; 256; 216;16; 8;BT_Depth;3
BlockStat;28; 256; 216;16; 8;MT_Depth;3
BlockStat;28; 256; 216;16; 8;ChromaQPAdj;0
BlockStat;28; 256; 216;16; 8;QP;38
BlockStat;28; 256; 216;16; 8;SplitSeries;3213345
BlockStat;28; 256; 216;16; 8;SkipFlag;0
BlockStat;28; 256; 216;16; 8;PredMode;0
BlockStat;28; 256; 216;16; 8;MergeFlag;1
BlockStat;28; 256; 216;16; 8;MergeIdx;0
BlockStat;28; 256; 216;16; 8;MergeType;0
BlockStat;28; 256; 216;16; 8;MMVDMergeFlag;0
BlockStat;28; 256; 216;16; 8;AffineFlag;0
BlockStat;28; 256; 216;16; 8;MHIntraFlag;0
BlockStat;28; 256; 216;16; 8;MVPIdxL0;255
BlockStat;28; 256; 216;16; 8;RefIdxL0;0
BlockStat;28; 256; 216;16; 8;MVDL0;   0;   0
BlockStat;28; 256; 216;16; 8;MVL0; -17;  24
BlockStat;28; 256; 216;16; 8;Cbf_Y;1
BlockStat;28; 256; 216;16; 8;TransformSkipFlag_Y;0
BlockStat;28; 256; 216;16; 8;Cbf_Cb;0
BlockStat;28; 256; 216;16; 8;Cbf_Cr;0
BlockStat;28; 272; 216;16; 8;Depth;5
BlockStat;28; 272; 216;16; 8;QT_Depth;2
BlockStat;28; 272; 216;16; 8;BT_Depth;3
BlockStat;28; 272; 216;16; 8;MT_Depth;3
BlockStat;28; 272; 216;16; 8;ChromaQPAdj;0
BlockStat;28; 272; 216;16; 8;QP;38
BlockStat;28; 272; 216;16; 8;SplitSeries;3213345
BlockStat;28; 272; 216;16; 8;SkipFlag;0
BlockStat;28; 272; 216;16; 8;PredMode;1
BlockStat;28; 272; 216;16; 8;Luma_IntraMode;60
BlockStat;28; 272; 216;16; 8;Chroma_IntraMode;60
BlockStat;28; 272; 216;16; 8;MultiRefIdx;0
BlockStat;28; 272; 216;16; 8;Cbf_Y;1
BlockStat;28; 272; 216;16; 8;TransformSkipFlag_Y;0
BlockStat;28; 272; 216;16; 8;Cbf_Cb;0
BlockStat;28; 272; 216;16; 8;Cbf_Cr;0
BlockStat;28; 288; 192;16;16;Depth;4
BlockStat;28; 288; 192;16;16;QT_Depth;2
BlockStat;28; 288; 192;16;16;BT_Depth;2
BlockStat;28; 288; 192;16;16;MT_Depth;2
BlockStat;28; 288; 192;16;16;ChromaQPAdj;0
BlockStat;28; 288; 192;16;16;QP;38
BlockStat;28; 288; 192;16;16;SplitSeries;68641
BlockStat;28; 288; 192;16;16;SkipFlag;0
BlockStat;28; 288; 192;16;16;PredMode;1
BlockStat;28; 288; 192;16;16;Luma_IntraMode;0
BlockStat;28; 288; 192;16;16;Chroma_IntraMode;0
BlockStat;28; 288; 192;16;16;MultiRefIdx;0
BlockStat;28; 288; 192; 4;16;Cbf_Y;0
BlockStat;28; 288; 192; 4;16;TransformSkipFlag_Y;0
BlockStat;28;   0;   0; 0; 0;Cbf_Cb;0
BlockStat;28;   0;   0; 0; 0;Cbf_Cr;0
BlockStat;28; 292; 192; 4;16;Cbf_Y;0
BlockStat;28; 292; 192; 4;16;TransformSkipFlag_Y;0
BlockStat;28;   0;   0; 0; 0;Cbf_Cb;0
BlockStat;28;   0;   0; 0; 0;Cbf_Cr;0
BlockStat;28; 296; 192; 4;16;Cbf_Y;2
BlockStat;28; 296; 192; 4;16;TransformSkipFlag_Y;0
BlockStat;28;   0;   0; 0; 0;Cbf_Cb;0
BlockStat;28;   0;   0; 0; 0;Cbf_Cr;0
BlockStat;28; 300; 192; 4;16;Cbf_Y;2
BlockStat;28; 300; 192; 4;16;TransformSkipFlag_Y;0
BlockStat;28; 288; 192;16;16;Cbf_Cb;0
BlockStat;28; 288; 192;16;16;Cbf_Cr;0
BlockStat;28; 288; 208;16; 8;Depth;5
BlockStat;28; 288; 208;16; 8;QT_Depth;2
BlockStat;28; 288; 208;16; 8;BT_Depth;3
BlockStat;28; 288; 208;16; 8;MT_Depth;3
BlockStat;28; 288; 208;16; 8;ChromaQPAdj;0
BlockStat;28; 288; 208;16; 8;QP;38
BlockStat;28; 288; 208;16; 8;SplitSeries;2165793
BlockStat;28; 288; 208;16; 8;SkipFlag;0
BlockStat;28; 288; 208;16; 8;PredMode;1
BlockStat;28; 288; 208;16; 8;Luma_IntraMode;65
BlockStat;28; 288; 208;16; 8;Chroma_IntraMode;65
BlockStat;28; 288; 208;16; 8;MultiRefIdx;0
BlockStat;28; 288; 208; 4; 8;Cbf_Y;2
BlockStat;28; 288; 208; 4; 8;TransformSkipFlag_Y;0
BlockStat;28;   0;   0; 0; 0;Cbf_Cb;0
BlockStat;28;   0;   0; 0; 0;Cbf_Cr;0
BlockStat;28; 292; 208; 4; 8;Cbf_Y;2
BlockStat;28; 292; 208; 4; 8;TransformSkipFlag_Y;0
BlockStat;28;   0;   0; 0; 0;Cbf_Cb;0
BlockStat;28;   0;   0; 0; 0;Cbf_Cr;0
BlockStat;28; 296; 208; 4; 8;Cbf_Y;2
BlockStat;28; 296; 208; 4; 8;TransformSkipFlag_Y;0
BlockStat;28;   0;   0; 0; 0;Cbf_Cb;0
BlockStat;28;   0;   0; 0; 0;Cbf_Cr;0
BlockStat;28; 300; 208; 4; 8;Cbf_Y;0
BlockStat;28; 300; 208; 4; 8;TransformSkipFlag_Y;0
BlockStat;28; 288; 208;16; 8;Cbf_Cb;0
BlockStat;28; 288; 208;16; 8;Cbf_Cr;0
BlockStat;28; 288; 216;16; 8;Depth;5
BlockStat;28; 288; 216;16; 8;QT_Depth;2
BlockStat;28; 288; 216;16; 8;BT_Depth;3
BlockStat;28; 288; 216;16; 8;MT_Depth;3
BlockStat;28; 288; 216;16; 8;ChromaQPAdj;0
BlockStat;28; 288; 216;16; 8;QP;38
BlockStat;28; 288; 216;16; 8;SplitSeries;2165793
BlockStat;28; 288; 216;16; 8;SkipFlag;0
BlockStat;28; 288; 216;16; 8;PredMode;1
BlockStat;28; 288; 216;16; 8;Luma_IntraMode;0
BlockStat;28; 288; 216;16; 8;Chroma_IntraMode;67
BlockStat;28; 288; 216;16; 8;MultiRefIdx;0
BlockStat;28; 288; 216;16; 8;Cbf_Y;1
BlockStat;28; 288; 216;16; 8;TransformSkipFlag_Y;2
BlockStat;28; 288; 216;16; 8;Cbf_Cb;1
BlockStat;28; 288; 216;16; 8;Cbf_Cr;0
BlockStat;28; 304; 192; 8; 8;Depth;5
BlockStat;28; 304; 192; 8; 8;QT_Depth;2
BlockStat;28; 304; 192; 8; 8;BT_Depth;4
BlockStat;28; 304; 192; 8; 8;MT_Depth;3
BlockStat;28; 304; 192; 8; 8;ChromaQPAdj;0
BlockStat;28; 304; 192; 8; 8;QP;38
BlockStat;28; 304; 192; 8; 8;SplitSeries;4295713
BlockStat;28; 304; 192; 8; 8;SkipFlag;0
BlockStat;28; 304; 192; 8; 8;PredMode;1
BlockStat;28; 304; 192; 8; 8;Luma_IntraMode;0
BlockStat;28; 304; 192; 8; 8;Chroma_IntraMode;0
BlockStat;28; 304; 192; 8; 8;MultiRefIdx;0
BlockStat;28; 304; 192; 8; 8;Cbf_Y;1
BlockStat;28; 304; 192; 8; 8;TransformSkipFlag_Y;0
BlockStat;28; 304; 192; 8; 8;Cbf_Cb;0
BlockStat;28; 304; 192; 8; 8;Cbf_Cr;0
BlockStat;28; 304; 200; 8;16;Depth;5
BlockStat;28; 304; 200; 8;16;QT_Depth;2
BlockStat;28; 304; 200; 8;16;BT_Depth;3
BlockStat;28; 304; 200; 8;16;MT_Depth;3
BlockStat;28; 304; 200; 8;16;ChromaQPAdj;0
BlockStat;28; 304; 200; 8;16;QP;38
BlockStat;28; 304; 200; 8;16;SplitSeries;4295713
BlockStat;28; 304; 200; 8;16;SkipFlag;0
BlockStat;28; 304; 200; 8;16;PredMode;1
BlockStat;28; 304; 200; 8;16;Luma_IntraMode;2
BlockStat;28; 304; 200; 8;16;Chroma_IntraMode;2
BlockStat;28; 304; 200; 8;16;MultiRefIdx;1
BlockStat;28; 304; 200; 8;16;Cbf_Y;1
BlockStat;28; 304; 200; 8;16;TransformSkipFlag_Y;2
BlockStat;28; 304; 200; 8;16;Cbf_Cb;0
BlockStat;28; 304; 200; 8;16;Cbf_Cr;0
BlockStat;28; 304; 216; 8; 8;Depth;5
BlockStat;28; 304; 216; 8; 8;QT_Depth;2
BlockStat;28; 304; 216; 8; 8;BT_Depth;4
BlockStat;28; 304; 216; 8; 8;MT_Depth;3
BlockStat;28; 304; 216; 8; 8;ChromaQPAdj;0
BlockStat;28; 304; 216; 8; 8;QP;38
BlockStat;28; 304; 216; 8; 8;SplitSeries;4295713
BlockStat;28; 304; 216; 8; 8;SkipFlag;0
BlockStat;28; 304; 216; 8; 8;PredMode;0
BlockStat;28; 304; 216; 8; 8;MergeFlag;1
BlockStat;28; 304; 216; 8; 8;MergeIdx;0
BlockStat;28; 304; 216; 8; 8;MergeType;0
BlockStat;28; 304; 216; 8; 8;MMVDMergeFlag;0
BlockStat;28; 304; 216; 8; 8;AffineFlag;0
BlockStat;28; 304; 216; 8; 8;MHIntraFlag;1
BlockStat;28; 304; 216; 8; 8;Luma_IntraMode;0
BlockStat;28; 304; 216; 8; 8;Chroma_IntraMode;70
BlockStat;28; 304; 216; 8; 8;MVPIdxL0;255
BlockStat;28; 304; 216; 8; 8;RefIdxL0;0
BlockStat;28; 304; 216; 8; 8;MVDL0;   0;   0
BlockStat;28; 304; 216; 8; 8;MVL0; -17;  24
BlockStat;28; 304; 216; 8; 8;Cbf_Y;1
BlockStat;28; 304; 216; 8; 8;TransformSkipFlag_Y;1
BlockStat;28; 304; 216; 8; 8;Cbf_Cb;0
BlockStat;28; 304; 216; 8; 8;Cbf_Cr;0
BlockStat;28; 312; 192; 8;32;Depth;4
BlockStat;28; 312; 192; 8;32;QT_Depth;2
BlockStat;28; 312; 192; 8;32;BT_Depth;2
BlockStat;28; 312; 192; 8;32;MT_Depth;2
BlockStat;28; 312; 192; 8;32;ChromaQPAdj;0
BlockStat;28; 312; 192; 8;32;QP;38
BlockStat;28; 312; 192; 8;32;SplitSeries;101409
BlockStat;28; 312; 192; 8;32;SkipFlag;0
BlockStat;28; 312; 192; 8;32;PredMode;1
BlockStat;28; 312; 192; 8;32;Luma_IntraMode;1
BlockStat;28; 312; 192; 8;32;Chroma_IntraMode;67
BlockStat;28; 312; 192; 8;32;MultiRefIdx;0
BlockStat;28; 312; 192; 8;32;Cbf_Y;1
BlockStat;28; 312; 192; 8;32;TransformSkipFlag_Y;2
BlockStat;28; 312; 192; 8;32;Cbf_Cb;0
BlockStat;28; 312; 192; 8;32;Cbf_Cr;0
BlockStat;28; 256; 224;16; 8;Depth;4
BlockStat;28; 256; 224;16; 8;QT_Depth;2
BlockStat;28; 256; 224;16; 8;BT_Depth;3
BlockStat;28; 256; 224;16; 8;MT_Depth;2
BlockStat;28; 256; 224;16; 8;ChromaQPAdj;0
BlockStat;28; 256; 224;16; 8;QP;38
BlockStat;28; 256; 224;16; 8;SplitSeries;102433
BlockStat;28; 256; 224;16; 8;SkipFlag;1
BlockStat;28; 256; 224;16; 8;MMVDSkipFlag;0
BlockStat;28; 256; 224;16; 8;PredMode;0
BlockStat;28; 256; 224;16; 8;MergeIdx;3
BlockStat;28; 256; 224;16; 8;MergeType;0
BlockStat;28; 256; 224;16; 8;MMVDMergeFlag;0
BlockStat;28; 256; 224;16; 8;AffineFlag;0
BlockStat;28; 256; 224;16; 8;MVPIdxL0;255
BlockStat;28; 256; 224;16; 8;RefIdxL0;0
BlockStat;28; 256; 224;16; 8;MVPIdxL1;255
BlockStat;28; 256; 224;16; 8;RefIdxL1;0
BlockStat;28; 256; 224;16; 8;MVDL0;   0;   0
BlockStat;28; 256; 224;16; 8;MVL0; -17;  24
BlockStat;28; 256; 224;16; 8;MVDL1;   0;   0
BlockStat;28; 256; 224;16; 8;MVL1; -18;  25
BlockStat;28; 272; 224; 4; 8;Depth;5
BlockStat;28; 272; 224; 4; 8;QT_Depth;2
BlockStat;28; 272; 224; 4; 8;BT_Depth;5
BlockStat;28; 272; 224; 4; 8;MT_Depth;3
BlockStat;28; 272; 224; 4; 8;ChromaQPAdj;0
BlockStat;28; 272; 224; 4; 8;QP;38
BlockStat;28; 272; 224; 4; 8;SplitSeries;5345313
BlockStat;28; 272; 224; 4; 8;SkipFlag;0
BlockStat;28; 272; 224; 4; 8;PredMode;1
BlockStat;28; 272; 224; 4; 8;Luma_IntraMode;0
BlockStat;28; 272; 224; 4; 8;MultiRefIdx;0
BlockStat;28; 272; 224; 4; 8;Cbf_Y;1
BlockStat;28; 272; 224; 4; 8;TransformSkipFlag_Y;1
BlockStat;28; 276; 224; 8; 8;Depth;5
BlockStat;28; 276; 224; 8; 8;QT_Depth;2
BlockStat;28; 276; 224; 8; 8;BT_Depth;4
BlockStat;28; 276; 224; 8; 8;MT_Depth;3
BlockStat;28; 276; 224; 8; 8;ChromaQPAdj;0
BlockStat;28; 276; 224; 8; 8;QP;38
BlockStat;28; 276; 224; 8; 8;SplitSeries;5345313
BlockStat;28; 276; 224; 8; 8;SkipFlag;0
BlockStat;28; 276; 224; 8; 8;PredMode;1
BlockStat;28; 276; 224; 8; 8;Luma_IntraMode;0
BlockStat;28; 276; 224; 8; 8;MultiRefIdx;0
BlockStat;28; 276; 224; 8; 8;Cbf_Y;1
BlockStat;28; 276; 224; 8; 8;TransformSkipFlag_Y;2
BlockStat;28; 284; 224; 4; 8;Depth;5
BlockStat;28; 284; 224; 4; 8;QT_Depth;2
BlockStat;28; 284; 224; 4; 8;BT_Depth;5
BlockStat;28; 284; 224; 4; 8;MT_Depth;3
BlockStat;28; 284; 224; 4; 8;ChromaQPAdj;0
BlockStat;28; 284; 224; 4; 8;QP;38
BlockStat;28; 284; 224; 4; 8;SplitSeries;5345313
BlockStat;28; 284; 224; 4; 8;SkipFlag;0
BlockStat;28; 284; 224; 4; 8;PredMode;1
BlockStat;28; 284; 224; 4; 8;Luma_IntraMode;62
BlockStat;28; 284; 224; 4; 8;MultiRefIdx;0
BlockStat;28; 284; 224; 4; 8;Cbf_Y;1
BlockStat;28; 284; 224; 4; 8;TransformSkipFlag_Y;2
BlockStat;28;   0;   0; 0; 0;Depth;4
BlockStat;28;   0;   0; 0; 0;QT_Depth;2
BlockStat;28;   0;   0; 0; 0;BT_Depth;3
BlockStat;28;   0;   0; 0; 0;MT_Depth;2
BlockStat;28;   0;   0; 0; 0;ChromaQPAdj;0
BlockStat;28;   0;   0; 0; 0;QP;38
BlockStat;28;   0;   0; 0; 0;SplitSeries;102433
BlockStat;28;   0;   0; 0; 0;PredMode;1
BlockStat;28; 272; 224;16; 8;Chroma_IntraMode;67
BlockStat;28; 272; 224;16; 8;Cbf_Cb;0
BlockStat;28; 272; 224;16; 8;Cbf_Cr;0
BlockStat;28; 256; 232;32;16;Depth;3
BlockStat;28; 256; 232;32;16;QT_Depth;2
BlockStat;28; 256; 232;32;16;BT_Depth;1
BlockStat;28; 256; 232;32;16;MT_Depth;1
BlockStat;28; 256; 232;32;16;ChromaQPAdj;0
BlockStat;28; 256; 232;32;16;QP;38
BlockStat;28; 256; 232;32;16;SplitSeries;4129
BlockStat;28; 256; 232;32;16;SkipFlag;1
BlockStat;28; 256; 232;32;16;MMVDSkipFlag;0
BlockStat;28; 256; 232;32;16;PredMode;0
BlockStat;28; 256; 232;32;16;MergeIdx;0
BlockStat;28; 256; 232;32;16;MergeType;0
BlockStat;28; 256; 232;32;16;MMVDMergeFlag;0
BlockStat;28; 256; 232;32;16;AffineFlag;0
BlockStat;28; 256; 232;32;16;MVPIdxL0;255
BlockStat;28; 256; 232;32;16;RefIdxL0;0
BlockStat;28; 256; 232;32;16;MVDL0;   0;   0
BlockStat;28; 256; 232;32;16;MVL0; -17;  24
BlockStat;28; 256; 248;16; 8;Depth;4
BlockStat;28; 256; 248;16; 8;QT_Depth;2
BlockStat;28; 256; 248;16; 8;BT_Depth;3
BlockStat;28; 256; 248;16; 8;MT_Depth;2
BlockStat;28; 256; 248;16; 8;ChromaQPAdj;0
BlockStat;28; 256; 248;16; 8;QP;38
BlockStat;28; 256; 248;16; 8;SplitSeries;102433
BlockStat;28; 256; 248;16; 8;SkipFlag;0
BlockStat;28; 256; 248;16; 8;PredMode;1
BlockStat;28; 256; 248;16; 8;Luma_IntraMode;1
BlockStat;28; 256; 248;16; 8;Chroma_IntraMode;1
BlockStat;28; 256; 248;16; 8;MultiRefIdx;0
BlockStat;28; 256; 248;16; 8;Cbf_Y;1
BlockStat;28; 256; 248;16; 8;TransformSkipFlag_Y;2
BlockStat;28; 256; 248;16; 8;Cbf_Cb;0
BlockStat;28; 256; 248;16; 8;Cbf_Cr;0
BlockStat;28; 272; 248;16; 8;Depth;4
BlockStat;28; 272; 248;16; 8;QT_Depth;2
BlockStat;28; 272; 248;16; 8;BT_Depth;3
BlockStat;28; 272; 248;16; 8;MT_Depth;2
BlockStat;28; 272; 248;16; 8;ChromaQPAdj;0
BlockStat;28; 272; 248;16; 8;QP;38
BlockStat;28; 272; 248;16; 8;SplitSeries;102433
BlockStat;28; 272; 248;16; 8;SkipFlag;0
BlockStat;28; 272; 248;16; 8;PredMode;1
BlockStat;28; 272; 248;16; 8;Luma_IntraMode;0
BlockStat;28; 272; 248;16; 8;Chroma_IntraMode;0
BlockStat;28; 272; 248;16; 8;MultiRefIdx;0
BlockStat;28; 272; 248; 4; 8;Cbf_Y;0
BlockStat;28; 272; 248; 4; 8;TransformSkipFlag_Y;0
BlockStat;28;   0;   0; 0; 0;Cbf_Cb;0
BlockStat;28;   0;   0; 0; 0;Cbf_Cr;0
BlockStat;28; 276; 248; 4; 8;Cbf_Y;0
BlockStat;28; 276; 248; 4; 8;TransformSkipFlag_Y;0
BlockStat;28;   0;   0; 0; 0;Cbf_Cb;0
BlockStat;28;   0;   0; 0; 0;Cbf_Cr;0
BlockStat;28; 280; 248; 4; 8;Cbf_Y;0
BlockStat;28; 280; 248; 4; 8;TransformSkipFlag_Y;0
BlockStat;28;   0;   0; 0; 0;Cbf_Cb;0
BlockStat;28;   0;   0; 0; 0;Cbf_Cr;0
BlockStat;28; 284; 248; 4; 8;Cbf_Y;2
BlockStat;28; 284; 248; 4; 8;TransformSkipFlag_Y;0
BlockStat;28; 272; 248;16; 8;Cbf_Cb;0
BlockStat;28; 272; 248;16; 8;Cbf_Cr;0
BlockStat;28; 288; 224; 8; 8;Depth;4
BlockStat;28; 288; 224; 8; 8;QT_Depth;2
BlockStat;28; 288; 224; 8; 8;BT_Depth;4
BlockStat;28; 288; 224; 8; 8;MT_Depth;2
BlockStat;28; 288; 224; 8; 8;ChromaQPAdj;0
BlockStat;28; 288; 224; 8; 8;QP;38
BlockStat;28; 288; 224; 8; 8;SplitSeries;167969
BlockStat;28; 288; 224; 8; 8;SkipFlag;1
BlockStat;28; 288; 224; 8; 8;MMVDSkipFlag;0
BlockStat;28; 288; 224; 8; 8;PredMode;0
BlockStat;28; 288; 224; 8; 8;MergeIdx;0
BlockStat;28; 288; 224; 8; 8;MergeType;0
BlockStat;28; 288; 224; 8; 8;MMVDMergeFlag;0
BlockStat;28; 288; 224; 8; 8;AffineFlag;0
BlockStat;28; 288; 224; 8; 8;MVPIdxL0;255
BlockStat;28; 288; 224; 8; 8;RefIdxL0;0
BlockStat;28; 288; 224; 8; 8;MVDL0;   0;   0
BlockStat;28; 288; 224; 8; 8;MVL0; -17;  24
BlockStat;28; 296; 224;16; 8;Depth;4
BlockStat;28; 296; 224;16; 8;QT_Depth;2
BlockStat;28; 296; 224;16; 8;BT_Depth;3
BlockStat;28; 296; 224;16; 8;MT_Depth;2
BlockStat;28; 296; 224;16; 8;ChromaQPAdj;0
BlockStat;28; 296; 224;16; 8;QP;38
BlockStat;28; 296; 224;16; 8;SplitSeries;167969
BlockStat;28; 296; 224;16; 8;SkipFlag;0
BlockStat;28; 296; 224;16; 8;PredMode;1
BlockStat;28; 296; 224;16; 8;Luma_IntraMode;2
BlockStat;28; 296; 224;16; 8;Chroma_IntraMode;67
BlockStat;28; 296; 224;16; 8;MultiRefIdx;0
BlockStat;28; 296; 224;16; 8;Cbf_Y;1
BlockStat;28; 296; 224;16; 8;TransformSkipFlag_Y;2
BlockStat;28; 296; 224;16; 8;Cbf_Cb;1
BlockStat;28; 296; 224;16; 8;Cbf_Cr;0
BlockStat;28; 312; 224; 8; 8;Depth;4
BlockStat;28; 312; 224; 8; 8;QT_Depth;2
BlockStat;28; 312; 224; 8; 8;BT_Depth;4
BlockStat;28; 312; 224; 8; 8;MT_Depth;2
BlockStat;28; 312; 224; 8; 8;ChromaQPAdj;0
BlockStat;28; 312; 224; 8; 8;QP;38
BlockStat;28; 312; 224; 8; 8;SplitSeries;167969
BlockStat;28; 312; 224; 8; 8;SkipFlag;0
BlockStat;28; 312; 224; 8; 8;PredMode;1
BlockStat;28; 312; 224; 8; 8;Luma_IntraMode;2
BlockStat;28; 312; 224; 8; 8;Chroma_IntraMode;2
BlockStat;28; 312; 224; 8; 8;MultiRefIdx;3
BlockStat;28; 312; 224; 8; 8;Cbf_Y;1
BlockStat;28; 312; 224; 8; 8;TransformSkipFlag_Y;2
BlockStat;28; 312; 224; 8; 8;Cbf_Cb;0
BlockStat;28; 312; 224; 8; 8;Cbf_Cr;0
BlockStat;28; 288; 232; 8;16;Depth;4
BlockStat;28; 288; 232; 8;16;QT_Depth;2
BlockStat;28; 288; 232; 8;16;BT_Depth;3
BlockStat;28; 288; 232; 8;16;MT_Depth;2
BlockStat;28; 288; 232; 8;16;ChromaQPAdj;0
BlockStat;28; 288; 232; 8;16;QP;38
BlockStat;28; 288; 232; 8;16;SplitSeries;167969
BlockStat;28; 288; 232; 8;16;SkipFlag;1
BlockStat;28; 288; 232; 8;16;MMVDSkipFlag;0
BlockStat;28; 288; 232; 8;16;PredMode;0
BlockStat;28; 288; 232; 8;16;MergeIdx;0
BlockStat;28; 288; 232; 8;16;MergeType;0
BlockStat;28; 288; 232; 8;16;MMVDMergeFlag;0
BlockStat;28; 288; 232; 8;16;AffineFlag;0
BlockStat;28; 288; 232; 8;16;MVPIdxL0;255
BlockStat;28; 288; 232; 8;16;RefIdxL0;0
BlockStat;28; 288; 232; 8;16;MVDL0;   0;   0
BlockStat;28; 288; 232; 8;16;MVL0; -17;  24
BlockStat;28; 296; 232;16;16;Depth;4
BlockStat;28; 296; 232;16;16;QT_Depth;2
BlockStat;28; 296; 232;16;16;BT_Depth;2
BlockStat;28; 296; 232;16;16;MT_Depth;2
BlockStat;28; 296; 232;16;16;ChromaQPAdj;0
BlockStat;28; 296; 232;16;16;QP;38
BlockStat;28; 296; 232;16;16;SplitSeries;167969
BlockStat;28; 296; 232;16;16;SkipFlag;1
BlockStat;28; 296; 232;16;16;MMVDSkipFlag;0
BlockStat;28; 296; 232;16;16;PredMode;0
BlockStat;28; 296; 232;16;16;MergeIdx;0
BlockStat;28; 296; 232;16;16;MergeType;0
BlockStat;28; 296; 232;16;16;MMVDMergeFlag;0
BlockStat;28; 296; 232;16;16;AffineFlag;0
BlockStat;28; 296; 232;16;16;MVPIdxL0;255
BlockStat;28; 296; 232;16;16;RefIdxL0;0
BlockStat;28; 296; 232;16;16;MVDL0;   0;   0
BlockStat;28; 296; 232;16;16;MVL0; -17;  24
BlockStat;28; 312; 232; 8;16;Depth;4
BlockStat;28; 312; 232; 8;16;QT_Depth;2
BlockStat;28; 312; 232; 8;16;BT_Depth;3
BlockStat;28; 312; 232; 8;16;MT_Depth;2
BlockStat;28; 312; 232; 8;16;ChromaQPAdj;0
BlockStat;28; 312; 232; 8;16;QP;38
BlockStat;28; 312; 232; 8;16;SplitSeries;167969
BlockStat;28; 312; 232; 8;16;SkipFlag;0
BlockStat;28; 312; 232; 8;16;PredMode;1
BlockStat;28; 312; 232; 8;16;Luma_IntraMode;56
BlockStat;28; 312; 232; 8;16;Chroma_IntraMode;67
BlockStat;28; 312; 232; 8;16;MultiRefIdx;0
BlockStat;28; 312; 232; 8;16;Cbf_Y;1
BlockStat;28; 312; 232; 8;16;TransformSkipFlag_Y;0
BlockStat;28; 312; 232; 8;16;Cbf_Cb;1
BlockStat;28; 312; 232; 8;16;Cbf_Cr;0
BlockStat;28; 288; 248; 8; 8;Depth;5
BlockStat;28; 288; 248; 8; 8;QT_Depth;2
BlockStat;28; 288; 248; 8; 8;BT_Depth;4
BlockStat;28; 288; 248; 8; 8;MT_Depth;3
BlockStat;28; 288; 248; 8; 8;ChromaQPAdj;0
BlockStat;28; 288; 248; 8; 8;QP;38
BlockStat;28; 288; 248; 8; 8;SplitSeries;3248161
BlockStat;28; 288; 248; 8; 8;SkipFlag;0
BlockStat;28; 288; 248; 8; 8;PredMode;0
BlockStat;28; 288; 248; 8; 8;MergeFlag;1
BlockStat;28; 288; 248; 8; 8;MergeIdx;0
BlockStat;28; 288; 248; 8; 8;MergeType;0
BlockStat;28; 288; 248; 8; 8;MMVDMergeFlag;0
BlockStat;28; 288; 248; 8; 8;AffineFlag;0
BlockStat;28; 288; 248; 8; 8;MHIntraFlag;1
BlockStat;28; 288; 248; 8; 8;Luma_IntraMode;0
BlockStat;28; 288; 248; 8; 8;Chroma_IntraMode;70
BlockStat;28; 288; 248; 8; 8;MVPIdxL0;255
BlockStat;28; 288; 248; 8; 8;RefIdxL0;0
BlockStat;28; 288; 248; 8; 8;MVDL0;   0;   0
BlockStat;28; 288; 248; 8; 8;MVL0; -17;  24
BlockStat;28; 288; 248; 8; 8;Cbf_Y;0
BlockStat;28; 288; 248; 8; 8;TransformSkipFlag_Y;0
BlockStat;28; 288; 248; 8; 8;Cbf_Cb;1
BlockStat;28; 288; 248; 8; 8;Cbf_Cr;0
BlockStat;28; 296; 248; 8; 8;Depth;5
BlockStat;28; 296; 248; 8; 8;QT_Depth;2
BlockStat;28; 296; 248; 8; 8;BT_Depth;4
BlockStat;28; 296; 248; 8; 8;MT_Depth;3
BlockStat;28; 296; 248; 8; 8;ChromaQPAdj;0
BlockStat;28; 296; 248; 8; 8;QP;38
BlockStat;28; 296; 248; 8; 8;SplitSeries;3248161
BlockStat;28; 296; 248; 8; 8;SkipFlag;1
BlockStat;28; 296; 248; 8; 8;MMVDSkipFlag;0
BlockStat;28; 296; 248; 8; 8;PredMode;0
BlockStat;28; 296; 248; 8; 8;MergeIdx;0
BlockStat;28; 296; 248; 8; 8;MergeType;0
BlockStat;28; 296; 248; 8; 8;MMVDMergeFlag;0
BlockStat;28; 296; 248; 8; 8;AffineFlag;0
BlockStat;28; 296; 248; 8; 8;MVPIdxL0;255
BlockStat;28; 296; 248; 8; 8;RefIdxL0;0
BlockStat;28; 296; 248; 8; 8;MVDL0;   0;   0
BlockStat;28; 296; 248; 8; 8;MVL0; -17;  24
BlockStat;28; 304; 248;16; 8;Depth;4
BlockStat;28; 304; 248;16; 8;QT_Depth;2
BlockStat;28; 304; 248;16; 8;BT_Depth;3
BlockStat;28; 304; 248;16; 8;MT_Depth;2
BlockStat;28; 304; 248;16; 8;ChromaQPAdj;0
BlockStat;28; 304; 248;16; 8;QP;38
BlockStat;28; 304; 248;16; 8;SplitSeries;102433
BlockStat;28; 304; 248;16; 8;SkipFlag;1
BlockStat;28; 304; 248;16; 8;MMVDSkipFlag;0
BlockStat;28; 304; 248;16; 8;PredMode;0
BlockStat;28; 304; 248;16; 8;MergeIdx;1
BlockStat;28; 304; 248;16; 8;MergeType;0
BlockStat;28; 304; 248;16; 8;MMVDMergeFlag;0
BlockStat;28; 304; 248;16; 8;AffineFlag;0
BlockStat;28; 304; 248;16; 8;MVPIdxL0;255
BlockStat;28; 304; 248;16; 8;RefIdxL0;0
BlockStat;28; 304; 248;16; 8;MVPIdxL1;255
BlockStat;28; 304; 248;16; 8;RefIdxL1;0
BlockStat;28; 304; 248;16; 8;MVDL0;   0;   0
BlockStat;28; 304; 248;16; 8;MVL0; -17;  24
BlockStat;28; 304; 248;16; 8;MVDL1;   0;   0
BlockStat;28; 304; 248;16; 8;MVL1; -18;  25
BlockStat;28; 320; 192;16; 8;Depth;5
BlockStat;28; 320; 192;16; 8;QT_Depth;2
BlockStat;28; 320; 192;16; 8;BT_Depth;3
BlockStat;28; 320; 192;16; 8;MT_Depth;3
BlockStat;28; 320; 192;16; 8;ChromaQPAdj;0
BlockStat;28; 320; 192;16; 8;QP;38
BlockStat;28; 320; 192;16; 8;SplitSeries;2165793
BlockStat;28; 320; 192;16; 8;SkipFlag;0
BlockStat;28; 320; 192;16; 8;PredMode;1
BlockStat;28; 320; 192;16; 8;Luma_IntraMode;4
BlockStat;28; 320; 192;16; 8;Chroma_IntraMode;67
BlockStat;28; 320; 192;16; 8;MultiRefIdx;0
BlockStat;28; 320; 192;16; 8;Cbf_Y;1
BlockStat;28; 320; 192;16; 8;TransformSkipFlag_Y;0
BlockStat;28; 320; 192;16; 8;Cbf_Cb;0
BlockStat;28; 320; 192;16; 8;Cbf_Cr;0
BlockStat;28; 320; 200;16; 8;Depth;5
BlockStat;28; 320; 200;16; 8;QT_Depth;2
BlockStat;28; 320; 200;16; 8;BT_Depth;3
BlockStat;28; 320; 200;16; 8;MT_Depth;3
BlockStat;28; 320; 200;16; 8;ChromaQPAdj;0
BlockStat;28; 320; 200;16; 8;QP;38
BlockStat;28; 320; 200;16; 8;SplitSeries;2165793
BlockStat;28; 320; 200;16; 8;SkipFlag;0
BlockStat;28; 320; 200;16; 8;PredMode;1
BlockStat;28; 320; 200;16; 8;Luma_IntraMode;66
BlockStat;28; 320; 200;16; 8;Chroma_IntraMode;67
BlockStat;28; 320; 200;16; 8;MultiRefIdx;0
BlockStat;28; 320; 200;16; 8;Cbf_Y;1
BlockStat;28; 320; 200;16; 8;TransformSkipFlag_Y;2
BlockStat;28; 320; 200;16; 8;Cbf_Cb;0
BlockStat;28; 320; 200;16; 8;Cbf_Cr;0
BlockStat;28; 320; 208;16;16;Depth;4
BlockStat;28; 320; 208;16;16;QT_Depth;2
BlockStat;28; 320; 208;16;16;BT_Depth;2
BlockStat;28; 320; 208;16;16;MT_Depth;2
BlockStat;28; 320; 208;16;16;ChromaQPAdj;0
BlockStat;28; 320; 208;16;16;QP;38
BlockStat;28; 320; 208;16;16;SplitSeries;68641
BlockStat;28; 320; 208;16;16;SkipFlag;0
BlockStat;28; 320; 208;16;16;PredMode;1
BlockStat;28; 320; 208;16;16;Luma_IntraMode;1
BlockStat;28; 320; 208;16;16;Chroma_IntraMode;67
BlockStat;28; 320; 208;16;16;MultiRefIdx;0
BlockStat;28; 320; 208;16;16;Cbf_Y;1
BlockStat;28; 320; 208;16;16;TransformSkipFlag_Y;2
BlockStat;28; 320; 208;16;16;Cbf_Cb;0
BlockStat;28; 320; 208;16;16;Cbf_Cr;0
BlockStat;28; 336; 192;16;32;Depth;3
BlockStat;28; 336; 192;16;32;QT_Depth;2
BlockStat;28; 336; 192;16;32;BT_Depth;1
BlockStat;28; 336; 192;16;32;MT_Depth;1
BlockStat;28; 336; 192;16;32;ChromaQPAdj;0
BlockStat;28; 336; 192;16;32;QP;38
BlockStat;28; 336; 192;16;32;SplitSeries;3105
BlockStat;28; 336; 192;16;32;SkipFlag;0
BlockStat;28; 336; 192;16;32;PredMode;1
BlockStat;28; 336; 192;16;32;Luma_IntraMode;46
BlockStat;28; 336; 192;16;32;Chroma_IntraMode;46
BlockStat;28; 336; 192;16;32;MultiRefIdx;0
BlockStat;28; 336; 192;16;32;Cbf_Y;1
BlockStat;28; 336; 192;16;32;TransformSkipFlag_Y;0
BlockStat;28; 336; 192;16;32;Cbf_Cb;0
BlockStat;28; 336; 192;16;32;Cbf_Cr;0
BlockStat;28; 352; 192; 8;32;Depth;3
BlockStat;28; 352; 192; 8;32;QT_Depth;2
BlockStat;28; 352; 192; 8;32;BT_Depth;2
BlockStat;28; 352; 192; 8;32;MT_Depth;1
BlockStat;28; 352; 192; 8;32;ChromaQPAdj;0
BlockStat;28; 352; 192; 8;32;QP;38
BlockStat;28; 352; 192; 8;32;SplitSeries;5153
BlockStat;28; 352; 192; 8;32;SkipFlag;0
BlockStat;28; 352; 192; 8;32;PredMode;1
BlockStat;28; 352; 192; 8;32;Luma_IntraMode;60
BlockStat;28; 352; 192; 8;32;Chroma_IntraMode;60
BlockStat;28; 352; 192; 8;32;MultiRefIdx;0
BlockStat;28; 352; 192; 8;32;Cbf_Y;1
BlockStat;28; 352; 192; 8;32;TransformSkipFlag_Y;0
BlockStat;28; 352; 192; 8;32;Cbf_Cb;0
BlockStat;28; 352; 192; 8;32;Cbf_Cr;0
BlockStat;28; 360; 192;16;32;Depth;3
BlockStat;28; 360; 192;16;32;QT_Depth;2
BlockStat;28; 360; 192;16;32;BT_Depth;1
BlockStat;28; 360; 192;16;32;MT_Depth;1
BlockStat;28; 360; 192;16;32;ChromaQPAdj;0
BlockStat;28; 360; 192;16;32;QP;38
BlockStat;28; 360; 192;16;32;SplitSeries;5153
BlockStat;28; 360; 192;16;32;SkipFlag;0
BlockStat;28; 360; 192;16;32;PredMode;1
BlockStat;28; 360; 192;16;32;Luma_IntraMode;6
BlockStat;28; 360; 192;16;32;Chroma_IntraMode;0
BlockStat;28; 360; 192;16;32;MultiRefIdx;0
BlockStat;28; 360; 192;16;32;Cbf_Y;1
BlockStat;28; 360; 192;16;32;TransformSkipFlag_Y;0
BlockStat;28; 360; 192;16;32;Cbf_Cb;0
BlockStat;28; 360; 192;16;32;Cbf_Cr;0
BlockStat;28; 376; 192; 8;32;Depth;3
BlockStat;28; 376; 192; 8;32;QT_Depth;2
BlockStat;28; 376; 192; 8;32;BT_Depth;2
BlockStat;28; 376; 192; 8;32;MT_Depth;1
BlockStat;28; 376; 192; 8;32;ChromaQPAdj;0
BlockStat;28; 376; 192; 8;32;QP;38
BlockStat;28; 376; 192; 8;32;SplitSeries;5153
BlockStat;28; 376; 192; 8;32;SkipFlag;0
BlockStat;28; 376; 192; 8;32;PredMode;1
BlockStat;28; 376; 192; 8;32;Luma_IntraMode;5
BlockStat;28; 376; 192; 8;32;Chroma_IntraMode;0
BlockStat;28; 376; 192; 8;32;MultiRefIdx;0
BlockStat;28; 376; 192; 8;32;Cbf_Y;1
BlockStat;28; 376; 192; 8;32;TransformSkipFlag_Y;2
BlockStat;28; 376; 192; 8;32;Cbf_Cb;0
BlockStat;28; 376; 192; 8;32;Cbf_Cr;0
BlockStat;28; 320; 224; 8;32;Depth;3
BlockStat;28; 320; 224; 8;32;QT_Depth;2
BlockStat;28; 320; 224; 8;32;BT_Depth;2
BlockStat;28; 320; 224; 8;32;MT_Depth;1
BlockStat;28; 320; 224; 8;32;ChromaQPAdj;0
BlockStat;28; 320; 224; 8;32;QP;38
BlockStat;28; 320; 224; 8;32;SplitSeries;5153
BlockStat;28; 320; 224; 8;32;SkipFlag;0
BlockStat;28; 320; 224; 8;32;PredMode;1
BlockStat;28; 320; 224; 8;32;Luma_IntraMode;1
BlockStat;28; 320; 224; 8;32;Chroma_IntraMode;1
BlockStat;28; 320; 224; 8;32;MultiRefIdx;0
BlockStat;28; 320; 224; 8; 8;Cbf_Y;2
BlockStat;28; 320; 224; 8; 8;TransformSkipFlag_Y;0
BlockStat;28;   0;   0; 0; 0;Cbf_Cb;0
BlockStat;28;   0;   0; 0; 0;Cbf_Cr;0
BlockStat;28; 320; 232; 8; 8;Cbf_Y;2
BlockStat;28; 320; 232; 8; 8;TransformSkipFlag_Y;0
BlockStat;28;   0;   0; 0; 0;Cbf_Cb;0
BlockStat;28;   0;   0; 0; 0;Cbf_Cr;0
BlockStat;28; 320; 240; 8; 8;Cbf_Y;0
BlockStat;28; 320; 240; 8; 8;TransformSkipFlag_Y;0
BlockStat;28;   0;   0; 0; 0;Cbf_Cb;0
BlockStat;28;   0;   0; 0; 0;Cbf_Cr;0
BlockStat;28; 320; 248; 8; 8;Cbf_Y;2
BlockStat;28; 320; 248; 8; 8;TransformSkipFlag_Y;0
BlockStat;28; 320; 224; 8;32;Cbf_Cb;0
BlockStat;28; 320; 224; 8;32;Cbf_Cr;0
BlockStat;28; 328; 224; 8;16;Depth;5
BlockStat;28; 328; 224; 8;16;QT_Depth;2
BlockStat;28; 328; 224; 8;16;BT_Depth;3
BlockStat;28; 328; 224; 8;16;MT_Depth;3
BlockStat;28; 328; 224; 8;16;ChromaQPAdj;0
BlockStat;28; 328; 224; 8;16;QP;38
BlockStat;28; 328; 224; 8;16;SplitSeries;3216417
BlockStat;28; 328; 224; 8;16;SkipFlag;0
BlockStat;28; 328; 224; 8;16;PredMode;1
BlockStat;28; 328; 224; 8;16;Luma_IntraMode;1
BlockStat;28; 328; 224; 8;16;Chroma_IntraMode;1
BlockStat;28; 328; 224; 8;16;MultiRefIdx;1
BlockStat;28; 328; 224; 8;16;Cbf_Y;1
BlockStat;28; 328; 224; 8;16;TransformSkipFlag_Y;1
BlockStat;28; 328; 224; 8;16;Cbf_Cb;0
BlockStat;28; 328; 224; 8;16;Cbf_Cr;0
BlockStat;28; 336; 224; 8;16;Depth;5
BlockStat;28; 336; 224; 8;16;QT_Depth;2
BlockStat;28; 336; 224; 8;16;BT_Depth;3
BlockStat;28; 336; 224; 8;16;MT_Depth;3
BlockStat;28; 336; 224; 8;16;ChromaQPAdj;0
BlockStat;28; 336; 224; 8;16;QP;38
BlockStat;28; 336; 224; 8;16;SplitSeries;3216417
BlockStat;28; 336; 224; 8;16;SkipFlag;0
BlockStat;28; 336; 224; 8;16;PredMode;1
BlockStat;28; 336; 224; 8;16;Luma_IntraMode;44
BlockStat;28; 336; 224; 8;16;Chroma_IntraMode;67
BlockStat;28; 336; 224; 8;16;MultiRefIdx;3
BlockStat;28; 336; 224; 8;16;Cbf_Y;1
BlockStat;28; 336; 224; 8;16;TransformSkipFlag_Y;0
BlockStat;28; 336; 224; 8;16;Cbf_Cb;0
BlockStat;28; 336; 224; 8;16;Cbf_Cr;0
BlockStat;28; 328; 240; 4;16;Depth;5
BlockStat;28; 328; 240; 4;16;QT_Depth;2
BlockStat;28; 328; 240; 4;16;BT_Depth;4
BlockStat;28; 328; 240; 4;16;MT_Depth;3
BlockStat;28; 328; 240; 4;16;ChromaQPAdj;0
BlockStat;28; 328; 240; 4;16;QP;38
BlockStat;28; 328; 240; 4;16;SplitSeries;5313569
BlockStat;28; 328; 240; 4;16;SkipFlag;0
BlockStat;28; 328; 240; 4;16;PredMode;1
BlockStat;28; 328; 240; 4;16;Luma_IntraMode;1
BlockStat;28; 328; 240; 4;16;Chroma_IntraMode;1
BlockStat;28; 328; 240; 4;16;MultiRefIdx;1
BlockStat;28; 328; 240; 4;16;Cbf_Y;1
BlockStat;28; 328; 240; 4;16;TransformSkipFlag_Y;2
BlockStat;28; 328; 240; 4;16;Cbf_Cb;0
BlockStat;28; 328; 240; 4;16;Cbf_Cr;0
BlockStat;28; 332; 240; 8;16;Depth;5
BlockStat;28; 332; 240; 8;16;QT_Depth;2
BlockStat;28; 332; 240; 8;16;BT_Depth;3
BlockStat;28; 332; 240; 8;16;MT_Depth;3
BlockStat;28; 332; 240; 8;16;ChromaQPAdj;0
BlockStat;28; 332; 240; 8;16;QP;38
BlockStat;28; 332; 240; 8;16;SplitSeries;5313569
BlockStat;28; 332; 240; 8;16;SkipFlag;0
BlockStat;28; 332; 240; 8;16;PredMode;1
BlockStat;28; 332; 240; 8;16;Luma_IntraMode;0
BlockStat;28; 332; 240; 8;16;Chroma_IntraMode;67
BlockStat;28; 332; 240; 8;16;MultiRefIdx;0
BlockStat;28; 332; 240; 8;16;Cbf_Y;1
BlockStat;28; 332; 240; 8;16;TransformSkipFlag_Y;0
BlockStat;28; 332; 240; 8;16;Cbf_Cb;0
BlockStat;28; 332; 240; 8;16;Cbf_Cr;0
BlockStat;28; 340; 240; 4;16;Depth;5
BlockStat;28; 340; 240; 4;16;QT_Depth;2
BlockStat;28; 340; 240; 4;16;BT_Depth;4
BlockStat;28; 340; 240; 4;16;MT_Depth;3
BlockStat;28; 340; 240; 4;16;ChromaQPAdj;0
BlockStat;28; 340; 240; 4;16;QP;38
BlockStat;28; 340; 240; 4;16;SplitSeries;5313569
BlockStat;28; 340; 240; 4;16;SkipFlag;0
BlockStat;28; 340; 240; 4;16;PredMode;1
BlockStat;28; 340; 240; 4;16;Luma_IntraMode;44
BlockStat;28; 340; 240; 4;16;Chroma_IntraMode;44
BlockStat;28; 340; 240; 4;16;MultiRefIdx;1
BlockStat;28; 340; 240; 4;16;Cbf_Y;1
BlockStat;28; 340; 240; 4;16;TransformSkipFlag_Y;2
BlockStat;28; 340; 240; 4;16;Cbf_Cb;0
BlockStat;28; 340; 240; 4;16;Cbf_Cr;0
BlockStat;28; 344; 224; 8;16;Depth;4
BlockStat;28; 344; 224; 8;16;QT_Depth;2
BlockStat;28; 344; 224; 8;16;BT_Depth;3
BlockStat;28; 344; 224; 8;16;MT_Depth;2
BlockStat;28; 344; 224; 8;16;ChromaQPAdj;0
BlockStat;28; 344; 224; 8;16;QP;38
BlockStat;28; 344; 224; 8;16;SplitSeries;70689
BlockStat;28; 344; 224; 8;16;SkipFlag;0
BlockStat;28; 344; 224; 8;16;PredMode;1
BlockStat;28; 344; 224; 8;16;Luma_IntraMode;44
BlockStat;28; 344; 224; 8;16;Chroma_IntraMode;67
BlockStat;28; 344; 224; 8;16;MultiRefIdx;1
BlockStat;28; 344; 224; 8;16;Cbf_Y;1
BlockStat;28; 344; 224; 8;16;TransformSkipFlag_Y;2
BlockStat;28; 344; 224; 8;16;Cbf_Cb;0
BlockStat;28; 344; 224; 8;16;Cbf_Cr;0
BlockStat;28; 344; 240; 8;16;Depth;4
BlockStat;28; 344; 240; 8;16;QT_Depth;2
BlockStat;28; 344; 240; 8;16;BT_Depth;3
BlockStat;28; 344; 240; 8;16;MT_Depth;2
BlockStat;28; 344; 240; 8;16;ChromaQPAdj;0
BlockStat;28; 344; 240; 8;16;QP;38
BlockStat;28; 344; 240; 8;16;SplitSeries;70689
BlockStat;28; 344; 240; 8;16;SkipFlag;0
BlockStat;28; 344; 240; 8;16;PredMode;1
BlockStat;28; 344; 240; 8;16;Luma_IntraMode;44
BlockStat;28; 344; 240; 8;16;Chroma_IntraMode;44
BlockStat;28; 344; 240; 8;16;MultiRefIdx;0
BlockStat;28; 344; 240; 8;16;Cbf_Y;1
BlockStat;28; 344; 240; 8;16;TransformSkipFlag_Y;2
BlockStat;28; 344; 240; 8;16;Cbf_Cb;0
BlockStat;28; 344; 240; 8;16;Cbf_Cr;0
BlockStat;28; 352; 224;32;32;Depth;2
BlockStat;28; 352; 224;32;32;QT_Depth;2
BlockStat;28; 352; 224;32;32;BT_Depth;0
BlockStat;28; 352; 224;32;32;MT_Depth;0
BlockStat;28; 352; 224;32;32;ChromaQPAdj;0
BlockStat;28; 352; 224;32;32;QP;38
BlockStat;28; 352; 224;32;32;SplitSeries;33
BlockStat;28; 352; 224;32;32;SkipFlag;0
BlockStat;28; 352; 224;32;32;PredMode;1
BlockStat;28; 352; 224;32;32;Luma_IntraMode;3
BlockStat;28; 352; 224;32;32;Chroma_IntraMode;0
BlockStat;28; 352; 224;32;32;MultiRefIdx;0
BlockStat;28; 352; 224;32;32;Cbf_Y;1
BlockStat;28; 352; 224;32;32;TransformSkipFlag_Y;0
BlockStat;28; 352; 224;32;32;Cbf_Cb;0
BlockStat;28; 352; 224;32;32;Cbf_Cr;1
BlockStat;28; 384; 128;32;32;Depth;2
BlockStat;28; 384; 128;32;32;QT_Depth;2
BlockStat;28; 384; 128;32;32;BT_Depth;0
BlockStat;28; 384; 128;32;32;MT_Depth;0
BlockStat;28; 384; 128;32;32;ChromaQPAdj;0
BlockStat;28; 384; 128;32;32;QP;38
BlockStat;28; 384; 128;32;32;SplitSeries;33
BlockStat;28; 384; 128;32;32;SkipFlag;0
BlockStat;28; 384; 128;32;32;PredMode;0
BlockStat;28; 384; 128;32;32;MergeFlag;1
BlockStat;28; 384; 128;32;32;MergeIdx;45
BlockStat;28; 384; 128;32;32;MergeType;0
BlockStat;28; 384; 128;32;32;MMVDMergeFlag;1
BlockStat;28; 384; 128;32;32;MMVDMergeIdx;45
BlockStat;28; 384; 128;32;32;MVPIdxL0;255
BlockStat;28; 384; 128;32;32;RefIdxL0;1
BlockStat;28; 384; 128;32;32;MVDL0;   0;   0
BlockStat;28; 384; 128;32;32;MVL0;-291; -50
BlockStat;28; 384; 128;32;32;Cbf_Y;1
BlockStat;28; 384; 128;32;32;TransformSkipFlag_Y;0
BlockStat;28; 384; 128;32;32;Cbf_Cb;0
BlockStat;28; 384; 128;32;32;Cbf_Cr;0
BlockStat;28; 416; 128;16;16;Depth;4
BlockStat;28; 416; 128;16;16;QT_Depth;2
BlockStat;28; 416; 128;16;16;BT_Depth;2
BlockStat;28; 416; 128;16;16;MT_Depth;2
BlockStat;28; 416; 128;16;16;ChromaQPAdj;0
BlockStat;28; 416; 128;16;16;QP;38
BlockStat;28; 416; 128;16;16;SplitSeries;100385
BlockStat;28; 416; 128;16;16;SkipFlag;0
BlockStat;28; 416; 128;16;16;PredMode;0
BlockStat;28; 416; 128;16;16;MergeFlag;1
BlockStat;28; 416; 128;16;16;MergeIdx;1
BlockStat;28; 416; 128;16;16;MergeType;0
BlockStat;28; 416; 128;16;16;MMVDMergeFlag;0
BlockStat;28; 416; 128;16;16;AffineFlag;0
BlockStat;28; 416; 128;16;16;MHIntraFlag;1
BlockStat;28; 416; 128;16;16;Luma_IntraMode;0
BlockStat;28; 416; 128;16;16;Chroma_IntraMode;70
BlockStat;28; 416; 128;16;16;MVPIdxL0;255
BlockStat;28; 416; 128;16;16;RefIdxL0;1
BlockStat;28; 416; 128;16;16;MVDL0;   0;   0
BlockStat;28; 416; 128;16;16;MVL0;-283; -50
BlockStat;28; 416; 128;16;16;Cbf_Y;1
BlockStat;28; 416; 128;16;16;TransformSkipFlag_Y;0
BlockStat;28; 416; 128;16;16;Cbf_Cb;0
BlockStat;28; 416; 128;16;16;Cbf_Cr;0
BlockStat;28; 432; 128;16;16;Depth;4
BlockStat;28; 432; 128;16;16;QT_Depth;2
BlockStat;28; 432; 128;16;16;BT_Depth;2
BlockStat;28; 432; 128;16;16;MT_Depth;2
BlockStat;28; 432; 128;16;16;ChromaQPAdj;0
BlockStat;28; 432; 128;16;16;QP;38
BlockStat;28; 432; 128;16;16;SplitSeries;100385
BlockStat;28; 432; 128;16;16;SkipFlag;0
BlockStat;28; 432; 128;16;16;PredMode;0
BlockStat;28; 432; 128;16;16;MergeFlag;0
BlockStat;28; 432; 128;16;16;InterDir;1
BlockStat;28; 432; 128;16;16;AffineFlag;1
BlockStat;28; 432; 128;16;16;AffineType;1
BlockStat;28; 432; 128;16;16;MVPIdxL0;0
BlockStat;28; 432; 128;16;16;RefIdxL0;1
BlockStat;28; 432; 128;16;16;AffineMVL0;-277; -55;-269; -55;-278; -55
BlockStat;28; 432; 128;16;16;RootCbf;1
BlockStat;28; 432; 128;16; 8;Cbf_Y;0
BlockStat;28; 432; 128;16; 8;TransformSkipFlag_Y;0
BlockStat;28; 432; 128;16; 8;Cbf_Cb;0
BlockStat;28; 432; 128;16; 8;Cbf_Cr;0
BlockStat;28; 432; 136;16; 8;Cbf_Y;2
BlockStat;28; 432; 136;16; 8;TransformSkipFlag_Y;0
BlockStat;28; 432; 136;16; 8;Cbf_Cb;0
BlockStat;28; 432; 136;16; 8;Cbf_Cr;0
BlockStat;28; 416; 144; 8; 8;Depth;5
BlockStat;28; 416; 144; 8; 8;QT_Depth;2
BlockStat;28; 416; 144; 8; 8;BT_Depth;4
BlockStat;28; 416; 144; 8; 8;MT_Depth;3
BlockStat;28; 416; 144; 8; 8;ChromaQPAdj;0
BlockStat;28; 416; 144; 8; 8;QP;38
BlockStat;28; 416; 144; 8; 8;SplitSeries;2263073
BlockStat;28; 416; 144; 8; 8;SkipFlag;0
BlockStat;28; 416; 144; 8; 8;PredMode;0
BlockStat;28; 416; 144; 8; 8;MergeFlag;0
BlockStat;28; 416; 144; 8; 8;InterDir;1
BlockStat;28; 416; 144; 8; 8;MVPIdxL0;1
BlockStat;28; 416; 144; 8; 8;RefIdxL0;0
BlockStat;28; 416; 144; 8; 8;MVDL0;   0;  -8
BlockStat;28; 416; 144; 8; 8;MVL0;-100;  60
BlockStat;28; 416; 144; 8; 8;IMVMode;1
BlockStat;28; 416; 144; 8; 8;RootCbf;0
BlockStat;28; 416; 152; 8; 8;Depth;5
BlockStat;28; 416; 152; 8; 8;QT_Depth;2
BlockStat;28; 416; 152; 8; 8;BT_Depth;4
BlockStat;28; 416; 152; 8; 8;MT_Depth;3
BlockStat;28; 416; 152; 8; 8;ChromaQPAdj;0
BlockStat;28; 416; 152; 8; 8;QP;38
BlockStat;28; 416; 152; 8; 8;SplitSeries;2263073
BlockStat;28; 416; 152; 8; 8;SkipFlag;0
BlockStat;28; 416; 152; 8; 8;PredMode;0
BlockStat;28; 416; 152; 8; 8;MergeFlag;1
BlockStat;28; 416; 152; 8; 8;MergeIdx;0
BlockStat;28; 416; 152; 8; 8;MergeType;0
BlockStat;28; 416; 152; 8; 8;MMVDMergeFlag;0
BlockStat;28; 416; 152; 8; 8;AffineFlag;0
BlockStat;28; 416; 152; 8; 8;MHIntraFlag;0
BlockStat;28; 416; 152; 8; 8;MVPIdxL0;255
BlockStat;28; 416; 152; 8; 8;RefIdxL0;1
BlockStat: POC 28 @( 416, 152) [ 8x 8] TrianglePartitioning={   0,   8,   8,   0}
BlockStat: POC 28 @[(416, 152)--(424, 152)--(416, 160)--] TriangleMVL0={-283, -50}
BlockStat: POC 28 @[(424, 152)--(416, 160)--(424, 160)--] TriangleMVL0={-291, -50}
BlockStat;28; 416; 152; 8; 8;Cbf_Y;1
BlockStat;28; 416; 152; 8; 8;TransformSkipFlag_Y;0
BlockStat;28; 416; 152; 8; 8;Cbf_Cb;0
BlockStat;28; 416; 152; 8; 8;Cbf_Cr;0
BlockStat;28; 424; 144;16; 8;Depth;5
BlockStat;28; 424; 144;16; 8;QT_Depth;2
BlockStat;28; 424; 144;16; 8;BT_Depth;3
BlockStat;28; 424; 144;16; 8;MT_Depth;3
BlockStat;28; 424; 144;16; 8;ChromaQPAdj;0
BlockStat;28; 424; 144;16; 8;QP;38
BlockStat;28; 424; 144;16; 8;SplitSeries;2263073
BlockStat;28; 424; 144;16; 8;SkipFlag;0
BlockStat;28; 424; 144;16; 8;PredMode;0
BlockStat;28; 424; 144;16; 8;MergeFlag;1
BlockStat;28; 424; 144;16; 8;MergeIdx;43
BlockStat;28; 424; 144;16; 8;MergeType;0
BlockStat;28; 424; 144;16; 8;MMVDMergeFlag;1
BlockStat;28; 424; 144;16; 8;MMVDMergeIdx;43
BlockStat;28; 424; 144;16; 8;MVPIdxL0;255
BlockStat;28; 424; 144;16; 8;RefIdxL0;1
BlockStat;28; 424; 144;16; 8;MVDL0;   0;   0
BlockStat;28; 424; 144;16; 8;MVL0;-276; -59
BlockStat;28; 424; 144;16; 8;Cbf_Y;1
BlockStat;28; 424; 144;16; 8;TransformSkipFlag_Y;0
BlockStat;28; 424; 144;16; 8;Cbf_Cb;0
BlockStat;28; 424; 144;16; 8;Cbf_Cr;0
BlockStat;28; 424; 152;16; 8;Depth;5
BlockStat;28; 424; 152;16; 8;QT_Depth;2
BlockStat;28; 424; 152;16; 8;BT_Depth;3
BlockStat;28; 424; 152;16; 8;MT_Depth;3
BlockStat;28; 424; 152;16; 8;ChromaQPAdj;0
BlockStat;28; 424; 152;16; 8;QP;38
BlockStat;28; 424; 152;16; 8;SplitSeries;2263073
BlockStat;28; 424; 152;16; 8;SkipFlag;0
BlockStat;28; 424; 152;16; 8;PredMode;0
BlockStat;28; 424; 152;16; 8;MergeFlag;0
BlockStat;28; 424; 152;16; 8;InterDir;3
BlockStat;28; 424; 152;16; 8;MVPIdxL0;0
BlockStat;28; 424; 152;16; 8;RefIdxL0;0
BlockStat;28; 424; 152;16; 8;MVPIdxL1;0
BlockStat;28; 424; 152;16; 8;RefIdxL1;1
BlockStat;28; 424; 152;16; 8;MVDL0;   4; -16
BlockStat;28; 424; 152;16; 8;MVL0; -96;  44
BlockStat;28; 424; 152;16; 8;MVDL1;   0;   0
BlockStat;28; 424; 152;16; 8;MVL1;-292; -48
BlockStat;28; 424; 152;16; 8;IMVMode;1
BlockStat;28; 424; 152;16; 8;RootCbf;0
BlockStat;28; 440; 144; 8; 8;Depth;5
BlockStat;28; 440; 144; 8; 8;QT_Depth;2
BlockStat;28; 440; 144; 8; 8;BT_Depth;4
BlockStat;28; 440; 144; 8; 8;MT_Depth;3
BlockStat;28; 440; 144; 8; 8;ChromaQPAdj;0
BlockStat;28; 440; 144; 8; 8;QP;38
BlockStat;28; 440; 144; 8; 8;SplitSeries;2263073
BlockStat;28; 440; 144; 8; 8;SkipFlag;1
BlockStat;28; 440; 144; 8; 8;MMVDSkipFlag;0
BlockStat;28; 440; 144; 8; 8;PredMode;0
BlockStat;28; 440; 144; 8; 8;MergeIdx;1
BlockStat;28; 440; 144; 8; 8;MergeType;0
BlockStat;28; 440; 144; 8; 8;MMVDMergeFlag;0
BlockStat;28; 440; 144; 8; 8;AffineFlag;1
BlockStat;28; 440; 144; 8; 8;MVPIdxL0;0
BlockStat;28; 440; 144; 8; 8;RefIdxL0;1
BlockStat;28; 440; 144; 8; 8;AffineMVL0;-273; -55;-271; -55;-274; -55
BlockStat;28; 440; 152; 8; 8;Depth;5
BlockStat;28; 440; 152; 8; 8;QT_Depth;2
BlockStat;28; 440; 152; 8; 8;BT_Depth;4
BlockStat;28; 440; 152; 8; 8;MT_Depth;3
BlockStat;28; 440; 152; 8; 8;ChromaQPAdj;0
BlockStat;28; 440; 152; 8; 8;QP;38
BlockStat;28; 440; 152; 8; 8;SplitSeries;2263073
BlockStat;28; 440; 152; 8; 8;SkipFlag;1
BlockStat;28; 440; 152; 8; 8;MMVDSkipFlag;0
BlockStat;28; 440; 152; 8; 8;PredMode;0
BlockStat;28; 440; 152; 8; 8;MergeIdx;2
BlockStat;28; 440; 152; 8; 8;MergeType;0
BlockStat;28; 440; 152; 8; 8;MMVDMergeFlag;0
BlockStat;28; 440; 152; 8; 8;AffineFlag;0
BlockStat;28; 440; 152; 8; 8;MVPIdxL0;255
BlockStat;28; 440; 152; 8; 8;RefIdxL0;1
BlockStat;28; 440; 152; 8; 8;MVDL0;   0;   0
BlockStat;28; 440; 152; 8; 8;MVL0;-276; -59
BlockStat;28; 384; 160;16;16;Depth;3
BlockStat;28; 384; 160;16;16;QT_Depth;3
BlockStat;28; 384; 160;16;16;BT_Depth;0
BlockStat;28; 384; 160;16;16;MT_Depth;0
BlockStat;28; 384; 160;16;16;ChromaQPAdj;0
BlockStat;28; 384; 160;16;16;QP;38
BlockStat;28; 384; 160;16;16;SplitSeries;1057
BlockStat;28; 384; 160;16;16;SkipFlag;0
BlockStat;28; 384; 160;16;16;PredMode;1
BlockStat;28; 384; 160;16;16;Luma_IntraMode;1
BlockStat;28; 384; 160;16;16;Chroma_IntraMode;0
BlockStat;28; 384; 160;16;16;MultiRefIdx;0
BlockStat;28; 384; 160;16;16;Cbf_Y;1
BlockStat;28; 384; 160;16;16;TransformSkipFlag_Y;0
BlockStat;28; 384; 160;16;16;Cbf_Cb;0
BlockStat;28; 384; 160;16;16;Cbf_Cr;0
BlockStat;28; 400; 160; 4;16;Depth;4
BlockStat;28; 400; 160; 4;16;QT_Depth;3
BlockStat;28; 400; 160; 4;16;BT_Depth;2
BlockStat;28; 400; 160; 4;16;MT_Depth;1
BlockStat;28; 400; 160; 4;16;ChromaQPAdj;0
BlockStat;28; 400; 160; 4;16;QP;38
BlockStat;28; 400; 160; 4;16;SplitSeries;164897
BlockStat;28; 400; 160; 4;16;SkipFlag;0
BlockStat;28; 400; 160; 4;16;PredMode;1
BlockStat;28; 400; 160; 4;16;Luma_IntraMode;1
BlockStat;28; 400; 160; 4;16;Chroma_IntraMode;1
BlockStat;28; 400; 160; 4;16;MultiRefIdx;0
BlockStat;28; 400; 160; 4;16;Cbf_Y;1
BlockStat;28; 400; 160; 4;16;TransformSkipFlag_Y;1
BlockStat;28; 400; 160; 4;16;Cbf_Cb;0
BlockStat;28; 400; 160; 4;16;Cbf_Cr;0
BlockStat;28; 404; 160; 8; 4;Depth;5
BlockStat;28; 404; 160; 8; 4;QT_Depth;3
BlockStat;28; 404; 160; 8; 4;BT_Depth;3
BlockStat;28; 404; 160; 8; 4;MT_Depth;2
BlockStat;28; 404; 160; 8; 4;ChromaQPAdj;0
BlockStat;28; 404; 160; 8; 4;QP;38
BlockStat;28; 404; 160; 8; 4;SplitSeries;4359201
BlockStat;28; 404; 160; 8; 4;SkipFlag;0
BlockStat;28; 404; 160; 8; 4;PredMode;0
BlockStat;28; 404; 160; 8; 4;MergeFlag;0
BlockStat;28; 404; 160; 8; 4;InterDir;1
BlockStat;28; 404; 160; 8; 4;MVPIdxL0;0
BlockStat;28; 404; 160; 8; 4;RefIdxL0;0
BlockStat;28; 404; 160; 8; 4;MVDL0;   0;  -4
BlockStat;28; 404; 160; 8; 4;MVL0;-100;  56
BlockStat;28; 404; 160; 8; 4;IMVMode;1
BlockStat;28; 404; 160; 8; 4;RootCbf;1
BlockStat;28; 404; 160; 8; 4;Cbf_Y;1
BlockStat;28; 404; 160; 8; 4;TransformSkipFlag_Y;0
BlockStat;28; 404; 160; 8; 4;Cbf_Cb;0
BlockStat;28; 404; 160; 8; 4;Cbf_Cr;0
BlockStat;28; 404; 164; 8; 8;Depth;5
BlockStat;28; 404; 164; 8; 8;QT_Depth;3
BlockStat;28; 404; 164; 8; 8;BT_Depth;2
BlockStat;28; 404; 164; 8; 8;MT_Depth;2
BlockStat;28; 404; 164; 8; 8;ChromaQPAdj;0
BlockStat;28; 404; 164; 8; 8;QP;38
BlockStat;28; 404; 164; 8; 8;SplitSeries;4359201
BlockStat;28; 404; 164; 8; 8;SkipFlag;0
BlockStat;28; 404; 164; 8; 8;PredMode;0
BlockStat;28; 404; 164; 8; 8;MergeFlag;0
BlockStat;28; 404; 164; 8; 8;InterDir;1
BlockStat;28; 404; 164; 8; 8;MVPIdxL0;0
BlockStat;28; 404; 164; 8; 8;RefIdxL0;0
BlockStat;28; 404; 164; 8; 8;MVDL0;   6; -10
BlockStat;28; 404; 164; 8; 8;MVL0; -94;  46
BlockStat;28; 404; 164; 8; 8;IMVMode;0
BlockStat;28; 404; 164; 8; 8;RootCbf;1
BlockStat;28; 404; 164; 8; 8;Cbf_Y;1
BlockStat;28; 404; 164; 8; 8;TransformSkipFlag_Y;0
BlockStat;28; 404; 164; 8; 8;Cbf_Cb;0
BlockStat;28; 404; 164; 8; 8;Cbf_Cr;0
BlockStat;28; 404; 172; 8; 4;Depth;5
BlockStat;28; 404; 172; 8; 4;QT_Depth;3
BlockStat;28; 404; 172; 8; 4;BT_Depth;3
BlockStat;28; 404; 172; 8; 4;MT_Depth;2
BlockStat;28; 404; 172; 8; 4;ChromaQPAdj;0
BlockStat;28; 404; 172; 8; 4;QP;38
BlockStat;28; 404; 172; 8; 4;SplitSeries;4359201
BlockStat;28; 404; 172; 8; 4;SkipFlag;0
BlockStat;28; 404; 172; 8; 4;PredMode;0
BlockStat;28; 404; 172; 8; 4;MergeFlag;1
BlockStat;28; 404; 172; 8; 4;MergeIdx;8
BlockStat;28; 404; 172; 8; 4;MergeType;0
BlockStat;28; 404; 172; 8; 4;MMVDMergeFlag;1
BlockStat;28; 404; 172; 8; 4;MMVDMergeIdx;8
BlockStat;28; 404; 172; 8; 4;MVPIdxL0;255
BlockStat;28; 404; 172; 8; 4;RefIdxL0;0
BlockStat;28; 404; 172; 8; 4;MVDL0;   0;   0
BlockStat;28; 404; 172; 8; 4;MVL0; -90;  46
BlockStat;28; 404; 172; 8; 4;Cbf_Y;1
BlockStat;28; 404; 172; 8; 4;TransformSkipFlag_Y;0
BlockStat;28; 404; 172; 8; 4;Cbf_Cb;0
BlockStat;28; 404; 172; 8; 4;Cbf_Cr;0
BlockStat;28; 412; 160; 4;16;Depth;4
BlockStat;28; 412; 160; 4;16;QT_Depth;3
BlockStat;28; 412; 160; 4;16;BT_Depth;2
BlockStat;28; 412; 160; 4;16;MT_Depth;1
BlockStat;28; 412; 160; 4;16;ChromaQPAdj;0
BlockStat;28; 412; 160; 4;16;QP;38
BlockStat;28; 412; 160; 4;16;SplitSeries;164897
BlockStat;28; 412; 160; 4;16;SkipFlag;0
BlockStat;28; 412; 160; 4;16;PredMode;0
BlockStat;28; 412; 160; 4;16;MergeFlag;0
BlockStat;28; 412; 160; 4;16;InterDir;3
BlockStat;28; 412; 160; 4;16;MVPIdxL0;0
BlockStat;28; 412; 160; 4;16;RefIdxL0;0
BlockStat;28; 412; 160; 4;16;MVPIdxL1;0
BlockStat;28; 412; 160; 4;16;RefIdxL1;0
BlockStat;28; 412; 160; 4;16;MVDL0;   8; -16
BlockStat;28; 412; 160; 4;16;MVL0; -80;  28
BlockStat;28; 412; 160; 4;16;MVDL1;   0;   0
BlockStat;28; 412; 160; 4;16;MVL1; -88;  44
BlockStat;28; 412; 160; 4;16;IMVMode;1
BlockStat;28; 412; 160; 4;16;RootCbf;1
BlockStat;28; 412; 160; 4; 8;Cbf_Y;2
BlockStat;28; 412; 160; 4; 8;TransformSkipFlag_Y;0
BlockStat;28; 412; 160; 4; 8;Cbf_Cb;0
BlockStat;28; 412; 160; 4; 8;Cbf_Cr;0
BlockStat;28; 412; 168; 4; 8;Cbf_Y;0
BlockStat;28; 412; 168; 4; 8;TransformSkipFlag_Y;0
BlockStat;28; 412; 168; 4; 8;Cbf_Cb;0
BlockStat;28; 412; 168; 4; 8;Cbf_Cr;0
BlockStat;28; 384; 176;16;16;Depth;3
BlockStat;28; 384; 176;16;16;QT_Depth;3
BlockStat;28; 384; 176;16;16;BT_Depth;0
BlockStat;28; 384; 176;16;16;MT_Depth;0
BlockStat;28; 384; 176;16;16;ChromaQPAdj;0
BlockStat;28; 384; 176;16;16;QP;38
BlockStat;28; 384; 176;16;16;SplitSeries;1057
BlockStat;28; 384; 176;16;16;SkipFlag;0
BlockStat;28; 384; 176;16;16;PredMode;0
BlockStat;28; 384; 176;16;16;MergeFlag;0
BlockStat;28; 384; 176;16;16;InterDir;1
BlockStat;28; 384; 176;16;16;AffineFlag;0
BlockStat;28; 384; 176;16;16;MVPIdxL0;1
BlockStat;28; 384; 176;16;16;RefIdxL0;1
BlockStat;28; 384; 176;16;16;MVDL0; -20;   4
BlockStat;28; 384; 176;16;16;MVL0;-296; -56
BlockStat;28; 384; 176;16;16;IMVMode;1
BlockStat;28; 384; 176;16;16;RootCbf;1
BlockStat;28; 384; 176;16;16;Cbf_Y;1
BlockStat;28; 384; 176;16;16;TransformSkipFlag_Y;0
BlockStat;28; 384; 176;16;16;Cbf_Cb;0
BlockStat;28; 384; 176;16;16;Cbf_Cr;0
BlockStat;28; 400; 176; 8; 8;Depth;5
BlockStat;28; 400; 176; 8; 8;QT_Depth;3
BlockStat;28; 400; 176; 8; 8;BT_Depth;2
BlockStat;28; 400; 176; 8; 8;MT_Depth;2
BlockStat;28; 400; 176; 8; 8;ChromaQPAdj;0
BlockStat;28; 400; 176; 8; 8;QP;38
BlockStat;28; 400; 176; 8; 8;SplitSeries;3212321
BlockStat;28; 400; 176; 8; 8;SkipFlag;0
BlockStat;28; 400; 176; 8; 8;PredMode;1
BlockStat;28; 400; 176; 8; 8;Luma_IntraMode;57
BlockStat;28; 400; 176; 8; 8;Chroma_IntraMode;57
BlockStat;28; 400; 176; 8; 8;MultiRefIdx;0
BlockStat;28; 400; 176; 8; 8;Cbf_Y;1
BlockStat;28; 400; 176; 8; 8;TransformSkipFlag_Y;0
BlockStat;28; 400; 176; 8; 8;Cbf_Cb;0
BlockStat;28; 400; 176; 8; 8;Cbf_Cr;0
BlockStat;28; 408; 176; 8; 8;Depth;5
BlockStat;28; 408; 176; 8; 8;QT_Depth;3
BlockStat;28; 408; 176; 8; 8;BT_Depth;2
BlockStat;28; 408; 176; 8; 8;MT_Depth;2
BlockStat;28; 408; 176; 8; 8;ChromaQPAdj;0
BlockStat;28; 408; 176; 8; 8;QP;38
BlockStat;28; 408; 176; 8; 8;SplitSeries;3212321
BlockStat;28; 408; 176; 8; 8;SkipFlag;0
BlockStat;28; 408; 176; 8; 8;PredMode;0
BlockStat;28; 408; 176; 8; 8;MergeFlag;1
BlockStat;28; 408; 176; 8; 8;MergeIdx;0
BlockStat;28; 408; 176; 8; 8;MergeType;0
BlockStat;28; 408; 176; 8; 8;MMVDMergeFlag;0
BlockStat;28; 408; 176; 8; 8;AffineFlag;0
BlockStat;28; 408; 176; 8; 8;MHIntraFlag;0
BlockStat;28; 408; 176; 8; 8;MVPIdxL0;255
BlockStat;28; 408; 176; 8; 8;RefIdxL0;0
BlockStat: POC 28 @( 408, 176) [ 8x 8] TrianglePartitioning={   0,   8,   8,   0}
BlockStat: POC 28 @[(408, 176)--(416, 176)--(408, 184)--] TriangleMVL0={ -90,  46}
BlockStat: POC 28 @[(416, 176)--(408, 184)--(416, 184)--] TriangleMVL0={ -80,  28}
BlockStat;28; 408; 176; 8; 8;Cbf_Y;1
BlockStat;28; 408; 176; 8; 8;TransformSkipFlag_Y;0
BlockStat;28; 408; 176; 8; 8;Cbf_Cb;0
BlockStat;28; 408; 176; 8; 8;Cbf_Cr;0
BlockStat;28; 400; 184; 4; 8;Depth;5
BlockStat;28; 400; 184; 4; 8;QT_Depth;3
BlockStat;28; 400; 184; 4; 8;BT_Depth;3
BlockStat;28; 400; 184; 4; 8;MT_Depth;2
BlockStat;28; 400; 184; 4; 8;ChromaQPAdj;0
BlockStat;28; 400; 184; 4; 8;QP;38
BlockStat;28; 400; 184; 4; 8;SplitSeries;5309473
BlockStat;28; 400; 184; 4; 8;SkipFlag;0
BlockStat;28; 400; 184; 4; 8;PredMode;0
BlockStat;28; 400; 184; 4; 8;MergeFlag;0
BlockStat;28; 400; 184; 4; 8;InterDir;1
BlockStat;28; 400; 184; 4; 8;MVPIdxL0;1
BlockStat;28; 400; 184; 4; 8;RefIdxL0;0
BlockStat;28; 400; 184; 4; 8;MVDL0;   0;  36
BlockStat;28; 400; 184; 4; 8;MVL0; -92;  80
BlockStat;28; 400; 184; 4; 8;IMVMode;1
BlockStat;28; 400; 184; 4; 8;RootCbf;1
BlockStat;28; 400; 184; 4; 4;Cbf_Y;0
BlockStat;28; 400; 184; 4; 4;TransformSkipFlag_Y;0
BlockStat;28; 400; 184; 4; 4;Cbf_Cb;0
BlockStat;28; 400; 184; 4; 4;Cbf_Cr;0
BlockStat;28; 400; 188; 4; 4;Cbf_Y;2
BlockStat;28; 400; 188; 4; 4;TransformSkipFlag_Y;0
BlockStat;28; 400; 188; 4; 4;Cbf_Cb;0
BlockStat;28; 400; 188; 4; 4;Cbf_Cr;0
BlockStat;28; 404; 184; 8; 8;Depth;5
BlockStat;28; 404; 184; 8; 8;QT_Depth;3
BlockStat;28; 404; 184; 8; 8;BT_Depth;2
BlockStat;28; 404; 184; 8; 8;MT_Depth;2
BlockStat;28; 404; 184; 8; 8;ChromaQPAdj;0
BlockStat;28; 404; 184; 8; 8;QP;38
BlockStat;28; 404; 184; 8; 8;SplitSeries;5309473
BlockStat;28; 404; 184; 8; 8;SkipFlag;0
BlockStat;28; 404; 184; 8; 8;PredMode;0
BlockStat;28; 404; 184; 8; 8;MergeFlag;0
BlockStat;28; 404; 184; 8; 8;InterDir;1
BlockStat;28; 404; 184; 8; 8;MVPIdxL0;0
BlockStat;28; 404; 184; 8; 8;RefIdxL0;0
BlockStat;28; 404; 184; 8; 8;MVDL0;  -4;   2
BlockStat;28; 404; 184; 8; 8;MVL0; -96;  82
BlockStat;28; 404; 184; 8; 8;IMVMode;3
BlockStat;28; 404; 184; 8; 8;RootCbf;1
BlockStat;28; 404; 184; 8; 8;Cbf_Y;1
BlockStat;28; 404; 184; 8; 8;TransformSkipFlag_Y;0
BlockStat;28; 404; 184; 8; 8;Cbf_Cb;0
BlockStat;28; 404; 184; 8; 8;Cbf_Cr;0
BlockStat;28; 412; 184; 4; 8;Depth;5
BlockStat;28; 412; 184; 4; 8;QT_Depth;3
BlockStat;28; 412; 184; 4; 8;BT_Depth;3
BlockStat;28; 412; 184; 4; 8;MT_Depth;2
BlockStat;28; 412; 184; 4; 8;ChromaQPAdj;0
BlockStat;28; 412; 184; 4; 8;QP;38
BlockStat;28; 412; 184; 4; 8;SplitSeries;5309473
BlockStat;28; 412; 184; 4; 8;SkipFlag;0
BlockStat;28; 412; 184; 4; 8;PredMode;0
BlockStat;28; 412; 184; 4; 8;MergeFlag;0
BlockStat;28; 412; 184; 4; 8;InterDir;1
BlockStat;28; 412; 184; 4; 8;MVPIdxL0;0
BlockStat;28; 412; 184; 4; 8;RefIdxL0;1
BlockStat;28; 412; 184; 4; 8;MVDL0;   3;   0
BlockStat;28; 412; 184; 4; 8;MVL0;-293; -56
BlockStat;28; 412; 184; 4; 8;IMVMode;0
BlockStat;28; 412; 184; 4; 8;RootCbf;0
BlockStat;28; 416; 160; 8; 8;Depth;5
BlockStat;28; 416; 160; 8; 8;QT_Depth;3
BlockStat;28; 416; 160; 8; 8;BT_Depth;2
BlockStat;28; 416; 160; 8; 8;MT_Depth;2
BlockStat;28; 416; 160; 8; 8;ChromaQPAdj;0
BlockStat;28; 416; 160; 8; 8;QP;38
BlockStat;28; 416; 160; 8; 8;SplitSeries;2196513
BlockStat;28; 416; 160; 8; 8;SkipFlag;0
BlockStat;28; 416; 160; 8; 8;PredMode;1
BlockStat;28; 416; 160; 8; 8;Luma_IntraMode;63
BlockStat;28; 416; 160; 8; 8;Chroma_IntraMode;63
BlockStat;28; 416; 160; 8; 8;MultiRefIdx;0
BlockStat;28; 416; 160; 8; 8;Cbf_Y;1
BlockStat;28; 416; 160; 8; 8;TransformSkipFlag_Y;0
BlockStat;28; 416; 160; 8; 8;Cbf_Cb;0
BlockStat;28; 416; 160; 8; 8;Cbf_Cr;0
BlockStat;28; 416; 168; 8; 8;Depth;5
BlockStat;28; 416; 168; 8; 8;QT_Depth;3
BlockStat;28; 416; 168; 8; 8;BT_Depth;2
BlockStat;28; 416; 168; 8; 8;MT_Depth;2
BlockStat;28; 416; 168; 8; 8;ChromaQPAdj;0
BlockStat;28; 416; 168; 8; 8;QP;38
BlockStat;28; 416; 168; 8; 8;SplitSeries;2196513
BlockStat;28; 416; 168; 8; 8;SkipFlag;1
BlockStat;28; 416; 168; 8; 8;MMVDSkipFlag;0
BlockStat;28; 416; 168; 8; 8;PredMode;0
BlockStat;28; 416; 168; 8; 8;MergeIdx;5
BlockStat;28; 416; 168; 8; 8;MergeType;0
BlockStat;28; 416; 168; 8; 8;MMVDMergeFlag;1
BlockStat;28; 416; 168; 8; 8;MMVDMergeIdx;5
BlockStat;28; 416; 168; 8; 8;MVPIdxL0;255
BlockStat;28; 416; 168; 8; 8;RefIdxL0;0
BlockStat;28; 416; 168; 8; 8;MVPIdxL1;255
BlockStat;28; 416; 168; 8; 8;RefIdxL1;0
BlockStat;28; 416; 168; 8; 8;MVDL0;   0;   0
BlockStat;28; 416; 168; 8; 8;MVL0; -82;  28
BlockStat;28; 416; 168; 8; 8;MVDL1;   0;   0
BlockStat;28; 416; 168; 8; 8;MVL1; -90;  44
BlockStat;28; 424; 160; 8;16;Depth;4
BlockStat;28; 424; 160; 8;16;QT_Depth;3
BlockStat;28; 424; 160; 8;16;BT_Depth;1
BlockStat;28; 424; 160; 8;16;MT_Depth;1
BlockStat;28; 424; 160; 8;16;ChromaQPAdj;0
BlockStat;28; 424; 160; 8;16;QP;38
BlockStat;28; 424; 160; 8;16;SplitSeries;99361
BlockStat;28; 424; 160; 8;16;SkipFlag;1
BlockStat;28; 424; 160; 8;16;MMVDSkipFlag;0
BlockStat;28; 424; 160; 8;16;PredMode;0
BlockStat;28; 424; 160; 8;16;MergeIdx;36
BlockStat;28; 424; 160; 8;16;MergeType;0
BlockStat;28; 424; 160; 8;16;MMVDMergeFlag;1
BlockStat;28; 424; 160; 8;16;MMVDMergeIdx;36
BlockStat;28; 424; 160; 8;16;MVPIdxL0;255
BlockStat;28; 424; 160; 8;16;RefIdxL0;0
BlockStat;28; 424; 160; 8;16;MVPIdxL1;255
BlockStat;28; 424; 160; 8;16;RefIdxL1;1
BlockStat;28; 424; 160; 8;16;MVDL0;   0;   0
BlockStat;28; 424; 160; 8;16;MVL0; -95;  44
BlockStat;28; 424; 160; 8;16;MVDL1;   0;   0
BlockStat;28; 424; 160; 8;16;MVL1;-290; -48
BlockStat;28; 432; 160;16; 8;Depth;4
BlockStat;28; 432; 160;16; 8;QT_Depth;3
BlockStat;28; 432; 160;16; 8;BT_Depth;1
BlockStat;28; 432; 160;16; 8;MT_Depth;1
BlockStat;28; 432; 160;16; 8;ChromaQPAdj;0
BlockStat;28; 432; 160;16; 8;QP;38
BlockStat;28; 432; 160;16; 8;SplitSeries;66593
BlockStat;28; 432; 160;16; 8;SkipFlag;0
BlockStat;28; 432; 160;16; 8;PredMode;0
BlockStat;28; 432; 160;16; 8;MergeFlag;0
BlockStat;28; 432; 160;16; 8;InterDir;1
BlockStat;28; 432; 160;16; 8;MVPIdxL0;0
BlockStat;28; 432; 160;16; 8;RefIdxL0;1
BlockStat;28; 432; 160;16; 8;MVDL0;   1;  -4
BlockStat;28; 432; 160;16; 8;MVL0;-289; -52
BlockStat;28; 432; 160;16; 8;IMVMode;0
BlockStat;28; 432; 160;16; 8;RootCbf;0
BlockStat;28; 432; 168;16; 8;Depth;4
BlockStat;28; 432; 168;16; 8;QT_Depth;3
BlockStat;28; 432; 168;16; 8;BT_Depth;1
BlockStat;28; 432; 168;16; 8;MT_Depth;1
BlockStat;28; 432; 168;16; 8;ChromaQPAdj;0
BlockStat;28; 432; 168;16; 8;QP;38
BlockStat;28; 432; 168;16; 8;SplitSeries;66593
BlockStat;28; 432; 168;16; 8;SkipFlag;0
BlockStat;28; 432; 168;16; 8;PredMode;0
BlockStat;28; 432; 168;16; 8;MergeFlag;0
BlockStat;28; 432; 168;16; 8;InterDir;1
BlockStat;28; 432; 168;16; 8;MVPIdxL0;0
BlockStat;28; 432; 168;16; 8;RefIdxL0;0
BlockStat;28; 432; 168;16; 8;MVDL0;  -2; -27
BlockStat;28; 432; 168;16; 8;MVL0; -97;  17
BlockStat;28; 432; 168;16; 8;IMVMode;0
BlockStat;28; 432; 168;16; 8;RootCbf;0
BlockStat;28; 416; 176; 4; 8;Depth;5
BlockStat;28; 416; 176; 4; 8;QT_Depth;3
BlockStat;28; 416; 176; 4; 8;BT_Depth;3
BlockStat;28; 416; 176; 4; 8;MT_Depth;2
BlockStat;28; 416; 176; 4; 8;ChromaQPAdj;0
BlockStat;28; 416; 176; 4; 8;QP;38
BlockStat;28; 416; 176; 4; 8;SplitSeries;2262049
BlockStat;28; 416; 176; 4; 8;SkipFlag;1
BlockStat;28; 416; 176; 4; 8;MMVDSkipFlag;0
BlockStat;28; 416; 176; 4; 8;PredMode;0
BlockStat;28; 416; 176; 4; 8;MergeIdx;38
BlockStat;28; 416; 176; 4; 8;MergeType;0
BlockStat;28; 416; 176; 4; 8;MMVDMergeFlag;1
BlockStat;28; 416; 176; 4; 8;MMVDMergeIdx;38
BlockStat;28; 416; 176; 4; 8;MVPIdxL0;255
BlockStat;28; 416; 176; 4; 8;RefIdxL0;0
BlockStat;28; 416; 176; 4; 8;MVDL0;   0;   0
BlockStat;28; 416; 176; 4; 8;MVL0; -82;  30
BlockStat;28; 416; 184; 4; 8;Depth;5
BlockStat;28; 416; 184; 4; 8;QT_Depth;3
BlockStat;28; 416; 184; 4; 8;BT_Depth;3
BlockStat;28; 416; 184; 4; 8;MT_Depth;2
BlockStat;28; 416; 184; 4; 8;ChromaQPAdj;0
BlockStat;28; 416; 184; 4; 8;QP;38
BlockStat;28; 416; 184; 4; 8;SplitSeries;2262049
BlockStat;28; 416; 184; 4; 8;SkipFlag;1
BlockStat;28; 416; 184; 4; 8;MMVDSkipFlag;0
BlockStat;28; 416; 184; 4; 8;PredMode;0
BlockStat;28; 416; 184; 4; 8;MergeIdx;0
BlockStat;28; 416; 184; 4; 8;MergeType;0
BlockStat;28; 416; 184; 4; 8;MMVDMergeFlag;0
BlockStat;28; 416; 184; 4; 8;MVPIdxL0;255
BlockStat;28; 416; 184; 4; 8;RefIdxL0;1
BlockStat;28; 416; 184; 4; 8;MVDL0;   0;   0
BlockStat;28; 416; 184; 4; 8;MVL0;-293; -56
BlockStat;28; 420; 176; 8; 8;Depth;5
BlockStat;28; 420; 176; 8; 8;QT_Depth;3
BlockStat;28; 420; 176; 8; 8;BT_Depth;2
BlockStat;28; 420; 176; 8; 8;MT_Depth;2
BlockStat;28; 420; 176; 8; 8;ChromaQPAdj;0
BlockStat;28; 420; 176; 8; 8;QP;38
BlockStat;28; 420; 176; 8; 8;SplitSeries;2262049
BlockStat;28; 420; 176; 8; 8;SkipFlag;0
BlockStat;28; 420; 176; 8; 8;PredMode;0
BlockStat;28; 420; 176; 8; 8;MergeFlag;0
BlockStat;28; 420; 176; 8; 8;InterDir;1
BlockStat;28; 420; 176; 8; 8;MVPIdxL0;0
BlockStat;28; 420; 176; 8; 8;RefIdxL0;1
BlockStat;28; 420; 176; 8; 8;MVDL0;  -1;  -5
BlockStat;28; 420; 176; 8; 8;MVL0;-294; -61
BlockStat;28; 420; 176; 8; 8;IMVMode;0
BlockStat;28; 420; 176; 8; 8;RootCbf;0
BlockStat;28; 420; 184; 8; 8;Depth;5
BlockStat;28; 420; 184; 8; 8;QT_Depth;3
BlockStat;28; 420; 184; 8; 8;BT_Depth;2
BlockStat;28; 420; 184; 8; 8;MT_Depth;2
BlockStat;28; 420; 184; 8; 8;ChromaQPAdj;0
BlockStat;28; 420; 184; 8; 8;QP;38
BlockStat;28; 420; 184; 8; 8;SplitSeries;2262049
BlockStat;28; 420; 184; 8; 8;SkipFlag;0
BlockStat;28; 420; 184; 8; 8;PredMode;0
BlockStat;28; 420; 184; 8; 8;MergeFlag;0
BlockStat;28; 420; 184; 8; 8;InterDir;1
BlockStat;28; 420; 184; 8; 8;MVPIdxL0;0
BlockStat;28; 420; 184; 8; 8;RefIdxL0;1
BlockStat;28; 420; 184; 8; 8;MVDL0;  -4;   4
BlockStat;28; 420; 184; 8; 8;MVL0;-296; -52
BlockStat;28; 420; 184; 8; 8;IMVMode;1
BlockStat;28; 420; 184; 8; 8;RootCbf;0
BlockStat;28; 428; 176; 4;16;Depth;4
BlockStat;28; 428; 176; 4;16;QT_Depth;3
BlockStat;28; 428; 176; 4;16;BT_Depth;2
BlockStat;28; 428; 176; 4;16;MT_Depth;1
BlockStat;28; 428; 176; 4;16;ChromaQPAdj;0
BlockStat;28; 428; 176; 4;16;QP;38
BlockStat;28; 428; 176; 4;16;SplitSeries;164897
BlockStat;28; 428; 176; 4;16;SkipFlag;0
BlockStat;28; 428; 176; 4;16;PredMode;0
BlockStat;28; 428; 176; 4;16;MergeFlag;0
BlockStat;28; 428; 176; 4;16;InterDir;1
BlockStat;28; 428; 176; 4;16;MVPIdxL0;0
BlockStat;28; 428; 176; 4;16;RefIdxL0;1
BlockStat;28; 428; 176; 4;16;MVDL0;  -4;  -4
BlockStat;28; 428; 176; 4;16;MVL0;-300; -56
BlockStat;28; 428; 176; 4;16;IMVMode;1
BlockStat;28; 428; 176; 4;16;RootCbf;0
BlockStat;28; 432; 176;16; 4;Depth;4
BlockStat;28; 432; 176;16; 4;QT_Depth;3
BlockStat;28; 432; 176;16; 4;BT_Depth;2
BlockStat;28; 432; 176;16; 4;MT_Depth;1
BlockStat;28; 432; 176;16; 4;ChromaQPAdj;0
BlockStat;28; 432; 176;16; 4;QP;38
BlockStat;28; 432; 176;16; 4;SplitSeries;132129
BlockStat;28; 432; 176;16; 4;SkipFlag;1
BlockStat;28; 432; 176;16; 4;MMVDSkipFlag;0
BlockStat;28; 432; 176;16; 4;PredMode;0
BlockStat;28; 432; 176;16; 4;MergeIdx;51
BlockStat;28; 432; 176;16; 4;MergeType;0
BlockStat;28; 432; 176;16; 4;MMVDMergeFlag;1
BlockStat;28; 432; 176;16; 4;MMVDMergeIdx;51
BlockStat;28; 432; 176;16; 4;MVPIdxL0;255
BlockStat;28; 432; 176;16; 4;RefIdxL0;0
BlockStat;28; 432; 176;16; 4;MVDL0;   0;   0
BlockStat;28; 432; 176;16; 4;MVL0; -97;   1
BlockStat;28; 432; 180;16; 8;Depth;4
BlockStat;28; 432; 180;16; 8;QT_Depth;3
BlockStat;28; 432; 180;16; 8;BT_Depth;1
BlockStat;28; 432; 180;16; 8;MT_Depth;1
BlockStat;28; 432; 180;16; 8;ChromaQPAdj;0
BlockStat;28; 432; 180;16; 8;QP;38
BlockStat;28; 432; 180;16; 8;SplitSeries;132129
BlockStat;28; 432; 180;16; 8;SkipFlag;1
BlockStat;28; 432; 180;16; 8;MMVDSkipFlag;0
BlockStat;28; 432; 180;16; 8;PredMode;0
BlockStat;28; 432; 180;16; 8;MergeIdx;0
BlockStat;28; 432; 180;16; 8;MergeType;0
BlockStat;28; 432; 180;16; 8;MMVDMergeFlag;0
BlockStat;28; 432; 180;16; 8;AffineFlag;0
BlockStat;28; 432; 180;16; 8;MVPIdxL0;255
BlockStat;28; 432; 180;16; 8;RefIdxL0;1
BlockStat;28; 432; 180;16; 8;MVDL0;   0;   0
BlockStat;28; 432; 180;16; 8;MVL0;-300; -56
BlockStat;28; 432; 188;16; 4;Depth;4
BlockStat;28; 432; 188;16; 4;QT_Depth;3
BlockStat;28; 432; 188;16; 4;BT_Depth;2
BlockStat;28; 432; 188;16; 4;MT_Depth;1
BlockStat;28; 432; 188;16; 4;ChromaQPAdj;0
BlockStat;28; 432; 188;16; 4;QP;38
BlockStat;28; 432; 188;16; 4;SplitSeries;132129
BlockStat;28; 432; 188;16; 4;SkipFlag;0
BlockStat;28; 432; 188;16; 4;PredMode;0
BlockStat;28; 432; 188;16; 4;MergeFlag;0
BlockStat;28; 432; 188;16; 4;InterDir;1
BlockStat;28; 432; 188;16; 4;MVPIdxL0;0
BlockStat;28; 432; 188;16; 4;RefIdxL0;1
BlockStat;28; 432; 188;16; 4;MVDL0;  -3;   4
BlockStat;28; 432; 188;16; 4;MVL0;-303; -52
BlockStat;28; 432; 188;16; 4;IMVMode;0
BlockStat;28; 432; 188;16; 4;RootCbf;1
BlockStat;28; 432; 188; 8; 4;Cbf_Y;2
BlockStat;28; 432; 188; 8; 4;TransformSkipFlag_Y;0
BlockStat;28; 432; 188; 8; 4;Cbf_Cb;0
BlockStat;28; 432; 188; 8; 4;Cbf_Cr;0
BlockStat;28; 440; 188; 8; 4;Cbf_Y;0
BlockStat;28; 440; 188; 8; 4;TransformSkipFlag_Y;0
BlockStat;28; 440; 188; 8; 4;Cbf_Cb;0
BlockStat;28; 440; 188; 8; 4;Cbf_Cr;0
BlockStat;28; 448; 128; 4; 4;Depth;5
BlockStat;28; 448; 128; 4; 4;QT_Depth;3
BlockStat;28; 448; 128; 4; 4;BT_Depth;4
BlockStat;28; 448; 128; 4; 4;MT_Depth;2
BlockStat;28; 448; 128; 4; 4;ChromaQPAdj;0
BlockStat;28; 448; 128; 4; 4;QP;38
BlockStat;28; 448; 128; 4; 4;SplitSeries;4359201
BlockStat;28; 448; 128; 4; 4;SkipFlag;0
BlockStat;28; 448; 128; 4; 4;PredMode;1
BlockStat;28; 448; 128; 4; 4;Luma_IntraMode;4
BlockStat;28; 448; 128; 4; 4;MultiRefIdx;0
BlockStat;28; 448; 128; 4; 4;Cbf_Y;0
BlockStat;28; 448; 128; 4; 4;TransformSkipFlag_Y;0
BlockStat;28; 448; 132; 4; 8;Depth;5
BlockStat;28; 448; 132; 4; 8;QT_Depth;3
BlockStat;28; 448; 132; 4; 8;BT_Depth;3
BlockStat;28; 448; 132; 4; 8;MT_Depth;2
BlockStat;28; 448; 132; 4; 8;ChromaQPAdj;0
BlockStat;28; 448; 132; 4; 8;QP;38
BlockStat;28; 448; 132; 4; 8;SplitSeries;4359201
BlockStat;28; 448; 132; 4; 8;SkipFlag;0
BlockStat;28; 448; 132; 4; 8;PredMode;1
BlockStat;28; 448; 132; 4; 8;Luma_IntraMode;8
BlockStat;28; 448; 132; 4; 8;MultiRefIdx;0
BlockStat;28; 448; 132; 4; 8;Cbf_Y;1
BlockStat;28; 448; 132; 4; 8;TransformSkipFlag_Y;1
BlockStat;28; 448; 140; 4; 4;Depth;5
BlockStat;28; 448; 140; 4; 4;QT_Depth;3
BlockStat;28; 448; 140; 4; 4;BT_Depth;4
BlockStat;28; 448; 140; 4; 4;MT_Depth;2
BlockStat;28; 448; 140; 4; 4;ChromaQPAdj;0
BlockStat;28; 448; 140; 4; 4;QP;38
BlockStat;28; 448; 140; 4; 4;SplitSeries;4359201
BlockStat;28; 448; 140; 4; 4;SkipFlag;0
BlockStat;28; 448; 140; 4; 4;PredMode;1
BlockStat;28; 448; 140; 4; 4;Luma_IntraMode;7
BlockStat;28; 448; 140; 4; 4;MultiRefIdx;3
BlockStat;28; 448; 140; 4; 4;Cbf_Y;1
BlockStat;28; 448; 140; 4; 4;TransformSkipFlag_Y;1
BlockStat;28;   0;   0; 0; 0;Depth;4
BlockStat;28;   0;   0; 0; 0;QT_Depth;3
BlockStat;28;   0;   0; 0; 0;BT_Depth;2
BlockStat;28;   0;   0; 0; 0;MT_Depth;1
BlockStat;28;   0;   0; 0; 0;ChromaQPAdj;0
BlockStat;28;   0;   0; 0; 0;QP;38
BlockStat;28;   0;   0; 0; 0;SplitSeries;164897
BlockStat;28;   0;   0; 0; 0;PredMode;1
BlockStat;28; 448; 128; 4;16;Chroma_IntraMode;8
BlockStat;28; 448; 128; 4;16;Cbf_Cb;0
BlockStat;28; 448; 128; 4;16;Cbf_Cr;0
BlockStat;28; 452; 128; 8; 4;Depth;5
BlockStat;28; 452; 128; 8; 4;QT_Depth;3
BlockStat;28; 452; 128; 8; 4;BT_Depth;3
BlockStat;28; 452; 128; 8; 4;MT_Depth;2
BlockStat;28; 452; 128; 8; 4;ChromaQPAdj;0
BlockStat;28; 452; 128; 8; 4;QP;38
BlockStat;28; 452; 128; 8; 4;SplitSeries;4359201
BlockStat;28; 452; 128; 8; 4;SkipFlag;1
BlockStat;28; 452; 128; 8; 4;MMVDSkipFlag;0
BlockStat;28; 452; 128; 8; 4;PredMode;0
BlockStat;28; 452; 128; 8; 4;MergeIdx;0
BlockStat;28; 452; 128; 8; 4;MergeType;0
BlockStat;28; 452; 128; 8; 4;MMVDMergeFlag;0
BlockStat;28; 452; 128; 8; 4;MVPIdxL0;255
BlockStat;28; 452; 128; 8; 4;RefIdxL0;1
BlockStat;28; 452; 128; 8; 4;MVDL0;   0;   0
BlockStat;28; 452; 128; 8; 4;MVL0;-272; -49
BlockStat;28; 452; 132; 8; 8;Depth;5
BlockStat;28; 452; 132; 8; 8;QT_Depth;3
BlockStat;28; 452; 132; 8; 8;BT_Depth;2
BlockStat;28; 452; 132; 8; 8;MT_Depth;2
BlockStat;28; 452; 132; 8; 8;ChromaQPAdj;0
BlockStat;28; 452; 132; 8; 8;QP;38
BlockStat;28; 452; 132; 8; 8;SplitSeries;4359201
BlockStat;28; 452; 132; 8; 8;SkipFlag;0
BlockStat;28; 452; 132; 8; 8;PredMode;0
BlockStat;28; 452; 132; 8; 8;MergeFlag;0
BlockStat;28; 452; 132; 8; 8;InterDir;1
BlockStat;28; 452; 132; 8; 8;MVPIdxL0;0
BlockStat;28; 452; 132; 8; 8;RefIdxL0;1
BlockStat;28; 452; 132; 8; 8;MVDL0;  -5;   1
BlockStat;28; 452; 132; 8; 8;MVL0;-277; -48
BlockStat;28; 452; 132; 8; 8;IMVMode;0
BlockStat;28; 452; 132; 8; 8;RootCbf;0
BlockStat;28; 452; 140; 8; 4;Depth;5
BlockStat;28; 452; 140; 8; 4;QT_Depth;3
BlockStat;28; 452; 140; 8; 4;BT_Depth;3
BlockStat;28; 452; 140; 8; 4;MT_Depth;2
BlockStat;28; 452; 140; 8; 4;ChromaQPAdj;0
BlockStat;28; 452; 140; 8; 4;QP;38
BlockStat;28; 452; 140; 8; 4;SplitSeries;4359201
BlockStat;28; 452; 140; 8; 4;SkipFlag;0
BlockStat;28; 452; 140; 8; 4;PredMode;0
BlockStat;28; 452; 140; 8; 4;MergeFlag;1
BlockStat;28; 452; 140; 8; 4;MergeIdx;9
BlockStat;28; 452; 140; 8; 4;MergeType;0
BlockStat;28; 452; 140; 8; 4;MMVDMergeFlag;1
BlockStat;28; 452; 140; 8; 4;MMVDMergeIdx;9
BlockStat;28; 452; 140; 8; 4;MVPIdxL0;255
BlockStat;28; 452; 140; 8; 4;RefIdxL0;1
BlockStat;28; 452; 140; 8; 4;MVDL0;   0;   0
BlockStat;28; 452; 140; 8; 4;MVL0;-281; -48
BlockStat;28; 452; 140; 8; 4;Cbf_Y;1
BlockStat;28; 452; 140; 8; 4;TransformSkipFlag_Y;1
BlockStat;28; 452; 140; 8; 4;Cbf_Cb;0
BlockStat;28; 452; 140; 8; 4;Cbf_Cr;0
BlockStat;28; 460; 128; 4;16;Depth;4
BlockStat;28; 460; 128; 4;16;QT_Depth;3
BlockStat;28; 460; 128; 4;16;BT_Depth;2
BlockStat;28; 460; 128; 4;16;MT_Depth;1
BlockStat;28; 460; 128; 4;16;ChromaQPAdj;0
BlockStat;28; 460; 128; 4;16;QP;38
BlockStat;28; 460; 128; 4;16;SplitSeries;164897
BlockStat;28; 460; 128; 4;16;SkipFlag;1
BlockStat;28; 460; 128; 4;16;MMVDSkipFlag;0
BlockStat;28; 460; 128; 4;16;PredMode;0
BlockStat;28; 460; 128; 4;16;MergeIdx;13
BlockStat;28; 460; 128; 4;16;MergeType;0
BlockStat;28; 460; 128; 4;16;MMVDMergeFlag;1
BlockStat;28; 460; 128; 4;16;MMVDMergeIdx;13
BlockStat;28; 460; 128; 4;16;MVPIdxL0;255
BlockStat;28; 460; 128; 4;16;RefIdxL0;1
BlockStat;28; 460; 128; 4;16;MVDL0;   0;   0
BlockStat;28; 460; 128; 4;16;MVL0;-289; -48
BlockStat;28; 464; 128; 4;16;Depth;4
BlockStat;28; 464; 128; 4;16;QT_Depth;3
BlockStat;28; 464; 128; 4;16;BT_Depth;2
BlockStat;28; 464; 128; 4;16;MT_Depth;1
BlockStat;28; 464; 128; 4;16;ChromaQPAdj;0
BlockStat;28; 464; 128; 4;16;QP;38
BlockStat;28; 464; 128; 4;16;SplitSeries;164897
BlockStat;28; 464; 128; 4;16;SkipFlag;1
BlockStat;28; 464; 128; 4;16;MMVDSkipFlag;0
BlockStat;28; 464; 128; 4;16;PredMode;0
BlockStat;28; 464; 128; 4;16;MergeIdx;13
BlockStat;28; 464; 128; 4;16;MergeType;0
BlockStat;28; 464; 128; 4;16;MMVDMergeFlag;1
BlockStat;28; 464; 128; 4;16;MMVDMergeIdx;13
BlockStat;28; 464; 128; 4;16;MVPIdxL0;255
BlockStat;28; 464; 128; 4;16;RefIdxL0;1
BlockStat;28; 464; 128; 4;16;MVDL0;   0;   0
BlockStat;28; 464; 128; 4;16;MVL0;-297; -48
BlockStat;28; 468; 128; 8; 8;Depth;5
BlockStat;28; 468; 128; 8; 8;QT_Depth;3
BlockStat;28; 468; 128; 8; 8;BT_Depth;2
BlockStat;28; 468; 128; 8; 8;MT_Depth;2
BlockStat;28; 468; 128; 8; 8;ChromaQPAdj;0
BlockStat;28; 468; 128; 8; 8;QP;38
BlockStat;28; 468; 128; 8; 8;SplitSeries;2262049
BlockStat;28; 468; 128; 8; 8;SkipFlag;0
BlockStat;28; 468; 128; 8; 8;PredMode;1
BlockStat;28; 468; 128; 8; 8;Luma_IntraMode;36
BlockStat;28; 468; 128; 8; 8;Chroma_IntraMode;36
BlockStat;28; 468; 128; 8; 8;MultiRefIdx;0
BlockStat;28; 468; 128; 8; 8;Cbf_Y;1
BlockStat;28; 468; 128; 8; 8;TransformSkipFlag_Y;2
BlockStat;28; 468; 128; 8; 8;Cbf_Cb;0
BlockStat;28; 468; 128; 8; 8;Cbf_Cr;0
BlockStat;28; 468; 136; 8; 8;Depth;5
BlockStat;28; 468; 136; 8; 8;QT_Depth;3
BlockStat;28; 468; 136; 8; 8;BT_Depth;2
BlockStat;28; 468; 136; 8; 8;MT_Depth;2
BlockStat;28; 468; 136; 8; 8;ChromaQPAdj;0
BlockStat;28; 468; 136; 8; 8;QP;38
BlockStat;28; 468; 136; 8; 8;SplitSeries;2262049
BlockStat;28; 468; 136; 8; 8;SkipFlag;0
BlockStat;28; 468; 136; 8; 8;PredMode;0
BlockStat;28; 468; 136; 8; 8;MergeFlag;0
BlockStat;28; 468; 136; 8; 8;InterDir;1
BlockStat;28; 468; 136; 8; 8;MVPIdxL0;0
BlockStat;28; 468; 136; 8; 8;RefIdxL0;0
BlockStat;28; 468; 136; 8; 8;MVDL0;  -3;  32
BlockStat;28; 468; 136; 8; 8;MVL0; -99;  20
BlockStat;28; 468; 136; 8; 8;IMVMode;0
BlockStat;28; 468; 136; 8; 8;RootCbf;1
BlockStat;28; 468; 136; 8; 8;Cbf_Y;1
BlockStat;28; 468; 136; 8; 8;TransformSkipFlag_Y;1
BlockStat;28; 468; 136; 8; 8;Cbf_Cb;0
BlockStat;28; 468; 136; 8; 8;Cbf_Cr;0
BlockStat;28; 476; 128; 4; 4;Depth;5
BlockStat;28; 476; 128; 4; 4;QT_Depth;3
BlockStat;28; 476; 128; 4; 4;BT_Depth;4
BlockStat;28; 476; 128; 4; 4;MT_Depth;2
BlockStat;28; 476; 128; 4; 4;ChromaQPAdj;0
BlockStat;28; 476; 128; 4; 4;QP;38
BlockStat;28; 476; 128; 4; 4;SplitSeries;4359201
BlockStat;28; 476; 128; 4; 4;SkipFlag;0
BlockStat;28; 476; 128; 4; 4;PredMode;1
BlockStat;28; 476; 128; 4; 4;Luma_IntraMode;36
BlockStat;28; 476; 128; 4; 4;MultiRefIdx;0
BlockStat;28; 476; 128; 4; 4;Cbf_Y;0
BlockStat;28; 476; 128; 4; 4;TransformSkipFlag_Y;0
BlockStat;28; 476; 132; 4; 8;Depth;5
BlockStat;28; 476; 132; 4; 8;QT_Depth;3
BlockStat;28; 476; 132; 4; 8;BT_Depth;3
BlockStat;28; 476; 132; 4; 8;MT_Depth;2
BlockStat;28; 476; 132; 4; 8;ChromaQPAdj;0
BlockStat;28; 476; 132; 4; 8;QP;38
BlockStat;28; 476; 132; 4; 8;SplitSeries;4359201
BlockStat;28; 476; 132; 4; 8;SkipFlag;0
BlockStat;28; 476; 132; 4; 8;PredMode;1
BlockStat;28; 476; 132; 4; 8;Luma_IntraMode;37
BlockStat;28; 476; 132; 4; 8;MultiRefIdx;3
BlockStat;28; 476; 132; 4; 8;Cbf_Y;1
BlockStat;28; 476; 132; 4; 8;TransformSkipFlag_Y;2
BlockStat;28; 476; 140; 4; 4;Depth;5
BlockStat;28; 476; 140; 4; 4;QT_Depth;3
BlockStat;28; 476; 140; 4; 4;BT_Depth;4
BlockStat;28; 476; 140; 4; 4;MT_Depth;2
BlockStat;28; 476; 140; 4; 4;ChromaQPAdj;0
BlockStat;28; 476; 140; 4; 4;QP;38
BlockStat;28; 476; 140; 4; 4;SplitSeries;4359201
BlockStat;28; 476; 140; 4; 4;SkipFlag;0
BlockStat;28; 476; 140; 4; 4;PredMode;1
BlockStat;28; 476; 140; 4; 4;Luma_IntraMode;22
BlockStat;28; 476; 140; 4; 4;MultiRefIdx;0
BlockStat;28; 476; 140; 4; 4;Cbf_Y;1
BlockStat;28; 476; 140; 4; 4;TransformSkipFlag_Y;0
BlockStat;28;   0;   0; 0; 0;Depth;4
BlockStat;28;   0;   0; 0; 0;QT_Depth;3
BlockStat;28;   0;   0; 0; 0;BT_Depth;2
BlockStat;28;   0;   0; 0; 0;MT_Depth;1
BlockStat;28;   0;   0; 0; 0;ChromaQPAdj;0
BlockStat;28;   0;   0; 0; 0;QP;38
BlockStat;28;   0;   0; 0; 0;SplitSeries;164897
BlockStat;28;   0;   0; 0; 0;PredMode;1
BlockStat;28; 476; 128; 4;16;Chroma_IntraMode;67
BlockStat;28; 476; 128; 4;16;Cbf_Cb;0
BlockStat;28; 476; 128; 4;16;Cbf_Cr;0
BlockStat;28; 448; 144; 4; 8;Depth;5
BlockStat;28; 448; 144; 4; 8;QT_Depth;3
BlockStat;28; 448; 144; 4; 8;BT_Depth;3
BlockStat;28; 448; 144; 4; 8;MT_Depth;2
BlockStat;28; 448; 144; 4; 8;ChromaQPAdj;0
BlockStat;28; 448; 144; 4; 8;QP;38
BlockStat;28; 448; 144; 4; 8;SplitSeries;5309473
BlockStat;28; 448; 144; 4; 8;SkipFlag;1
BlockStat;28; 448; 144; 4; 8;MMVDSkipFlag;0
BlockStat;28; 448; 144; 4; 8;PredMode;0
BlockStat;28; 448; 144; 4; 8;MergeIdx;37
BlockStat;28; 448; 144; 4; 8;MergeType;0
BlockStat;28; 448; 144; 4; 8;MMVDMergeFlag;1
BlockStat;28; 448; 144; 4; 8;MMVDMergeIdx;37
BlockStat;28; 448; 144; 4; 8;MVPIdxL0;255
BlockStat;28; 448; 144; 4; 8;RefIdxL0;1
BlockStat;28; 448; 144; 4; 8;MVDL0;   0;   0
BlockStat;28; 448; 144; 4; 8;MVL0;-283; -48
BlockStat;28; 452; 144; 8; 8;Depth;5
BlockStat;28; 452; 144; 8; 8;QT_Depth;3
BlockStat;28; 452; 144; 8; 8;BT_Depth;2
BlockStat;28; 452; 144; 8; 8;MT_Depth;2
BlockStat;28; 452; 144; 8; 8;ChromaQPAdj;0
BlockStat;28; 452; 144; 8; 8;QP;38
BlockStat;28; 452; 144; 8; 8;SplitSeries;5309473
BlockStat;28; 452; 144; 8; 8;SkipFlag;1
BlockStat;28; 452; 144; 8; 8;MMVDSkipFlag;0
BlockStat;28; 452; 144; 8; 8;PredMode;0
BlockStat;28; 452; 144; 8; 8;MergeIdx;1
BlockStat;28; 452; 144; 8; 8;MergeType;0
BlockStat;28; 452; 144; 8; 8;MMVDMergeFlag;0
BlockStat;28; 452; 144; 8; 8;AffineFlag;0
BlockStat;28; 452; 144; 8; 8;MVPIdxL0;255
BlockStat;28; 452; 144; 8; 8;RefIdxL0;1
BlockStat;28; 452; 144; 8; 8;MVDL0;   0;   0
BlockStat;28; 452; 144; 8; 8;MVL0;-281; -48
BlockStat;28; 460; 144; 4; 8;Depth;5
BlockStat;28; 460; 144; 4; 8;QT_Depth;3
BlockStat;28; 460; 144; 4; 8;BT_Depth;3
BlockStat;28; 460; 144; 4; 8;MT_Depth;2
BlockStat;28; 460; 144; 4; 8;ChromaQPAdj;0
BlockStat;28; 460; 144; 4; 8;QP;38
BlockStat;28; 460; 144; 4; 8;SplitSeries;5309473
BlockStat;28; 460; 144; 4; 8;SkipFlag;1
BlockStat;28; 460; 144; 4; 8;MMVDSkipFlag;0
BlockStat;28; 460; 144; 4; 8;PredMode;0
BlockStat;28; 460; 144; 4; 8;MergeIdx;0
BlockStat;28; 460; 144; 4; 8;MergeType;0
BlockStat;28; 460; 144; 4; 8;MMVDMergeFlag;0
BlockStat;28; 460; 144; 4; 8;MVPIdxL0;255
BlockStat;28; 460; 144; 4; 8;RefIdxL0;1
BlockStat;28; 460; 144; 4; 8;MVDL0;   0;   0
BlockStat;28; 460; 144; 4; 8;MVL0;-281; -48
BlockStat;28; 448; 152; 4; 8;Depth;5
BlockStat;28; 448; 152; 4; 8;QT_Depth;3
BlockStat;28; 448; 152; 4; 8;BT_Depth;3
BlockStat;28; 448; 152; 4; 8;MT_Depth;2
BlockStat;28; 448; 152; 4; 8;ChromaQPAdj;0
BlockStat;28; 448; 152; 4; 8;QP;38
BlockStat;28; 448; 152; 4; 8;SplitSeries;5309473
BlockStat;28; 448; 152; 4; 8;SkipFlag;0
BlockStat;28; 448; 152; 4; 8;PredMode;0
BlockStat;28; 448; 152; 4; 8;MergeFlag;0
BlockStat;28; 448; 152; 4; 8;InterDir;1
BlockStat;28; 448; 152; 4; 8;MVPIdxL0;0
BlockStat;28; 448; 152; 4; 8;RefIdxL0;0
BlockStat;28; 448; 152; 4; 8;MVDL0;   4;   0
BlockStat;28; 448; 152; 4; 8;MVL0; -96;  20
BlockStat;28; 448; 152; 4; 8;IMVMode;1
BlockStat;28; 448; 152; 4; 8;RootCbf;0
BlockStat;28; 452; 152; 8; 8;Depth;5
BlockStat;28; 452; 152; 8; 8;QT_Depth;3
BlockStat;28; 452; 152; 8; 8;BT_Depth;2
BlockStat;28; 452; 152; 8; 8;MT_Depth;2
BlockStat;28; 452; 152; 8; 8;ChromaQPAdj;0
BlockStat;28; 452; 152; 8; 8;QP;38
BlockStat;28; 452; 152; 8; 8;SplitSeries;5309473
BlockStat;28; 452; 152; 8; 8;SkipFlag;1
BlockStat;28; 452; 152; 8; 8;MMVDSkipFlag;0
BlockStat;28; 452; 152; 8; 8;PredMode;0
BlockStat;28; 452; 152; 8; 8;MergeIdx;0
BlockStat;28; 452; 152; 8; 8;MergeType;0
BlockStat;28; 452; 152; 8; 8;MMVDMergeFlag;0
BlockStat;28; 452; 152; 8; 8;AffineFlag;0
BlockStat;28; 452; 152; 8; 8;MVPIdxL0;255
BlockStat;28; 452; 152; 8; 8;RefIdxL0;0
BlockStat;28; 452; 152; 8; 8;MVDL0;   0;   0
BlockStat;28; 452; 152; 8; 8;MVL0; -96;  20
BlockStat;28; 460; 152; 4; 8;Depth;5
BlockStat;28; 460; 152; 4; 8;QT_Depth;3
BlockStat;28; 460; 152; 4; 8;BT_Depth;3
BlockStat;28; 460; 152; 4; 8;MT_Depth;2
BlockStat;28; 460; 152; 4; 8;ChromaQPAdj;0
BlockStat;28; 460; 152; 4; 8;QP;38
BlockStat;28; 460; 152; 4; 8;SplitSeries;5309473
BlockStat;28; 460; 152; 4; 8;SkipFlag;1
BlockStat;28; 460; 152; 4; 8;MMVDSkipFlag;0
BlockStat;28; 460; 152; 4; 8;PredMode;0
BlockStat;28; 460; 152; 4; 8;MergeIdx;5
BlockStat;28; 460; 152; 4; 8;MergeType;0
BlockStat;28; 460; 152; 4; 8;MMVDMergeFlag;1
BlockStat;28; 460; 152; 4; 8;MMVDMergeIdx;5
BlockStat;28; 460; 152; 4; 8;MVPIdxL0;255
BlockStat;28; 460; 152; 4; 8;RefIdxL0;0
BlockStat;28; 460; 152; 4; 8;MVDL0;   0;   0
BlockStat;28; 460; 152; 4; 8;MVL0; -98;  20
BlockStat;28; 464; 144; 4; 8;Depth;6
BlockStat;28; 464; 144; 4; 8;QT_Depth;3
BlockStat;28; 464; 144; 4; 8;BT_Depth;3
BlockStat;28; 464; 144; 4; 8;MT_Depth;3
BlockStat;28; 464; 144; 4; 8;ChromaQPAdj;0
BlockStat;28; 464; 144; 4; 8;QP;38
BlockStat;28; 464; 144; 4; 8;SplitSeries;70353953
BlockStat;28; 464; 144; 4; 8;SkipFlag;1
BlockStat;28; 464; 144; 4; 8;MMVDSkipFlag;0
BlockStat;28; 464; 144; 4; 8;PredMode;0
BlockStat;28; 464; 144; 4; 8;MergeIdx;0
BlockStat;28; 464; 144; 4; 8;MergeType;0
BlockStat;28; 464; 144; 4; 8;MMVDMergeFlag;0
BlockStat;28; 464; 144; 4; 8;MVPIdxL0;255
BlockStat;28; 464; 144; 4; 8;RefIdxL0;1
BlockStat;28; 464; 144; 4; 8;MVDL0;   0;   0
BlockStat;28; 464; 144; 4; 8;MVL0;-281; -48
BlockStat;28; 464; 152; 4; 8;Depth;6
BlockStat;28; 464; 152; 4; 8;QT_Depth;3
BlockStat;28; 464; 152; 4; 8;BT_Depth;3
BlockStat;28; 464; 152; 4; 8;MT_Depth;3
BlockStat;28; 464; 152; 4; 8;ChromaQPAdj;0
BlockStat;28; 464; 152; 4; 8;QP;38
BlockStat;28; 464; 152; 4; 8;SplitSeries;70353953
BlockStat;28; 464; 152; 4; 8;SkipFlag;0
BlockStat;28; 464; 152; 4; 8;PredMode;0
BlockStat;28; 464; 152; 4; 8;MergeFlag;0
BlockStat;28; 464; 152; 4; 8;InterDir;1
BlockStat;28; 464; 152; 4; 8;MVPIdxL0;0
BlockStat;28; 464; 152; 4; 8;RefIdxL0;0
BlockStat;28; 464; 152; 4; 8;MVDL0; -28;  24
BlockStat;28; 464; 152; 4; 8;MVL0;-124;  44
BlockStat;28; 464; 152; 4; 8;IMVMode;1
BlockStat;28; 464; 152; 4; 8;RootCbf;0
BlockStat;28; 468; 144; 4; 4;Depth;6
BlockStat;28; 468; 144; 4; 4;QT_Depth;3
BlockStat;28; 468; 144; 4; 4;BT_Depth;4
BlockStat;28; 468; 144; 4; 4;MT_Depth;3
BlockStat;28; 468; 144; 4; 4;ChromaQPAdj;0
BlockStat;28; 468; 144; 4; 4;QP;38
BlockStat;28; 468; 144; 4; 4;SplitSeries;137462817
BlockStat;28; 468; 144; 4; 4;SkipFlag;0
BlockStat;28; 468; 144; 4; 4;PredMode;1
BlockStat;28; 468; 144; 4; 4;Luma_IntraMode;0
BlockStat;28; 468; 144; 4; 4;MultiRefIdx;0
BlockStat;28; 468; 144; 4; 4;Cbf_Y;1
BlockStat;28; 468; 144; 4; 4;TransformSkipFlag_Y;1
BlockStat;28; 468; 148; 4; 8;Depth;6
BlockStat;28; 468; 148; 4; 8;QT_Depth;3
BlockStat;28; 468; 148; 4; 8;BT_Depth;3
BlockStat;28; 468; 148; 4; 8;MT_Depth;3
BlockStat;28; 468; 148; 4; 8;ChromaQPAdj;0
BlockStat;28; 468; 148; 4; 8;QP;38
BlockStat;28; 468; 148; 4; 8;SplitSeries;137462817
BlockStat;28; 468; 148; 4; 8;SkipFlag;0
BlockStat;28; 468; 148; 4; 8;PredMode;1
BlockStat;28; 468; 148; 4; 8;Luma_IntraMode;65
BlockStat;28; 468; 148; 4; 8;MultiRefIdx;0
BlockStat;28; 468; 148; 4; 8;Cbf_Y;0
BlockStat;28; 468; 148; 4; 8;TransformSkipFlag_Y;0
BlockStat;28; 468; 156; 4; 4;Depth;6
BlockStat;28; 468; 156; 4; 4;QT_Depth;3
BlockStat;28; 468; 156; 4; 4;BT_Depth;4
BlockStat;28; 468; 156; 4; 4;MT_Depth;3
BlockStat;28; 468; 156; 4; 4;ChromaQPAdj;0
BlockStat;28; 468; 156; 4; 4;QP;38
BlockStat;28; 468; 156; 4; 4;SplitSeries;137462817
BlockStat;28; 468; 156; 4; 4;SkipFlag;0
BlockStat;28; 468; 156; 4; 4;PredMode;1
BlockStat;28; 468; 156; 4; 4;Luma_IntraMode;31
BlockStat;28; 468; 156; 4; 4;MultiRefIdx;0
BlockStat;28; 468; 156; 4; 4;Cbf_Y;1
BlockStat;28; 468; 156; 4; 4;TransformSkipFlag_Y;2
BlockStat;28;   0;   0; 0; 0;Depth;5
BlockStat;28;   0;   0; 0; 0;QT_Depth;3
BlockStat;28;   0;   0; 0; 0;BT_Depth;2
BlockStat;28;   0;   0; 0; 0;MT_Depth;2
BlockStat;28;   0;   0; 0; 0;ChromaQPAdj;0
BlockStat;28;   0;   0; 0; 0;QP;38
BlockStat;28;   0;   0; 0; 0;SplitSeries;3245089
BlockStat;28;   0;   0; 0; 0;PredMode;1
BlockStat;28; 468; 144; 4;16;Chroma_IntraMode;67
BlockStat;28; 468; 144; 4;16;Cbf_Cb;0
BlockStat;28; 468; 144; 4;16;Cbf_Cr;1
BlockStat;28; 472; 144; 4;16;Depth;5
BlockStat;28; 472; 144; 4;16;QT_Depth;3
BlockStat;28; 472; 144; 4;16;BT_Depth;2
BlockStat;28; 472; 144; 4;16;MT_Depth;2
BlockStat;28; 472; 144; 4;16;ChromaQPAdj;0
BlockStat;28; 472; 144; 4;16;QP;38
BlockStat;28; 472; 144; 4;16;SplitSeries;3245089
BlockStat;28; 472; 144; 4;16;SkipFlag;0
BlockStat;28; 472; 144; 4;16;PredMode;1
BlockStat;28; 472; 144; 4;16;Luma_IntraMode;61
BlockStat;28; 472; 144; 4;16;Chroma_IntraMode;61
BlockStat;28; 472; 144; 4;16;MultiRefIdx;0
BlockStat;28; 472; 144; 4;16;Cbf_Y;1
BlockStat;28; 472; 144; 4;16;TransformSkipFlag_Y;2
BlockStat;28; 472; 144; 4;16;Cbf_Cb;0
BlockStat;28; 472; 144; 4;16;Cbf_Cr;1
BlockStat;28; 476; 144; 4;16;Depth;5
BlockStat;28; 476; 144; 4;16;QT_Depth;3
BlockStat;28; 476; 144; 4;16;BT_Depth;2
BlockStat;28; 476; 144; 4;16;MT_Depth;2
BlockStat;28; 476; 144; 4;16;ChromaQPAdj;0
BlockStat;28; 476; 144; 4;16;QP;38
BlockStat;28; 476; 144; 4;16;SplitSeries;3245089
BlockStat;28; 476; 144; 4;16;SkipFlag;0
BlockStat;28; 476; 144; 4;16;PredMode;0
BlockStat;28; 476; 144; 4;16;MergeFlag;0
BlockStat;28; 476; 144; 4;16;InterDir;1
BlockStat;28; 476; 144; 4;16;MVPIdxL0;0
BlockStat;28; 476; 144; 4;16;RefIdxL0;0
BlockStat;28; 476; 144; 4;16;MVDL0;  -8;  -8
BlockStat;28; 476; 144; 4;16;MVL0;-108;  12
BlockStat;28; 476; 144; 4;16;IMVMode;1
BlockStat;28; 476; 144; 4;16;RootCbf;0
BlockStat;28; 480; 128; 4; 4;Depth;6
BlockStat;28; 480; 128; 4; 4;QT_Depth;3
BlockStat;28; 480; 128; 4; 4;BT_Depth;4
BlockStat;28; 480; 128; 4; 4;MT_Depth;3
BlockStat;28; 480; 128; 4; 4;ChromaQPAdj;0
BlockStat;28; 480; 128; 4; 4;QP;38
BlockStat;28; 480; 128; 4; 4;SplitSeries;137462817
BlockStat;28; 480; 128; 4; 4;SkipFlag;0
BlockStat;28; 480; 128; 4; 4;PredMode;1
BlockStat;28; 480; 128; 4; 4;Luma_IntraMode;0
BlockStat;28; 480; 128; 4; 4;MultiRefIdx;0
BlockStat;28; 480; 128; 4; 4;Cbf_Y;1
BlockStat;28; 480; 128; 4; 4;TransformSkipFlag_Y;1
BlockStat;28; 480; 132; 4; 8;Depth;6
BlockStat;28; 480; 132; 4; 8;QT_Depth;3
BlockStat;28; 480; 132; 4; 8;BT_Depth;3
BlockStat;28; 480; 132; 4; 8;MT_Depth;3
BlockStat;28; 480; 132; 4; 8;ChromaQPAdj;0
BlockStat;28; 480; 132; 4; 8;QP;38
BlockStat;28; 480; 132; 4; 8;SplitSeries;137462817
BlockStat;28; 480; 132; 4; 8;SkipFlag;0
BlockStat;28; 480; 132; 4; 8;PredMode;1
BlockStat;28; 480; 132; 4; 8;Luma_IntraMode;17
BlockStat;28; 480; 132; 4; 8;MultiRefIdx;0
BlockStat;28; 480; 132; 4; 8;Cbf_Y;1
BlockStat;28; 480; 132; 4; 8;TransformSkipFlag_Y;2
BlockStat;28; 480; 140; 4; 4;Depth;6
BlockStat;28; 480; 140; 4; 4;QT_Depth;3
BlockStat;28; 480; 140; 4; 4;BT_Depth;4
BlockStat;28; 480; 140; 4; 4;MT_Depth;3
BlockStat;28; 480; 140; 4; 4;ChromaQPAdj;0
BlockStat;28; 480; 140; 4; 4;QP;38
BlockStat;28; 480; 140; 4; 4;SplitSeries;137462817
BlockStat;28; 480; 140; 4; 4;SkipFlag;0
BlockStat;28; 480; 140; 4; 4;PredMode;1
BlockStat;28; 480; 140; 4; 4;Luma_IntraMode;54
BlockStat;28; 480; 140; 4; 4;MultiRefIdx;0
BlockStat;28; 480; 140; 4; 4;Cbf_Y;0
BlockStat;28; 480; 140; 4; 4;TransformSkipFlag_Y;0
BlockStat;28;   0;   0; 0; 0;Depth;5
BlockStat;28;   0;   0; 0; 0;QT_Depth;3
BlockStat;28;   0;   0; 0; 0;BT_Depth;2
BlockStat;28;   0;   0; 0; 0;MT_Depth;2
BlockStat;28;   0;   0; 0; 0;ChromaQPAdj;0
BlockStat;28;   0;   0; 0; 0;QP;38
BlockStat;28;   0;   0; 0; 0;SplitSeries;3245089
BlockStat;28;   0;   0; 0; 0;PredMode;1
BlockStat;28; 480; 128; 4;16;Chroma_IntraMode;0
BlockStat;28; 480; 128; 4;16;Cbf_Cb;0
BlockStat;28; 480; 128; 4;16;Cbf_Cr;1
BlockStat;28; 484; 128; 4; 4;Depth;6
BlockStat;28; 484; 128; 4; 4;QT_Depth;3
BlockStat;28; 484; 128; 4; 4;BT_Depth;4
BlockStat;28; 484; 128; 4; 4;MT_Depth;3
BlockStat;28; 484; 128; 4; 4;ChromaQPAdj;0
BlockStat;28; 484; 128; 4; 4;QP;38
BlockStat;28; 484; 128; 4; 4;SplitSeries;137462817
BlockStat;28; 484; 128; 4; 4;SkipFlag;0
BlockStat;28; 484; 128; 4; 4;PredMode;1
BlockStat;28; 484; 128; 4; 4;Luma_IntraMode;15
BlockStat;28; 484; 128; 4; 4;MultiRefIdx;0
BlockStat;28; 484; 128; 4; 4;Cbf_Y;0
BlockStat;28; 484; 128; 4; 4;TransformSkipFlag_Y;0
BlockStat;28; 484; 132; 4; 8;Depth;6
BlockStat;28; 484; 132; 4; 8;QT_Depth;3
BlockStat;28; 484; 132; 4; 8;BT_Depth;3
BlockStat;28; 484; 132; 4; 8;MT_Depth;3
BlockStat;28; 484; 132; 4; 8;ChromaQPAdj;0
BlockStat;28; 484; 132; 4; 8;QP;38
BlockStat;28; 484; 132; 4; 8;SplitSeries;137462817
BlockStat;28; 484; 132; 4; 8;SkipFlag;0
BlockStat;28; 484; 132; 4; 8;PredMode;1
BlockStat;28; 484; 132; 4; 8;Luma_IntraMode;0
BlockStat;28; 484; 132; 4; 8;MultiRefIdx;0
BlockStat;28; 484; 132; 4; 8;Cbf_Y;1
BlockStat;28; 484; 132; 4; 8;TransformSkipFlag_Y;0
BlockStat;28; 484; 140; 4; 4;Depth;6
BlockStat;28; 484; 140; 4; 4;QT_Depth;3
BlockStat;28; 484; 140; 4; 4;BT_Depth;4
BlockStat;28; 484; 140; 4; 4;MT_Depth;3
BlockStat;28; 484; 140; 4; 4;ChromaQPAdj;0
BlockStat;28; 484; 140; 4; 4;QP;38
BlockStat;28; 484; 140; 4; 4;SplitSeries;137462817
BlockStat;28; 484; 140; 4; 4;SkipFlag;0
BlockStat;28; 484; 140; 4; 4;PredMode;1
BlockStat;28; 484; 140; 4; 4;Luma_IntraMode;0
BlockStat;28; 484; 140; 4; 4;MultiRefIdx;0
BlockStat;28; 484; 140; 4; 4;Cbf_Y;1
BlockStat;28; 484; 140; 4; 4;TransformSkipFlag_Y;2
BlockStat;28;   0;   0; 0; 0;Depth;5
BlockStat;28;   0;   0; 0; 0;QT_Depth;3
BlockStat;28;   0;   0; 0; 0;BT_Depth;2
BlockStat;28;   0;   0; 0; 0;MT_Depth;2
BlockStat;28;   0;   0; 0; 0;ChromaQPAdj;0
BlockStat;28;   0;   0; 0; 0;QP;38
BlockStat;28;   0;   0; 0; 0;SplitSeries;3245089
BlockStat;28;   0;   0; 0; 0;PredMode;1
BlockStat;28; 484; 128; 4;16;Chroma_IntraMode;0
BlockStat;28; 484; 128; 4;16;Cbf_Cb;0
BlockStat;28; 484; 128; 4;16;Cbf_Cr;0
BlockStat;28; 488; 128; 8; 8;Depth;5
BlockStat;28; 488; 128; 8; 8;QT_Depth;3
BlockStat;28; 488; 128; 8; 8;BT_Depth;2
BlockStat;28; 488; 128; 8; 8;MT_Depth;2
BlockStat;28; 488; 128; 8; 8;ChromaQPAdj;0
BlockStat;28; 488; 128; 8; 8;QP;38
BlockStat;28; 488; 128; 8; 8;SplitSeries;2196513
BlockStat;28; 488; 128; 8; 8;SkipFlag;1
BlockStat;28; 488; 128; 8; 8;MMVDSkipFlag;0
BlockStat;28; 488; 128; 8; 8;PredMode;0
BlockStat;28; 488; 128; 8; 8;MergeIdx;47
BlockStat;28; 488; 128; 8; 8;MergeType;0
BlockStat;28; 488; 128; 8; 8;MMVDMergeFlag;1
BlockStat;28; 488; 128; 8; 8;MMVDMergeIdx;47
BlockStat;28; 488; 128; 8; 8;MVPIdxL0;255
BlockStat;28; 488; 128; 8; 8;RefIdxL0;0
BlockStat;28; 488; 128; 8; 8;MVDL0;   0;   0
BlockStat;28; 488; 128; 8; 8;MVL0;-112;   8
BlockStat;28; 488; 136; 8; 8;Depth;5
BlockStat;28; 488; 136; 8; 8;QT_Depth;3
BlockStat;28; 488; 136; 8; 8;BT_Depth;2
BlockStat;28; 488; 136; 8; 8;MT_Depth;2
BlockStat;28; 488; 136; 8; 8;ChromaQPAdj;0
BlockStat;28; 488; 136; 8; 8;QP;38
BlockStat;28; 488; 136; 8; 8;SplitSeries;2196513
BlockStat;28; 488; 136; 8; 8;SkipFlag;0
BlockStat;28; 488; 136; 8; 8;PredMode;1
BlockStat;28; 488; 136; 8; 8;Luma_IntraMode;16
BlockStat;28; 488; 136; 8; 8;Chroma_IntraMode;0
BlockStat;28; 488; 136; 8; 8;MultiRefIdx;0
BlockStat;28; 488; 136; 8; 8;Cbf_Y;1
BlockStat;28; 488; 136; 8; 8;TransformSkipFlag_Y;2
BlockStat;28; 488; 136; 8; 8;Cbf_Cb;0
BlockStat;28; 488; 136; 8; 8;Cbf_Cr;0
BlockStat;28; 496; 128;16;16;Depth;3
BlockStat;28; 496; 128;16;16;QT_Depth;3
BlockStat;28; 496; 128;16;16;BT_Depth;0
BlockStat;28; 496; 128;16;16;MT_Depth;0
BlockStat;28; 496; 128;16;16;ChromaQPAdj;0
BlockStat;28; 496; 128;16;16;QP;38
BlockStat;28; 496; 128;16;16;SplitSeries;1057
BlockStat;28; 496; 128;16;16;SkipFlag;1
BlockStat;28; 496; 128;16;16;MMVDSkipFlag;0
BlockStat;28; 496; 128;16;16;PredMode;0
BlockStat;28; 496; 128;16;16;MergeIdx;9
BlockStat;28; 496; 128;16;16;MergeType;0
BlockStat;28; 496; 128;16;16;MMVDMergeFlag;1
BlockStat;28; 496; 128;16;16;MMVDMergeIdx;9
BlockStat;28; 496; 128;16;16;MVPIdxL0;255
BlockStat;28; 496; 128;16;16;RefIdxL0;0
BlockStat;28; 496; 128;16;16;MVDL0;   0;   0
BlockStat;28; 496; 128;16;16;MVL0;-116;  16
BlockStat;28; 480; 144; 4;16;Depth;4
BlockStat;28; 480; 144; 4;16;QT_Depth;3
BlockStat;28; 480; 144; 4;16;BT_Depth;2
BlockStat;28; 480; 144; 4;16;MT_Depth;1
BlockStat;28; 480; 144; 4;16;ChromaQPAdj;0
BlockStat;28; 480; 144; 4;16;QP;38
BlockStat;28; 480; 144; 4;16;SplitSeries;164897
BlockStat;28; 480; 144; 4;16;SkipFlag;1
BlockStat;28; 480; 144; 4;16;MMVDSkipFlag;0
BlockStat;28; 480; 144; 4;16;PredMode;0
BlockStat;28; 480; 144; 4;16;MergeIdx;0
BlockStat;28; 480; 144; 4;16;MergeType;0
BlockStat;28; 480; 144; 4;16;MMVDMergeFlag;0
BlockStat;28; 480; 144; 4;16;MVPIdxL0;255
BlockStat;28; 480; 144; 4;16;RefIdxL0;0
BlockStat;28; 480; 144; 4;16;MVDL0;   0;   0
BlockStat;28; 480; 144; 4;16;MVL0;-108;  12
BlockStat;28; 484; 144; 8;16;Depth;4
BlockStat;28; 484; 144; 8;16;QT_Depth;3
BlockStat;28; 484; 144; 8;16;BT_Depth;1
BlockStat;28; 484; 144; 8;16;MT_Depth;1
BlockStat;28; 484; 144; 8;16;ChromaQPAdj;0
BlockStat;28; 484; 144; 8;16;QP;38
BlockStat;28; 484; 144; 8;16;SplitSeries;164897
BlockStat;28; 484; 144; 8;16;SkipFlag;0
BlockStat;28; 484; 144; 8;16;PredMode;1
BlockStat;28; 484; 144; 8;16;Luma_IntraMode;9
BlockStat;28; 484; 144; 8;16;Chroma_IntraMode;50
BlockStat;28; 484; 144; 8;16;MultiRefIdx;0
BlockStat;28; 484; 144; 8;16;Cbf_Y;1
BlockStat;28; 484; 144; 8;16;TransformSkipFlag_Y;0
BlockStat;28; 484; 144; 8;16;Cbf_Cb;1
BlockStat;28; 484; 144; 8;16;Cbf_Cr;0
BlockStat;28; 492; 144; 4;16;Depth;4
BlockStat;28; 492; 144; 4;16;QT_Depth;3
BlockStat;28; 492; 144; 4;16;BT_Depth;2
BlockStat;28; 492; 144; 4;16;MT_Depth;1
BlockStat;28; 492; 144; 4;16;ChromaQPAdj;0
BlockStat;28; 492; 144; 4;16;QP;38
BlockStat;28; 492; 144; 4;16;SplitSeries;164897
BlockStat;28; 492; 144; 4;16;SkipFlag;0
BlockStat;28; 492; 144; 4;16;PredMode;1
BlockStat;28; 492; 144; 4;16;Luma_IntraMode;33
BlockStat;28; 492; 144; 4;16;Chroma_IntraMode;33
BlockStat;28; 492; 144; 4;16;MultiRefIdx;0
BlockStat;28; 492; 144; 4;16;Cbf_Y;1
BlockStat;28; 492; 144; 4;16;TransformSkipFlag_Y;2
BlockStat;28; 492; 144; 4;16;Cbf_Cb;0
BlockStat;28; 492; 144; 4;16;Cbf_Cr;0
BlockStat;28; 496; 144; 8;16;Depth;4
BlockStat;28; 496; 144; 8;16;QT_Depth;3
BlockStat;28; 496; 144; 8;16;BT_Depth;1
BlockStat;28; 496; 144; 8;16;MT_Depth;1
BlockStat;28; 496; 144; 8;16;ChromaQPAdj;0
BlockStat;28; 496; 144; 8;16;QP;38
BlockStat;28; 496; 144; 8;16;SplitSeries;99361
BlockStat;28; 496; 144; 8;16;SkipFlag;0
BlockStat;28; 496; 144; 8;16;PredMode;1
BlockStat;28; 496; 144; 8;16;Luma_IntraMode;34
BlockStat;28; 496; 144; 8;16;Chroma_IntraMode;67
BlockStat;28; 496; 144; 8;16;MultiRefIdx;0
BlockStat;28; 496; 144; 8;16;Cbf_Y;1
BlockStat;28; 496; 144; 8;16;TransformSkipFlag_Y;2
BlockStat;28; 496; 144; 8;16;Cbf_Cb;0
BlockStat;28; 496; 144; 8;16;Cbf_Cr;0
BlockStat;28; 504; 144; 8; 8;Depth;5
BlockStat;28; 504; 144; 8; 8;QT_Depth;3
BlockStat;28; 504; 144; 8; 8;BT_Depth;2
BlockStat;28; 504; 144; 8; 8;MT_Depth;2
BlockStat;28; 504; 144; 8; 8;ChromaQPAdj;0
BlockStat;28; 504; 144; 8; 8;QP;38
BlockStat;28; 504; 144; 8; 8;SplitSeries;2196513
BlockStat;28; 504; 144; 8; 8;SkipFlag;1
BlockStat;28; 504; 144; 8; 8;MMVDSkipFlag;0
BlockStat;28; 504; 144; 8; 8;PredMode;0
BlockStat;28; 504; 144; 8; 8;MergeIdx;0
BlockStat;28; 504; 144; 8; 8;MergeType;0
BlockStat;28; 504; 144; 8; 8;MMVDMergeFlag;0
BlockStat;28; 504; 144; 8; 8;AffineFlag;0
BlockStat;28; 504; 144; 8; 8;MVPIdxL0;255
BlockStat;28; 504; 144; 8; 8;RefIdxL0;0
BlockStat;28; 504; 144; 8; 8;MVDL0;   0;   0
BlockStat;28; 504; 144; 8; 8;MVL0;-116;  16
BlockStat;28; 504; 152; 8; 8;Depth;5
BlockStat;28; 504; 152; 8; 8;QT_Depth;3
BlockStat;28; 504; 152; 8; 8;BT_Depth;2
BlockStat;28; 504; 152; 8; 8;MT_Depth;2
BlockStat;28; 504; 152; 8; 8;ChromaQPAdj;0
BlockStat;28; 504; 152; 8; 8;QP;38
BlockStat;28; 504; 152; 8; 8;SplitSeries;2196513
BlockStat;28; 504; 152; 8; 8;SkipFlag;0
BlockStat;28; 504; 152; 8; 8;PredMode;0
BlockStat;28; 504; 152; 8; 8;MergeFlag;1
BlockStat;28; 504; 152; 8; 8;MergeIdx;0
BlockStat;28; 504; 152; 8; 8;MergeType;0
BlockStat;28; 504; 152; 8; 8;MMVDMergeFlag;0
BlockStat;28; 504; 152; 8; 8;AffineFlag;0
BlockStat;28; 504; 152; 8; 8;MHIntraFlag;1
BlockStat;28; 504; 152; 8; 8;Luma_IntraMode;0
BlockStat;28; 504; 152; 8; 8;Chroma_IntraMode;70
BlockStat;28; 504; 152; 8; 8;MVPIdxL0;255
BlockStat;28; 504; 152; 8; 8;RefIdxL0;0
BlockStat;28; 504; 152; 8; 8;MVDL0;   0;   0
BlockStat;28; 504; 152; 8; 8;MVL0;-116;  16
BlockStat;28; 504; 152; 8; 8;Cbf_Y;1
BlockStat;28; 504; 152; 8; 8;TransformSkipFlag_Y;0
BlockStat;28; 504; 152; 8; 8;Cbf_Cb;0
BlockStat;28; 504; 152; 8; 8;Cbf_Cr;0
BlockStat;28; 448; 160; 4;16;Depth;5
BlockStat;28; 448; 160; 4;16;QT_Depth;2
BlockStat;28; 448; 160; 4;16;BT_Depth;4
BlockStat;28; 448; 160; 4;16;MT_Depth;3
BlockStat;28; 448; 160; 4;16;ChromaQPAdj;0
BlockStat;28; 448; 160; 4;16;QP;38
BlockStat;28; 448; 160; 4;16;SplitSeries;5311521
BlockStat;28; 448; 160; 4;16;SkipFlag;0
BlockStat;28; 448; 160; 4;16;PredMode;0
BlockStat;28; 448; 160; 4;16;MergeFlag;0
BlockStat;28; 448; 160; 4;16;InterDir;1
BlockStat;28; 448; 160; 4;16;MVPIdxL0;1
BlockStat;28; 448; 160; 4;16;RefIdxL0;0
BlockStat;28; 448; 160; 4;16;MVDL0;  -4;   4
BlockStat;28; 448; 160; 4;16;MVL0;-100;  24
BlockStat;28; 448; 160; 4;16;IMVMode;1
BlockStat;28; 448; 160; 4;16;RootCbf;0
BlockStat;28; 452; 160; 8;16;Depth;5
BlockStat;28; 452; 160; 8;16;QT_Depth;2
BlockStat;28; 452; 160; 8;16;BT_Depth;3
BlockStat;28; 452; 160; 8;16;MT_Depth;3
BlockStat;28; 452; 160; 8;16;ChromaQPAdj;0
BlockStat;28; 452; 160; 8;16;QP;38
BlockStat;28; 452; 160; 8;16;SplitSeries;5311521
BlockStat;28; 452; 160; 8;16;SkipFlag;0
BlockStat;28; 452; 160; 8;16;PredMode;0
BlockStat;28; 452; 160; 8;16;MergeFlag;0
BlockStat;28; 452; 160; 8;16;InterDir;1
BlockStat;28; 452; 160; 8;16;MVPIdxL0;0
BlockStat;28; 452; 160; 8;16;RefIdxL0;0
BlockStat;28; 452; 160; 8;16;MVDL0;   0;  -3
BlockStat;28; 452; 160; 8;16;MVL0;-100;  21
BlockStat;28; 452; 160; 8;16;IMVMode;0
BlockStat;28; 452; 160; 8;16;RootCbf;0
BlockStat;28; 460; 160; 4;16;Depth;5
BlockStat;28; 460; 160; 4;16;QT_Depth;2
BlockStat;28; 460; 160; 4;16;BT_Depth;4
BlockStat;28; 460; 160; 4;16;MT_Depth;3
BlockStat;28; 460; 160; 4;16;ChromaQPAdj;0
BlockStat;28; 460; 160; 4;16;QP;38
BlockStat;28; 460; 160; 4;16;SplitSeries;5311521
BlockStat;28; 460; 160; 4;16;SkipFlag;0
BlockStat;28; 460; 160; 4;16;PredMode;0
BlockStat;28; 460; 160; 4;16;MergeFlag;0
BlockStat;28; 460; 160; 4;16;InterDir;1
BlockStat;28; 460; 160; 4;16;MVPIdxL0;1
BlockStat;28; 460; 160; 4;16;RefIdxL0;0
BlockStat;28; 460; 160; 4;16;MVDL0;   8;  -8
BlockStat;28; 460; 160; 4;16;MVL0;-116;  36
BlockStat;28; 460; 160; 4;16;IMVMode;1
BlockStat;28; 460; 160; 4;16;RootCbf;0
BlockStat;28; 448; 176;16;16;Depth;4
BlockStat;28; 448; 176;16;16;QT_Depth;2
BlockStat;28; 448; 176;16;16;BT_Depth;2
BlockStat;28; 448; 176;16;16;MT_Depth;2
BlockStat;28; 448; 176;16;16;ChromaQPAdj;0
BlockStat;28; 448; 176;16;16;QP;38
BlockStat;28; 448; 176;16;16;SplitSeries;68641
BlockStat;28; 448; 176;16;16;SkipFlag;0
BlockStat;28; 448; 176;16;16;PredMode;0
BlockStat;28; 448; 176;16;16;MergeFlag;0
BlockStat;28; 448; 176;16;16;InterDir;1
BlockStat;28; 448; 176;16;16;AffineFlag;1
BlockStat;28; 448; 176;16;16;AffineType;0
BlockStat;28; 448; 176;16;16;MVPIdxL0;0
BlockStat;28; 448; 176;16;16;RefIdxL0;1
BlockStat;28; 448; 176;16;16;AffineMVL0;-302; -40;-308; -34;-308; -46
BlockStat;28; 448; 176;16;16;RootCbf;0
BlockStat;28; 464; 160;16;32;Depth;3
BlockStat;28; 464; 160;16;32;QT_Depth;2
BlockStat;28; 464; 160;16;32;BT_Depth;1
BlockStat;28; 464; 160;16;32;MT_Depth;1
BlockStat;28; 464; 160;16;32;ChromaQPAdj;0
BlockStat;28; 464; 160;16;32;QP;38
BlockStat;28; 464; 160;16;32;SplitSeries;3105
BlockStat;28; 464; 160;16;32;SkipFlag;0
BlockStat;28; 464; 160;16;32;PredMode;0
BlockStat;28; 464; 160;16;32;MergeFlag;0
BlockStat;28; 464; 160;16;32;InterDir;1
BlockStat;28; 464; 160;16;32;AffineFlag;1
BlockStat;28; 464; 160;16;32;AffineType;1
BlockStat;28; 464; 160;16;32;MVPIdxL0;0
BlockStat;28; 464; 160;16;32;RefIdxL0;1
BlockStat;28; 464; 160;16;32;AffineMVL0;-308; -30;-313; -24;-316; -31
BlockStat;28; 464; 160;16;32;RootCbf;0
BlockStat;28; 480; 160; 4;16;Depth;5
BlockStat;28; 480; 160; 4;16;QT_Depth;2
BlockStat;28; 480; 160; 4;16;BT_Depth;4
BlockStat;28; 480; 160; 4;16;MT_Depth;3
BlockStat;28; 480; 160; 4;16;ChromaQPAdj;0
BlockStat;28; 480; 160; 4;16;QP;38
BlockStat;28; 480; 160; 4;16;SplitSeries;5343265
BlockStat;28; 480; 160; 4;16;SkipFlag;1
BlockStat;28; 480; 160; 4;16;MMVDSkipFlag;0
BlockStat;28; 480; 160; 4;16;PredMode;0
BlockStat;28; 480; 160; 4;16;MergeIdx;0
BlockStat;28; 480; 160; 4;16;MergeType;0
BlockStat;28; 480; 160; 4;16;MMVDMergeFlag;0
BlockStat;28; 480; 160; 4;16;MVPIdxL0;255
BlockStat;28; 480; 160; 4;16;RefIdxL0;1
BlockStat;28; 480; 160; 4;16;MVDL0;   0;   0
BlockStat;28; 480; 160; 4;16;MVL0;-317; -25
BlockStat;28; 484; 160; 8;16;Depth;5
BlockStat;28; 484; 160; 8;16;QT_Depth;2
BlockStat;28; 484; 160; 8;16;BT_Depth;3
BlockStat;28; 484; 160; 8;16;MT_Depth;3
BlockStat;28; 484; 160; 8;16;ChromaQPAdj;0
BlockStat;28; 484; 160; 8;16;QP;38
BlockStat;28; 484; 160; 8;16;SplitSeries;5343265
BlockStat;28; 484; 160; 8;16;SkipFlag;0
BlockStat;28; 484; 160; 8;16;PredMode;1
BlockStat;28; 484; 160; 8;16;Luma_IntraMode;0
BlockStat;28; 484; 160; 8;16;Chroma_IntraMode;0
BlockStat;28; 484; 160; 8;16;MultiRefIdx;0
BlockStat;28; 484; 160; 8;16;Cbf_Y;1
BlockStat;28; 484; 160; 8;16;TransformSkipFlag_Y;0
BlockStat;28; 484; 160; 8;16;Cbf_Cb;0
BlockStat;28; 484; 160; 8;16;Cbf_Cr;0
BlockStat;28; 492; 160; 4;16;Depth;5
BlockStat;28; 492; 160; 4;16;QT_Depth;2
BlockStat;28; 492; 160; 4;16;BT_Depth;4
BlockStat;28; 492; 160; 4;16;MT_Depth;3
BlockStat;28; 492; 160; 4;16;ChromaQPAdj;0
BlockStat;28; 492; 160; 4;16;QP;38
BlockStat;28; 492; 160; 4;16;SplitSeries;5343265
BlockStat;28; 492; 160; 4;16;SkipFlag;0
BlockStat;28; 492; 160; 4;16;PredMode;1
BlockStat;28; 492; 160; 4;16;Luma_IntraMode;0
BlockStat;28; 492; 160; 4;16;Chroma_IntraMode;67
BlockStat;28; 492; 160; 4;16;MultiRefIdx;0
BlockStat;28; 492; 160; 4;16;Cbf_Y;1
BlockStat;28; 492; 160; 4;16;TransformSkipFlag_Y;2
BlockStat;28; 492; 160; 4;16;Cbf_Cb;0
BlockStat;28; 492; 160; 4;16;Cbf_Cr;0
BlockStat;28; 496; 160;16;16;Depth;4
BlockStat;28; 496; 160;16;16;QT_Depth;2
BlockStat;28; 496; 160;16;16;BT_Depth;2
BlockStat;28; 496; 160;16;16;MT_Depth;2
BlockStat;28; 496; 160;16;16;ChromaQPAdj;0
BlockStat;28; 496; 160;16;16;QP;38
BlockStat;28; 496; 160;16;16;SplitSeries;100385
BlockStat;28; 496; 160;16;16;SkipFlag;0
BlockStat;28; 496; 160;16;16;PredMode;1
BlockStat;28; 496; 160;16;16;Luma_IntraMode;0
BlockStat;28; 496; 160;16;16;Chroma_IntraMode;0
BlockStat;28; 496; 160;16;16;MultiRefIdx;0
BlockStat;28; 496; 160;16;16;Cbf_Y;1
BlockStat;28; 496; 160;16;16;TransformSkipFlag_Y;0
BlockStat;28; 496; 160;16;16;Cbf_Cb;0
BlockStat;28; 496; 160;16;16;Cbf_Cr;1
BlockStat;28; 480; 176; 8;16;Depth;4
BlockStat;28; 480; 176; 8;16;QT_Depth;2
BlockStat;28; 480; 176; 8;16;BT_Depth;3
BlockStat;28; 480; 176; 8;16;MT_Depth;2
BlockStat;28; 480; 176; 8;16;ChromaQPAdj;0
BlockStat;28; 480; 176; 8;16;QP;38
BlockStat;28; 480; 176; 8;16;SplitSeries;165921
BlockStat;28; 480; 176; 8;16;SkipFlag;1
BlockStat;28; 480; 176; 8;16;MMVDSkipFlag;0
BlockStat;28; 480; 176; 8;16;PredMode;0
BlockStat;28; 480; 176; 8;16;MergeIdx;0
BlockStat;28; 480; 176; 8;16;MergeType;0
BlockStat;28; 480; 176; 8;16;MMVDMergeFlag;0
BlockStat;28; 480; 176; 8;16;AffineFlag;0
BlockStat;28; 480; 176; 8;16;MVPIdxL0;255
BlockStat;28; 480; 176; 8;16;RefIdxL0;1
BlockStat;28; 480; 176; 8;16;MVDL0;   0;   0
BlockStat;28; 480; 176; 8;16;MVL0;-322; -25
BlockStat;28; 488; 176;16; 8;Depth;5
BlockStat;28; 488; 176;16; 8;QT_Depth;2
BlockStat;28; 488; 176;16; 8;BT_Depth;3
BlockStat;28; 488; 176;16; 8;MT_Depth;3
BlockStat;28; 488; 176;16; 8;ChromaQPAdj;0
BlockStat;28; 488; 176;16; 8;QP;38
BlockStat;28; 488; 176;16; 8;SplitSeries;2263073
BlockStat;28; 488; 176;16; 8;SkipFlag;0
BlockStat;28; 488; 176;16; 8;PredMode;1
BlockStat;28; 488; 176;16; 8;Luma_IntraMode;32
BlockStat;28; 488; 176;16; 8;Chroma_IntraMode;67
BlockStat;28; 488; 176;16; 8;MultiRefIdx;0
BlockStat;28; 488; 176;16; 8;Cbf_Y;1
BlockStat;28; 488; 176;16; 8;TransformSkipFlag_Y;2
BlockStat;28; 488; 176;16; 8;Cbf_Cb;0
BlockStat;28; 488; 176;16; 8;Cbf_Cr;0
BlockStat;28; 488; 184;16; 8;Depth;5
BlockStat;28; 488; 184;16; 8;QT_Depth;2
BlockStat;28; 488; 184;16; 8;BT_Depth;3
BlockStat;28; 488; 184;16; 8;MT_Depth;3
BlockStat;28; 488; 184;16; 8;ChromaQPAdj;0
BlockStat;28; 488; 184;16; 8;QP;38
BlockStat;28; 488; 184;16; 8;SplitSeries;2263073
BlockStat;28; 488; 184;16; 8;SkipFlag;0
BlockStat;28; 488; 184;16; 8;PredMode;0
BlockStat;28; 488; 184;16; 8;MergeFlag;0
BlockStat;28; 488; 184;16; 8;InterDir;1
BlockStat;28; 488; 184;16; 8;MVPIdxL0;1
BlockStat;28; 488; 184;16; 8;RefIdxL0;0
BlockStat;28; 488; 184;16; 8;MVDL0;   3; -14
BlockStat;28; 488; 184;16; 8;MVL0; -97;  10
BlockStat;28; 488; 184;16; 8;IMVMode;0
BlockStat;28; 488; 184;16; 8;RootCbf;1
BlockStat;28; 488; 184; 8; 8;Cbf_Y;0
BlockStat;28; 488; 184; 8; 8;TransformSkipFlag_Y;0
BlockStat;28; 488; 184; 8; 8;Cbf_Cb;0
BlockStat;28; 488; 184; 8; 8;Cbf_Cr;0
BlockStat;28; 496; 184; 8; 8;Cbf_Y;2
BlockStat;28; 496; 184; 8; 8;TransformSkipFlag_Y;0
BlockStat;28; 496; 184; 8; 8;Cbf_Cb;0
BlockStat;28; 496; 184; 8; 8;Cbf_Cr;0
BlockStat;28; 504; 176; 8;16;Depth;4
BlockStat;28; 504; 176; 8;16;QT_Depth;2
BlockStat;28; 504; 176; 8;16;BT_Depth;3
BlockStat;28; 504; 176; 8;16;MT_Depth;2
BlockStat;28; 504; 176; 8;16;ChromaQPAdj;0
BlockStat;28; 504; 176; 8;16;QP;38
BlockStat;28; 504; 176; 8;16;SplitSeries;165921
BlockStat;28; 504; 176; 8;16;SkipFlag;0
BlockStat;28; 504; 176; 8;16;PredMode;1
BlockStat;28; 504; 176; 8;16;Luma_IntraMode;50
BlockStat;28; 504; 176; 8;16;Chroma_IntraMode;50
BlockStat;28; 504; 176; 8;16;MultiRefIdx;1
BlockStat;28; 504; 176; 8;16;Cbf_Y;1
BlockStat;28; 504; 176; 8;16;TransformSkipFlag_Y;2
BlockStat;28; 504; 176; 8;16;Cbf_Cb;0
BlockStat;28; 504; 176; 8;16;Cbf_Cr;0
BlockStat;28; 384; 192; 8;16;Depth;4
BlockStat;28; 384; 192; 8;16;QT_Depth;3
BlockStat;28; 384; 192; 8;16;BT_Depth;1
BlockStat;28; 384; 192; 8;16;MT_Depth;1
BlockStat;28; 384; 192; 8;16;ChromaQPAdj;0
BlockStat;28; 384; 192; 8;16;QP;38
BlockStat;28; 384; 192; 8;16;SplitSeries;99361
BlockStat;28; 384; 192; 8;16;SkipFlag;0
BlockStat;28; 384; 192; 8;16;PredMode;1
BlockStat;28; 384; 192; 8;16;Luma_IntraMode;6
BlockStat;28; 384; 192; 8;16;Chroma_IntraMode;0
BlockStat;28; 384; 192; 8;16;MultiRefIdx;0
BlockStat;28; 384; 192; 8;16;Cbf_Y;1
BlockStat;28; 384; 192; 8;16;TransformSkipFlag_Y;2
BlockStat;28; 384; 192; 8;16;Cbf_Cb;0
BlockStat;28; 384; 192; 8;16;Cbf_Cr;0
BlockStat;28; 392; 192; 8; 8;Depth;5
BlockStat;28; 392; 192; 8; 8;QT_Depth;3
BlockStat;28; 392; 192; 8; 8;BT_Depth;2
BlockStat;28; 392; 192; 8; 8;MT_Depth;2
BlockStat;28; 392; 192; 8; 8;ChromaQPAdj;0
BlockStat;28; 392; 192; 8; 8;QP;38
BlockStat;28; 392; 192; 8; 8;SplitSeries;2196513
BlockStat;28; 392; 192; 8; 8;SkipFlag;0
BlockStat;28; 392; 192; 8; 8;PredMode;0
BlockStat;28; 392; 192; 8; 8;MergeFlag;0
BlockStat;28; 392; 192; 8; 8;InterDir;1
BlockStat;28; 392; 192; 8; 8;MVPIdxL0;0
BlockStat;28; 392; 192; 8; 8;RefIdxL0;1
BlockStat;28; 392; 192; 8; 8;MVDL0;   4; -12
BlockStat;28; 392; 192; 8; 8;MVL0;-292; -68
BlockStat;28; 392; 192; 8; 8;IMVMode;1
BlockStat;28; 392; 192; 8; 8;RootCbf;1
BlockStat;28; 392; 192; 8; 8;Cbf_Y;1
BlockStat;28; 392; 192; 8; 8;TransformSkipFlag_Y;0
BlockStat;28; 392; 192; 8; 8;Cbf_Cb;0
BlockStat;28; 392; 192; 8; 8;Cbf_Cr;0
BlockStat;28; 392; 200; 4; 8;Depth;6
BlockStat;28; 392; 200; 4; 8;QT_Depth;3
BlockStat;28; 392; 200; 4; 8;BT_Depth;3
BlockStat;28; 392; 200; 4; 8;MT_Depth;3
BlockStat;28; 392; 200; 4; 8;ChromaQPAdj;0
BlockStat;28; 392; 200; 4; 8;QP;38
BlockStat;28; 392; 200; 4; 8;SplitSeries;102859809
BlockStat;28; 392; 200; 4; 8;SkipFlag;0
BlockStat;28; 392; 200; 4; 8;PredMode;0
BlockStat;28; 392; 200; 4; 8;MergeFlag;0
BlockStat;28; 392; 200; 4; 8;InterDir;1
BlockStat;28; 392; 200; 4; 8;MVPIdxL0;0
BlockStat;28; 392; 200; 4; 8;RefIdxL0;1
BlockStat;28; 392; 200; 4; 8;MVDL0;   4;   4
BlockStat;28; 392; 200; 4; 8;MVL0;-288; -64
BlockStat;28; 392; 200; 4; 8;IMVMode;1
BlockStat;28; 392; 200; 4; 8;RootCbf;1
BlockStat;28; 392; 200; 4; 8;Cbf_Y;1
BlockStat;28; 392; 200; 4; 8;TransformSkipFlag_Y;0
BlockStat;28; 392; 200; 4; 8;Cbf_Cb;0
BlockStat;28; 392; 200; 4; 8;Cbf_Cr;0
BlockStat;28; 396; 200; 4; 8;Depth;6
BlockStat;28; 396; 200; 4; 8;QT_Depth;3
BlockStat;28; 396; 200; 4; 8;BT_Depth;3
BlockStat;28; 396; 200; 4; 8;MT_Depth;3
BlockStat;28; 396; 200; 4; 8;ChromaQPAdj;0
BlockStat;28; 396; 200; 4; 8;QP;38
BlockStat;28; 396; 200; 4; 8;SplitSeries;102859809
BlockStat;28; 396; 200; 4; 8;SkipFlag;0
BlockStat;28; 396; 200; 4; 8;PredMode;0
BlockStat;28; 396; 200; 4; 8;MergeFlag;0
BlockStat;28; 396; 200; 4; 8;InterDir;1
BlockStat;28; 396; 200; 4; 8;MVPIdxL0;0
BlockStat;28; 396; 200; 4; 8;RefIdxL0;1
BlockStat;28; 396; 200; 4; 8;MVDL0;   3;   3
BlockStat;28; 396; 200; 4; 8;MVL0;-285; -61
BlockStat;28; 396; 200; 4; 8;IMVMode;0
BlockStat;28; 396; 200; 4; 8;RootCbf;0
BlockStat;28; 400; 192; 4; 8;Depth;5
BlockStat;28; 400; 192; 4; 8;QT_Depth;3
BlockStat;28; 400; 192; 4; 8;BT_Depth;3
BlockStat;28; 400; 192; 4; 8;MT_Depth;2
BlockStat;28; 400; 192; 4; 8;ChromaQPAdj;0
BlockStat;28; 400; 192; 4; 8;QP;38
BlockStat;28; 400; 192; 4; 8;SplitSeries;5309473
BlockStat;28; 400; 192; 4; 8;SkipFlag;0
BlockStat;28; 400; 192; 4; 8;PredMode;0
BlockStat;28; 400; 192; 4; 8;MergeFlag;0
BlockStat;28; 400; 192; 4; 8;InterDir;1
BlockStat;28; 400; 192; 4; 8;MVPIdxL0;0
BlockStat;28; 400; 192; 4; 8;RefIdxL0;1
BlockStat;28; 400; 192; 4; 8;MVDL0;   0;   0
BlockStat;28; 400; 192; 4; 8;MVL0;-285; -61
BlockStat;28; 400; 192; 4; 8;RootCbf;0
BlockStat;28; 404; 192; 8; 8;Depth;5
BlockStat;28; 404; 192; 8; 8;QT_Depth;3
BlockStat;28; 404; 192; 8; 8;BT_Depth;2
BlockStat;28; 404; 192; 8; 8;MT_Depth;2
BlockStat;28; 404; 192; 8; 8;ChromaQPAdj;0
BlockStat;28; 404; 192; 8; 8;QP;38
BlockStat;28; 404; 192; 8; 8;SplitSeries;5309473
BlockStat;28; 404; 192; 8; 8;SkipFlag;0
BlockStat;28; 404; 192; 8; 8;PredMode;0
BlockStat;28; 404; 192; 8; 8;MergeFlag;1
BlockStat;28; 404; 192; 8; 8;MergeIdx;2
BlockStat;28; 404; 192; 8; 8;MergeType;0
BlockStat;28; 404; 192; 8; 8;MMVDMergeFlag;0
BlockStat;28; 404; 192; 8; 8;AffineFlag;0
BlockStat;28; 404; 192; 8; 8;MHIntraFlag;0
BlockStat;28; 404; 192; 8; 8;MVPIdxL0;255
BlockStat;28; 404; 192; 8; 8;RefIdxL0;1
BlockStat;28; 404; 192; 8; 8;MVDL0;   0;   0
BlockStat;28; 404; 192; 8; 8;MVL0;-293; -56
BlockStat;28; 404; 192; 8; 8;Cbf_Y;1
BlockStat;28; 404; 192; 8; 8;TransformSkipFlag_Y;0
BlockStat;28; 404; 192; 8; 8;Cbf_Cb;0
BlockStat;28; 404; 192; 8; 8;Cbf_Cr;0
BlockStat;28; 412; 192; 4; 8;Depth;5
BlockStat;28; 412; 192; 4; 8;QT_Depth;3
BlockStat;28; 412; 192; 4; 8;BT_Depth;3
BlockStat;28; 412; 192; 4; 8;MT_Depth;2
BlockStat;28; 412; 192; 4; 8;ChromaQPAdj;0
BlockStat;28; 412; 192; 4; 8;QP;38
BlockStat;28; 412; 192; 4; 8;SplitSeries;5309473
BlockStat;28; 412; 192; 4; 8;SkipFlag;1
BlockStat;28; 412; 192; 4; 8;MMVDSkipFlag;0
BlockStat;28; 412; 192; 4; 8;PredMode;0
BlockStat;28; 412; 192; 4; 8;MergeIdx;10
BlockStat;28; 412; 192; 4; 8;MergeType;0
BlockStat;28; 412; 192; 4; 8;MMVDMergeFlag;1
BlockStat;28; 412; 192; 4; 8;MMVDMergeIdx;10
BlockStat;28; 412; 192; 4; 8;MVPIdxL0;255
BlockStat;28; 412; 192; 4; 8;RefIdxL0;1
BlockStat;28; 412; 192; 4; 8;MVDL0;   0;   0
BlockStat;28; 412; 192; 4; 8;MVL0;-293; -52
BlockStat;28; 400; 200; 8; 8;Depth;5
BlockStat;28; 400; 200; 8; 8;QT_Depth;3
BlockStat;28; 400; 200; 8; 8;BT_Depth;2
BlockStat;28; 400; 200; 8; 8;MT_Depth;2
BlockStat;28; 400; 200; 8; 8;ChromaQPAdj;0
BlockStat;28; 400; 200; 8; 8;QP;38
BlockStat;28; 400; 200; 8; 8;SplitSeries;3212321
BlockStat;28; 400; 200; 8; 8;SkipFlag;1
BlockStat;28; 400; 200; 8; 8;MMVDSkipFlag;0
BlockStat;28; 400; 200; 8; 8;PredMode;0
BlockStat;28; 400; 200; 8; 8;MergeIdx;9
BlockStat;28; 400; 200; 8; 8;MergeType;0
BlockStat;28; 400; 200; 8; 8;MMVDMergeFlag;1
BlockStat;28; 400; 200; 8; 8;MMVDMergeIdx;9
BlockStat;28; 400; 200; 8; 8;MVPIdxL0;255
BlockStat;28; 400; 200; 8; 8;RefIdxL0;1
BlockStat;28; 400; 200; 8; 8;MVDL0;   0;   0
BlockStat;28; 400; 200; 8; 8;MVL0;-289; -61
BlockStat;28; 408; 200; 8; 8;Depth;5
BlockStat;28; 408; 200; 8; 8;QT_Depth;3
BlockStat;28; 408; 200; 8; 8;BT_Depth;2
BlockStat;28; 408; 200; 8; 8;MT_Depth;2
BlockStat;28; 408; 200; 8; 8;ChromaQPAdj;0
BlockStat;28; 408; 200; 8; 8;QP;38
BlockStat;28; 408; 200; 8; 8;SplitSeries;3212321
BlockStat;28; 408; 200; 8; 8;SkipFlag;0
BlockStat;28; 408; 200; 8; 8;PredMode;0
BlockStat;28; 408; 200; 8; 8;MergeFlag;0
BlockStat;28; 408; 200; 8; 8;InterDir;1
BlockStat;28; 408; 200; 8; 8;MVPIdxL0;1
BlockStat;28; 408; 200; 8; 8;RefIdxL0;0
BlockStat;28; 408; 200; 8; 8;MVDL0;  16;  48
BlockStat;28; 408; 200; 8; 8;MVL0;  16;  48
BlockStat;28; 408; 200; 8; 8;IMVMode;2
BlockStat;28; 408; 200; 8; 8;RootCbf;0
BlockStat;28; 384; 208; 8;16;Depth;4
BlockStat;28; 384; 208; 8;16;QT_Depth;3
BlockStat;28; 384; 208; 8;16;BT_Depth;1
BlockStat;28; 384; 208; 8;16;MT_Depth;1
BlockStat;28; 384; 208; 8;16;ChromaQPAdj;0
BlockStat;28; 384; 208; 8;16;QP;38
BlockStat;28; 384; 208; 8;16;SplitSeries;99361
BlockStat;28; 384; 208; 8;16;SkipFlag;1
BlockStat;28; 384; 208; 8;16;MMVDSkipFlag;0
BlockStat;28; 384; 208; 8;16;PredMode;0
BlockStat;28; 384; 208; 8;16;MergeIdx;18
BlockStat;28; 384; 208; 8;16;MergeType;0
BlockStat;28; 384; 208; 8;16;MMVDMergeFlag;1
BlockStat;28; 384; 208; 8;16;MMVDMergeIdx;18
BlockStat;28; 384; 208; 8;16;MVPIdxL0;255
BlockStat;28; 384; 208; 8;16;RefIdxL0;1
BlockStat;28; 384; 208; 8;16;MVDL0;   0;   0
BlockStat;28; 384; 208; 8;16;MVL0;-288; -48
BlockStat;28; 392; 208; 8; 4;Depth;5
BlockStat;28; 392; 208; 8; 4;QT_Depth;3
BlockStat;28; 392; 208; 8; 4;BT_Depth;3
BlockStat;28; 392; 208; 8; 4;MT_Depth;2
BlockStat;28; 392; 208; 8; 4;ChromaQPAdj;0
BlockStat;28; 392; 208; 8; 4;QP;38
BlockStat;28; 392; 208; 8; 4;SplitSeries;4293665
BlockStat;28; 392; 208; 8; 4;SkipFlag;0
BlockStat;28; 392; 208; 8; 4;PredMode;0
BlockStat;28; 392; 208; 8; 4;MergeFlag;1
BlockStat;28; 392; 208; 8; 4;MergeIdx;39
BlockStat;28; 392; 208; 8; 4;MergeType;0
BlockStat;28; 392; 208; 8; 4;MMVDMergeFlag;1
BlockStat;28; 392; 208; 8; 4;MMVDMergeIdx;39
BlockStat;28; 392; 208; 8; 4;MVPIdxL0;255
BlockStat;28; 392; 208; 8; 4;RefIdxL0;1
BlockStat;28; 392; 208; 8; 4;MVDL0;   0;   0
BlockStat;28; 392; 208; 8; 4;MVL0;-285; -63
BlockStat;28; 392; 208; 4; 4;Cbf_Y;0
BlockStat;28; 392; 208; 4; 4;TransformSkipFlag_Y;0
BlockStat;28; 392; 208; 4; 4;Cbf_Cb;0
BlockStat;28; 392; 208; 4; 4;Cbf_Cr;0
BlockStat;28; 396; 208; 4; 4;Cbf_Y;2
BlockStat;28; 396; 208; 4; 4;TransformSkipFlag_Y;0
BlockStat;28; 396; 208; 4; 4;Cbf_Cb;0
BlockStat;28; 396; 208; 4; 4;Cbf_Cr;0
BlockStat;28; 392; 212; 8; 8;Depth;5
BlockStat;28; 392; 212; 8; 8;QT_Depth;3
BlockStat;28; 392; 212; 8; 8;BT_Depth;2
BlockStat;28; 392; 212; 8; 8;MT_Depth;2
BlockStat;28; 392; 212; 8; 8;ChromaQPAdj;0
BlockStat;28; 392; 212; 8; 8;QP;38
BlockStat;28; 392; 212; 8; 8;SplitSeries;4293665
BlockStat;28; 392; 212; 8; 8;SkipFlag;1
BlockStat;28; 392; 212; 8; 8;MMVDSkipFlag;0
BlockStat;28; 392; 212; 8; 8;PredMode;0
BlockStat;28; 392; 212; 8; 8;MergeIdx;45
BlockStat;28; 392; 212; 8; 8;MergeType;0
BlockStat;28; 392; 212; 8; 8;MMVDMergeFlag;1
BlockStat;28; 392; 212; 8; 8;MMVDMergeIdx;45
BlockStat;28; 392; 212; 8; 8;MVPIdxL0;255
BlockStat;28; 392; 212; 8; 8;RefIdxL0;1
BlockStat;28; 392; 212; 8; 8;MVDL0;   0;   0
BlockStat;28; 392; 212; 8; 8;MVL0;-293; -63
BlockStat;28; 392; 220; 8; 4;Depth;5
BlockStat;28; 392; 220; 8; 4;QT_Depth;3
BlockStat;28; 392; 220; 8; 4;BT_Depth;3
BlockStat;28; 392; 220; 8; 4;MT_Depth;2
BlockStat;28; 392; 220; 8; 4;ChromaQPAdj;0
BlockStat;28; 392; 220; 8; 4;QP;38
BlockStat;28; 392; 220; 8; 4;SplitSeries;4293665
BlockStat;28; 392; 220; 8; 4;SkipFlag;0
BlockStat;28; 392; 220; 8; 4;PredMode;0
BlockStat;28; 392; 220; 8; 4;MergeFlag;0
BlockStat;28; 392; 220; 8; 4;InterDir;1
BlockStat;28; 392; 220; 8; 4;MVPIdxL0;1
BlockStat;28; 392; 220; 8; 4;RefIdxL0;1
BlockStat;28; 392; 220; 8; 4;MVDL0;   0;  -8
BlockStat;28; 392; 220; 8; 4;MVL0;-292; -72
BlockStat;28; 392; 220; 8; 4;IMVMode;1
BlockStat;28; 392; 220; 8; 4;RootCbf;0
BlockStat;28; 400; 208; 4; 8;Depth;5
BlockStat;28; 400; 208; 4; 8;QT_Depth;3
BlockStat;28; 400; 208; 4; 8;BT_Depth;3
BlockStat;28; 400; 208; 4; 8;MT_Depth;2
BlockStat;28; 400; 208; 4; 8;ChromaQPAdj;0
BlockStat;28; 400; 208; 4; 8;QP;38
BlockStat;28; 400; 208; 4; 8;SplitSeries;2262049
BlockStat;28; 400; 208; 4; 8;SkipFlag;0
BlockStat;28; 400; 208; 4; 8;PredMode;0
BlockStat;28; 400; 208; 4; 8;MergeFlag;1
BlockStat;28; 400; 208; 4; 8;MergeIdx;0
BlockStat;28; 400; 208; 4; 8;MergeType;0
BlockStat;28; 400; 208; 4; 8;MMVDMergeFlag;0
BlockStat;28; 400; 208; 4; 8;MVPIdxL0;255
BlockStat;28; 400; 208; 4; 8;RefIdxL0;1
BlockStat;28; 400; 208; 4; 8;MVDL0;   0;   0
BlockStat;28; 400; 208; 4; 8;MVL0;-293; -63
BlockStat;28; 400; 208; 4; 4;Cbf_Y;0
BlockStat;28; 400; 208; 4; 4;TransformSkipFlag_Y;0
BlockStat;28; 400; 208; 4; 4;Cbf_Cb;0
BlockStat;28; 400; 208; 4; 4;Cbf_Cr;0
BlockStat;28; 400; 212; 4; 4;Cbf_Y;2
BlockStat;28; 400; 212; 4; 4;TransformSkipFlag_Y;0
BlockStat;28; 400; 212; 4; 4;Cbf_Cb;0
BlockStat;28; 400; 212; 4; 4;Cbf_Cr;0
BlockStat;28; 400; 216; 4; 8;Depth;5
BlockStat;28; 400; 216; 4; 8;QT_Depth;3
BlockStat;28; 400; 216; 4; 8;BT_Depth;3
BlockStat;28; 400; 216; 4; 8;MT_Depth;2
BlockStat;28; 400; 216; 4; 8;ChromaQPAdj;0
BlockStat;28; 400; 216; 4; 8;QP;38
BlockStat;28; 400; 216; 4; 8;SplitSeries;2262049
BlockStat;28; 400; 216; 4; 8;SkipFlag;0
BlockStat;28; 400; 216; 4; 8;PredMode;0
BlockStat;28; 400; 216; 4; 8;MergeFlag;1
BlockStat;28; 400; 216; 4; 8;MergeIdx;0
BlockStat;28; 400; 216; 4; 8;MergeType;0
BlockStat;28; 400; 216; 4; 8;MMVDMergeFlag;0
BlockStat;28; 400; 216; 4; 8;MVPIdxL0;255
BlockStat;28; 400; 216; 4; 8;RefIdxL0;1
BlockStat;28; 400; 216; 4; 8;MVDL0;   0;   0
BlockStat;28; 400; 216; 4; 8;MVL0;-292; -72
BlockStat;28; 400; 216; 4; 8;Cbf_Y;1
BlockStat;28; 400; 216; 4; 8;TransformSkipFlag_Y;0
BlockStat;28; 400; 216; 4; 8;Cbf_Cb;0
BlockStat;28; 400; 216; 4; 8;Cbf_Cr;0
BlockStat;28; 404; 208; 8; 8;Depth;5
BlockStat;28; 404; 208; 8; 8;QT_Depth;3
BlockStat;28; 404; 208; 8; 8;BT_Depth;2
BlockStat;28; 404; 208; 8; 8;MT_Depth;2
BlockStat;28; 404; 208; 8; 8;ChromaQPAdj;0
BlockStat;28; 404; 208; 8; 8;QP;38
BlockStat;28; 404; 208; 8; 8;SplitSeries;2262049
BlockStat;28; 404; 208; 8; 8;SkipFlag;0
BlockStat;28; 404; 208; 8; 8;PredMode;1
BlockStat;28; 404; 208; 8; 8;Luma_IntraMode;23
BlockStat;28; 404; 208; 8; 8;Chroma_IntraMode;23
BlockStat;28; 404; 208; 8; 8;MultiRefIdx;0
BlockStat;28; 404; 208; 8; 2;Cbf_Y;0
BlockStat;28; 404; 208; 8; 2;TransformSkipFlag_Y;0
BlockStat;28;   0;   0; 0; 0;Cbf_Cb;0
BlockStat;28;   0;   0; 0; 0;Cbf_Cr;0
BlockStat;28; 404; 210; 8; 2;Cbf_Y;0
BlockStat;28; 404; 210; 8; 2;TransformSkipFlag_Y;0
BlockStat;28;   0;   0; 0; 0;Cbf_Cb;0
BlockStat;28;   0;   0; 0; 0;Cbf_Cr;0
BlockStat;28; 404; 212; 8; 2;Cbf_Y;0
BlockStat;28; 404; 212; 8; 2;TransformSkipFlag_Y;0
BlockStat;28;   0;   0; 0; 0;Cbf_Cb;0
BlockStat;28;   0;   0; 0; 0;Cbf_Cr;0
BlockStat;28; 404; 214; 8; 2;Cbf_Y;2
BlockStat;28; 404; 214; 8; 2;TransformSkipFlag_Y;0
BlockStat;28; 404; 208; 8; 8;Cbf_Cb;0
BlockStat;28; 404; 208; 8; 8;Cbf_Cr;0
BlockStat;28; 404; 216; 8; 8;Depth;5
BlockStat;28; 404; 216; 8; 8;QT_Depth;3
BlockStat;28; 404; 216; 8; 8;BT_Depth;2
BlockStat;28; 404; 216; 8; 8;MT_Depth;2
BlockStat;28; 404; 216; 8; 8;ChromaQPAdj;0
BlockStat;28; 404; 216; 8; 8;QP;38
BlockStat;28; 404; 216; 8; 8;SplitSeries;2262049
BlockStat;28; 404; 216; 8; 8;SkipFlag;1
BlockStat;28; 404; 216; 8; 8;MMVDSkipFlag;0
BlockStat;28; 404; 216; 8; 8;PredMode;0
BlockStat;28; 404; 216; 8; 8;MergeIdx;1
BlockStat;28; 404; 216; 8; 8;MergeType;0
BlockStat;28; 404; 216; 8; 8;MMVDMergeFlag;0
BlockStat;28; 404; 216; 8; 8;AffineFlag;0
BlockStat;28; 404; 216; 8; 8;MVPIdxL0;255
BlockStat;28; 404; 216; 8; 8;RefIdxL0;1
BlockStat;28; 404; 216; 8; 8;MVDL0;   0;   0
BlockStat;28; 404; 216; 8; 8;MVL0;-293; -63
BlockStat;28; 412; 208; 4; 4;Depth;5
BlockStat;28; 412; 208; 4; 4;QT_Depth;3
BlockStat;28; 412; 208; 4; 4;BT_Depth;4
BlockStat;28; 412; 208; 4; 4;MT_Depth;2
BlockStat;28; 412; 208; 4; 4;ChromaQPAdj;0
BlockStat;28; 412; 208; 4; 4;QP;38
BlockStat;28; 412; 208; 4; 4;SplitSeries;4359201
BlockStat;28; 412; 208; 4; 4;SkipFlag;0
BlockStat;28; 412; 208; 4; 4;PredMode;1
BlockStat;28; 412; 208; 4; 4;Luma_IntraMode;23
BlockStat;28; 412; 208; 4; 4;MultiRefIdx;0
BlockStat;28; 412; 208; 4; 4;Cbf_Y;0
BlockStat;28; 412; 208; 4; 4;TransformSkipFlag_Y;0
BlockStat;28; 412; 212; 4; 8;Depth;5
BlockStat;28; 412; 212; 4; 8;QT_Depth;3
BlockStat;28; 412; 212; 4; 8;BT_Depth;3
BlockStat;28; 412; 212; 4; 8;MT_Depth;2
BlockStat;28; 412; 212; 4; 8;ChromaQPAdj;0
BlockStat;28; 412; 212; 4; 8;QP;38
BlockStat;28; 412; 212; 4; 8;SplitSeries;4359201
BlockStat;28; 412; 212; 4; 8;SkipFlag;0
BlockStat;28; 412; 212; 4; 8;PredMode;1
BlockStat;28; 412; 212; 4; 8;Luma_IntraMode;23
BlockStat;28; 412; 212; 4; 8;MultiRefIdx;3
BlockStat;28; 412; 212; 4; 8;Cbf_Y;1
BlockStat;28; 412; 212; 4; 8;TransformSkipFlag_Y;2
BlockStat;28; 412; 220; 4; 4;Depth;5
BlockStat;28; 412; 220; 4; 4;QT_Depth;3
BlockStat;28; 412; 220; 4; 4;BT_Depth;4
BlockStat;28; 412; 220; 4; 4;MT_Depth;2
BlockStat;28; 412; 220; 4; 4;ChromaQPAdj;0
BlockStat;28; 412; 220; 4; 4;QP;38
BlockStat;28; 412; 220; 4; 4;SplitSeries;4359201
BlockStat;28; 412; 220; 4; 4;SkipFlag;0
BlockStat;28; 412; 220; 4; 4;PredMode;1
BlockStat;28; 412; 220; 4; 4;Luma_IntraMode;0
BlockStat;28; 412; 220; 4; 4;MultiRefIdx;0
BlockStat;28; 412; 220; 4; 4;Cbf_Y;0
BlockStat;28; 412; 220; 4; 4;TransformSkipFlag_Y;0
BlockStat;28;   0;   0; 0; 0;Depth;4
BlockStat;28;   0;   0; 0; 0;QT_Depth;3
BlockStat;28;   0;   0; 0; 0;BT_Depth;2
BlockStat;28;   0;   0; 0; 0;MT_Depth;1
BlockStat;28;   0;   0; 0; 0;ChromaQPAdj;0
BlockStat;28;   0;   0; 0; 0;QP;38
BlockStat;28;   0;   0; 0; 0;SplitSeries;164897
BlockStat;28;   0;   0; 0; 0;PredMode;1
BlockStat;28; 412; 208; 4;16;Chroma_IntraMode;23
BlockStat;28; 412; 208; 4;16;Cbf_Cb;0
BlockStat;28; 412; 208; 4;16;Cbf_Cr;0
BlockStat;28; 416; 192; 8; 8;Depth;5
BlockStat;28; 416; 192; 8; 8;QT_Depth;3
BlockStat;28; 416; 192; 8; 8;BT_Depth;2
BlockStat;28; 416; 192; 8; 8;MT_Depth;2
BlockStat;28; 416; 192; 8; 8;ChromaQPAdj;0
BlockStat;28; 416; 192; 8; 8;QP;38
BlockStat;28; 416; 192; 8; 8;SplitSeries;2196513
BlockStat;28; 416; 192; 8; 8;SkipFlag;1
BlockStat;28; 416; 192; 8; 8;MMVDSkipFlag;0
BlockStat;28; 416; 192; 8; 8;PredMode;0
BlockStat;28; 416; 192; 8; 8;MergeIdx;2
BlockStat;28; 416; 192; 8; 8;MergeType;0
BlockStat;28; 416; 192; 8; 8;MMVDMergeFlag;1
BlockStat;28; 416; 192; 8; 8;MMVDMergeIdx;2
BlockStat;28; 416; 192; 8; 8;MVPIdxL0;255
BlockStat;28; 416; 192; 8; 8;RefIdxL0;1
BlockStat;28; 416; 192; 8; 8;MVDL0;   0;   0
BlockStat;28; 416; 192; 8; 8;MVL0;-293; -51
BlockStat;28; 416; 200; 8; 8;Depth;5
BlockStat;28; 416; 200; 8; 8;QT_Depth;3
BlockStat;28; 416; 200; 8; 8;BT_Depth;2
BlockStat;28; 416; 200; 8; 8;MT_Depth;2
BlockStat;28; 416; 200; 8; 8;ChromaQPAdj;0
BlockStat;28; 416; 200; 8; 8;QP;38
BlockStat;28; 416; 200; 8; 8;SplitSeries;2196513
BlockStat;28; 416; 200; 8; 8;SkipFlag;0
BlockStat;28; 416; 200; 8; 8;PredMode;0
BlockStat;28; 416; 200; 8; 8;MergeFlag;0
BlockStat;28; 416; 200; 8; 8;InterDir;1
BlockStat;28; 416; 200; 8; 8;MVPIdxL0;0
BlockStat;28; 416; 200; 8; 8;RefIdxL0;1
BlockStat;28; 416; 200; 8; 8;MVDL0;  -2;  -3
BlockStat;28; 416; 200; 8; 8;MVL0;-295; -54
BlockStat;28; 416; 200; 8; 8;IMVMode;0
BlockStat;28; 416; 200; 8; 8;RootCbf;1
BlockStat;28; 416; 200; 8; 8;Cbf_Y;1
BlockStat;28; 416; 200; 8; 8;TransformSkipFlag_Y;1
BlockStat;28; 416; 200; 8; 8;Cbf_Cb;0
BlockStat;28; 416; 200; 8; 8;Cbf_Cr;0
BlockStat;28; 424; 192; 8; 8;Depth;5
BlockStat;28; 424; 192; 8; 8;QT_Depth;3
BlockStat;28; 424; 192; 8; 8;BT_Depth;2
BlockStat;28; 424; 192; 8; 8;MT_Depth;2
BlockStat;28; 424; 192; 8; 8;ChromaQPAdj;0
BlockStat;28; 424; 192; 8; 8;QP;38
BlockStat;28; 424; 192; 8; 8;SplitSeries;2196513
BlockStat;28; 424; 192; 8; 8;SkipFlag;1
BlockStat;28; 424; 192; 8; 8;MMVDSkipFlag;0
BlockStat;28; 424; 192; 8; 8;PredMode;0
BlockStat;28; 424; 192; 8; 8;MergeIdx;37
BlockStat;28; 424; 192; 8; 8;MergeType;0
BlockStat;28; 424; 192; 8; 8;MMVDMergeFlag;1
BlockStat;28; 424; 192; 8; 8;MMVDMergeIdx;37
BlockStat;28; 424; 192; 8; 8;MVPIdxL0;255
BlockStat;28; 424; 192; 8; 8;RefIdxL0;1
BlockStat;28; 424; 192; 8; 8;MVDL0;   0;   0
BlockStat;28; 424; 192; 8; 8;MVL0;-302; -56
BlockStat;28; 424; 200; 8; 8;Depth;5
BlockStat;28; 424; 200; 8; 8;QT_Depth;3
BlockStat;28; 424; 200; 8; 8;BT_Depth;2
BlockStat;28; 424; 200; 8; 8;MT_Depth;2
BlockStat;28; 424; 200; 8; 8;ChromaQPAdj;0
BlockStat;28; 424; 200; 8; 8;QP;38
BlockStat;28; 424; 200; 8; 8;SplitSeries;2196513
BlockStat;28; 424; 200; 8; 8;SkipFlag;1
BlockStat;28; 424; 200; 8; 8;MMVDSkipFlag;0
BlockStat;28; 424; 200; 8; 8;PredMode;0
BlockStat;28; 424; 200; 8; 8;MergeIdx;36
BlockStat;28; 424; 200; 8; 8;MergeType;0
BlockStat;28; 424; 200; 8; 8;MMVDMergeFlag;1
BlockStat;28; 424; 200; 8; 8;MMVDMergeIdx;36
BlockStat;28; 424; 200; 8; 8;MVPIdxL0;255
BlockStat;28; 424; 200; 8; 8;RefIdxL0;1
BlockStat;28; 424; 200; 8; 8;MVDL0;   0;   0
BlockStat;28; 424; 200; 8; 8;MVL0;-300; -56
BlockStat;28; 432; 192; 4; 8;Depth;5
BlockStat;28; 432; 192; 4; 8;QT_Depth;3
BlockStat;28; 432; 192; 4; 8;BT_Depth;3
BlockStat;28; 432; 192; 4; 8;MT_Depth;2
BlockStat;28; 432; 192; 4; 8;ChromaQPAdj;0
BlockStat;28; 432; 192; 4; 8;QP;38
BlockStat;28; 432; 192; 4; 8;SplitSeries;2262049
BlockStat;28; 432; 192; 4; 8;SkipFlag;1
BlockStat;28; 432; 192; 4; 8;MMVDSkipFlag;0
BlockStat;28; 432; 192; 4; 8;PredMode;0
BlockStat;28; 432; 192; 4; 8;MergeIdx;2
BlockStat;28; 432; 192; 4; 8;MergeType;0
BlockStat;28; 432; 192; 4; 8;MMVDMergeFlag;0
BlockStat;28; 432; 192; 4; 8;MVPIdxL0;255
BlockStat;28; 432; 192; 4; 8;RefIdxL0;1
BlockStat;28; 432; 192; 4; 8;MVDL0;   0;   0
BlockStat;28; 432; 192; 4; 8;MVL0;-300; -56
BlockStat;28; 432; 200; 4; 8;Depth;5
BlockStat;28; 432; 200; 4; 8;QT_Depth;3
BlockStat;28; 432; 200; 4; 8;BT_Depth;3
BlockStat;28; 432; 200; 4; 8;MT_Depth;2
BlockStat;28; 432; 200; 4; 8;ChromaQPAdj;0
BlockStat;28; 432; 200; 4; 8;QP;38
BlockStat;28; 432; 200; 4; 8;SplitSeries;2262049
BlockStat;28; 432; 200; 4; 8;SkipFlag;1
BlockStat;28; 432; 200; 4; 8;MMVDSkipFlag;0
BlockStat;28; 432; 200; 4; 8;PredMode;0
BlockStat;28; 432; 200; 4; 8;MergeIdx;37
BlockStat;28; 432; 200; 4; 8;MergeType;0
BlockStat;28; 432; 200; 4; 8;MMVDMergeFlag;1
BlockStat;28; 432; 200; 4; 8;MMVDMergeIdx;37
BlockStat;28; 432; 200; 4; 8;MVPIdxL0;255
BlockStat;28; 432; 200; 4; 8;RefIdxL0;1
BlockStat;28; 432; 200; 4; 8;MVDL0;   0;   0
BlockStat;28; 432; 200; 4; 8;MVL0;-304; -56
BlockStat;28; 436; 192; 8; 8;Depth;5
BlockStat;28; 436; 192; 8; 8;QT_Depth;3
BlockStat;28; 436; 192; 8; 8;BT_Depth;2
BlockStat;28; 436; 192; 8; 8;MT_Depth;2
BlockStat;28; 436; 192; 8; 8;ChromaQPAdj;0
BlockStat;28; 436; 192; 8; 8;QP;38
BlockStat;28; 436; 192; 8; 8;SplitSeries;2262049
BlockStat;28; 436; 192; 8; 8;SkipFlag;1
BlockStat;28; 436; 192; 8; 8;MMVDSkipFlag;0
BlockStat;28; 436; 192; 8; 8;PredMode;0
BlockStat;28; 436; 192; 8; 8;MergeIdx;1
BlockStat;28; 436; 192; 8; 8;MergeType;0
BlockStat;28; 436; 192; 8; 8;MMVDMergeFlag;0
BlockStat;28; 436; 192; 8; 8;AffineFlag;0
BlockStat;28; 436; 192; 8; 8;MVPIdxL0;255
BlockStat;28; 436; 192; 8; 8;RefIdxL0;1
BlockStat: POC 28 @( 436, 192) [ 8x 8] TrianglePartitioning={   0,   0,   8,   8}
BlockStat: POC 28 @[(436, 192)--(444, 192)--(444, 200)--] TriangleMVL0={-300, -56}
BlockStat: POC 28 @[(436, 192)--(436, 200)--(444, 200)--] TriangleMVL0={-303, -52}
BlockStat;28; 436; 200; 8; 8;Depth;5
BlockStat;28; 436; 200; 8; 8;QT_Depth;3
BlockStat;28; 436; 200; 8; 8;BT_Depth;2
BlockStat;28; 436; 200; 8; 8;MT_Depth;2
BlockStat;28; 436; 200; 8; 8;ChromaQPAdj;0
BlockStat;28; 436; 200; 8; 8;QP;38
BlockStat;28; 436; 200; 8; 8;SplitSeries;2262049
BlockStat;28; 436; 200; 8; 8;SkipFlag;0
BlockStat;28; 436; 200; 8; 8;PredMode;0
BlockStat;28; 436; 200; 8; 8;MergeFlag;0
BlockStat;28; 436; 200; 8; 8;InterDir;1
BlockStat;28; 436; 200; 8; 8;MVPIdxL0;0
BlockStat;28; 436; 200; 8; 8;RefIdxL0;0
BlockStat;28; 436; 200; 8; 8;MVDL0;   6;  43
BlockStat;28; 436; 200; 8; 8;MVL0; -98;  25
BlockStat;28; 436; 200; 8; 8;IMVMode;0
BlockStat;28; 436; 200; 8; 8;RootCbf;0
BlockStat;28; 444; 192; 4;16;Depth;4
BlockStat;28; 444; 192; 4;16;QT_Depth;3
BlockStat;28; 444; 192; 4;16;BT_Depth;2
BlockStat;28; 444; 192; 4;16;MT_Depth;1
BlockStat;28; 444; 192; 4;16;ChromaQPAdj;0
BlockStat;28; 444; 192; 4;16;QP;38
BlockStat;28; 444; 192; 4;16;SplitSeries;164897
BlockStat;28; 444; 192; 4;16;SkipFlag;1
BlockStat;28; 444; 192; 4;16;MMVDSkipFlag;0
BlockStat;28; 444; 192; 4;16;PredMode;0
BlockStat;28; 444; 192; 4;16;MergeIdx;13
BlockStat;28; 444; 192; 4;16;MergeType;0
BlockStat;28; 444; 192; 4;16;MMVDMergeFlag;1
BlockStat;28; 444; 192; 4;16;MMVDMergeIdx;13
BlockStat;28; 444; 192; 4;16;MVPIdxL0;255
BlockStat;28; 444; 192; 4;16;RefIdxL0;0
BlockStat;28; 444; 192; 4;16;MVDL0;   0;   0
BlockStat;28; 444; 192; 4;16;MVL0;-106;  25
BlockStat;28; 416; 208; 4;16;Depth;4
BlockStat;28; 416; 208; 4;16;QT_Depth;3
BlockStat;28; 416; 208; 4;16;BT_Depth;2
BlockStat;28; 416; 208; 4;16;MT_Depth;1
BlockStat;28; 416; 208; 4;16;ChromaQPAdj;0
BlockStat;28; 416; 208; 4;16;QP;38
BlockStat;28; 416; 208; 4;16;SplitSeries;164897
BlockStat;28; 416; 208; 4;16;SkipFlag;0
BlockStat;28; 416; 208; 4;16;PredMode;0
BlockStat;28; 416; 208; 4;16;MergeFlag;0
BlockStat;28; 416; 208; 4;16;InterDir;1
BlockStat;28; 416; 208; 4;16;MVPIdxL0;0
BlockStat;28; 416; 208; 4;16;RefIdxL0;0
BlockStat;28; 416; 208; 4;16;MVDL0; -96; -16
BlockStat;28; 416; 208; 4;16;MVL0; -80;  32
BlockStat;28; 416; 208; 4;16;IMVMode;2
BlockStat;28; 416; 208; 4;16;RootCbf;0
BlockStat;28; 420; 208; 8;16;Depth;4
BlockStat;28; 420; 208; 8;16;QT_Depth;3
BlockStat;28; 420; 208; 8;16;BT_Depth;1
BlockStat;28; 420; 208; 8;16;MT_Depth;1
BlockStat;28; 420; 208; 8;16;ChromaQPAdj;0
BlockStat;28; 420; 208; 8;16;QP;38
BlockStat;28; 420; 208; 8;16;SplitSeries;164897
BlockStat;28; 420; 208; 8;16;SkipFlag;1
BlockStat;28; 420; 208; 8;16;MMVDSkipFlag;0
BlockStat;28; 420; 208; 8;16;PredMode;0
BlockStat;28; 420; 208; 8;16;MergeIdx;4
BlockStat;28; 420; 208; 8;16;MergeType;0
BlockStat;28; 420; 208; 8;16;MMVDMergeFlag;0
BlockStat;28; 420; 208; 8;16;AffineFlag;0
BlockStat;28; 420; 208; 8;16;MVPIdxL0;255
BlockStat;28; 420; 208; 8;16;RefIdxL0;0
BlockStat: POC 28 @( 420, 208) [ 8x16] TrianglePartitioning={   0,  16,   8,   0}
BlockStat: POC 28 @[(420, 208)--(428, 208)--(420, 224)--] TriangleMVL0={ -80,  32}
BlockStat: POC 28 @[(428, 208)--(420, 224)--(428, 224)--] TriangleMVL0={-106,  25}
BlockStat;28; 428; 208; 4;16;Depth;4
BlockStat;28; 428; 208; 4;16;QT_Depth;3
BlockStat;28; 428; 208; 4;16;BT_Depth;2
BlockStat;28; 428; 208; 4;16;MT_Depth;1
BlockStat;28; 428; 208; 4;16;ChromaQPAdj;0
BlockStat;28; 428; 208; 4;16;QP;38
BlockStat;28; 428; 208; 4;16;SplitSeries;164897
BlockStat;28; 428; 208; 4;16;SkipFlag;1
BlockStat;28; 428; 208; 4;16;MMVDSkipFlag;0
BlockStat;28; 428; 208; 4;16;PredMode;0
BlockStat;28; 428; 208; 4;16;MergeIdx;42
BlockStat;28; 428; 208; 4;16;MergeType;0
BlockStat;28; 428; 208; 4;16;MMVDMergeFlag;1
BlockStat;28; 428; 208; 4;16;MMVDMergeIdx;42
BlockStat;28; 428; 208; 4;16;MVPIdxL0;255
BlockStat;28; 428; 208; 4;16;RefIdxL0;1
BlockStat;28; 428; 208; 4;16;MVDL0;   0;   0
BlockStat;28; 428; 208; 4;16;MVL0;-300; -52
BlockStat;28; 432; 208; 4;16;Depth;4
BlockStat;28; 432; 208; 4;16;QT_Depth;3
BlockStat;28; 432; 208; 4;16;BT_Depth;2
BlockStat;28; 432; 208; 4;16;MT_Depth;1
BlockStat;28; 432; 208; 4;16;ChromaQPAdj;0
BlockStat;28; 432; 208; 4;16;QP;38
BlockStat;28; 432; 208; 4;16;SplitSeries;164897
BlockStat;28; 432; 208; 4;16;SkipFlag;1
BlockStat;28; 432; 208; 4;16;MMVDSkipFlag;0
BlockStat;28; 432; 208; 4;16;PredMode;0
BlockStat;28; 432; 208; 4;16;MergeIdx;49
BlockStat;28; 432; 208; 4;16;MergeType;0
BlockStat;28; 432; 208; 4;16;MMVDMergeFlag;1
BlockStat;28; 432; 208; 4;16;MMVDMergeIdx;49
BlockStat;28; 432; 208; 4;16;MVPIdxL0;255
BlockStat;28; 432; 208; 4;16;RefIdxL0;1
BlockStat;28; 432; 208; 4;16;MVDL0;   0;   0
BlockStat;28; 432; 208; 4;16;MVL0;-320; -56
BlockStat;28; 436; 208; 8;16;Depth;4
BlockStat;28; 436; 208; 8;16;QT_Depth;3
BlockStat;28; 436; 208; 8;16;BT_Depth;1
BlockStat;28; 436; 208; 8;16;MT_Depth;1
BlockStat;28; 436; 208; 8;16;ChromaQPAdj;0
BlockStat;28; 436; 208; 8;16;QP;38
BlockStat;28; 436; 208; 8;16;SplitSeries;164897
BlockStat;28; 436; 208; 8;16;SkipFlag;0
BlockStat;28; 436; 208; 8;16;PredMode;1
BlockStat;28; 436; 208; 8;16;Luma_IntraMode;24
BlockStat;28; 436; 208; 8;16;Chroma_IntraMode;24
BlockStat;28; 436; 208; 8;16;MultiRefIdx;0
BlockStat;28; 436; 208; 8;16;Cbf_Y;1
BlockStat;28; 436; 208; 8;16;TransformSkipFlag_Y;1
BlockStat;28; 436; 208; 8;16;Cbf_Cb;0
BlockStat;28; 436; 208; 8;16;Cbf_Cr;0
BlockStat;28; 444; 208; 4;16;Depth;4
BlockStat;28; 444; 208; 4;16;QT_Depth;3
BlockStat;28; 444; 208; 4;16;BT_Depth;2
BlockStat;28; 444; 208; 4;16;MT_Depth;1
BlockStat;28; 444; 208; 4;16;ChromaQPAdj;0
BlockStat;28; 444; 208; 4;16;QP;38
BlockStat;28; 444; 208; 4;16;SplitSeries;164897
BlockStat;28; 444; 208; 4;16;SkipFlag;0
BlockStat;28; 444; 208; 4;16;PredMode;1
BlockStat;28; 444; 208; 4;16;Luma_IntraMode;25
BlockStat;28; 444; 208; 4;16;Chroma_IntraMode;25
BlockStat;28; 444; 208; 4;16;MultiRefIdx;0
BlockStat;28; 444; 208; 4;16;Cbf_Y;0
BlockStat;28; 444; 208; 4;16;TransformSkipFlag_Y;0
BlockStat;28; 444; 208; 4;16;Cbf_Cb;0
BlockStat;28; 444; 208; 4;16;Cbf_Cr;0
BlockStat;28; 384; 224;16;16;Depth;4
BlockStat;28; 384; 224;16;16;QT_Depth;2
BlockStat;28; 384; 224;16;16;BT_Depth;2
BlockStat;28; 384; 224;16;16;MT_Depth;2
BlockStat;28; 384; 224;16;16;ChromaQPAdj;0
BlockStat;28; 384; 224;16;16;QP;38
BlockStat;28; 384; 224;16;16;SplitSeries;100385
BlockStat;28; 384; 224;16;16;SkipFlag;1
BlockStat;28; 384; 224;16;16;MMVDSkipFlag;0
BlockStat;28; 384; 224;16;16;PredMode;0
BlockStat;28; 384; 224;16;16;MergeIdx;0
BlockStat;28; 384; 224;16;16;MergeType;0
BlockStat;28; 384; 224;16;16;MMVDMergeFlag;0
BlockStat;28; 384; 224;16;16;AffineFlag;0
BlockStat;28; 384; 224;16;16;MVPIdxL0;255
BlockStat;28; 384; 224;16;16;RefIdxL0;1
BlockStat;28; 384; 224;16;16;MVDL0;   0;   0
BlockStat;28; 384; 224;16;16;MVL0;-292; -72
BlockStat;28; 400; 224;16;16;Depth;4
BlockStat;28; 400; 224;16;16;QT_Depth;2
BlockStat;28; 400; 224;16;16;BT_Depth;2
BlockStat;28; 400; 224;16;16;MT_Depth;2
BlockStat;28; 400; 224;16;16;ChromaQPAdj;0
BlockStat;28; 400; 224;16;16;QP;38
BlockStat;28; 400; 224;16;16;SplitSeries;100385
BlockStat;28; 400; 224;16;16;SkipFlag;0
BlockStat;28; 400; 224;16;16;PredMode;0
BlockStat;28; 400; 224;16;16;MergeFlag;0
BlockStat;28; 400; 224;16;16;InterDir;1
BlockStat;28; 400; 224;16;16;AffineFlag;1
BlockStat;28; 400; 224;16;16;AffineType;1
BlockStat;28; 400; 224;16;16;MVPIdxL0;0
BlockStat;28; 400; 224;16;16;RefIdxL0;0
BlockStat;28; 400; 224;16;16;AffineMVL0; -67;  35; -82;  29; -67;  35
BlockStat;28; 400; 224;16;16;RootCbf;1
BlockStat;28; 400; 224;16;16;Cbf_Y;1
BlockStat;28; 400; 224;16;16;TransformSkipFlag_Y;0
BlockStat;28; 400; 224;16;16;Cbf_Cb;0
BlockStat;28; 400; 224;16;16;Cbf_Cr;0
BlockStat;28; 384; 240;32;16;Depth;3
BlockStat;28; 384; 240;32;16;QT_Depth;2
BlockStat;28; 384; 240;32;16;BT_Depth;1
BlockStat;28; 384; 240;32;16;MT_Depth;1
BlockStat;28; 384; 240;32;16;ChromaQPAdj;0
BlockStat;28; 384; 240;32;16;QP;38
BlockStat;28; 384; 240;32;16;SplitSeries;2081
BlockStat;28; 384; 240;32;16;SkipFlag;0
BlockStat;28; 384; 240;32;16;PredMode;0
BlockStat;28; 384; 240;32;16;MergeFlag;0
BlockStat;28; 384; 240;32;16;InterDir;1
BlockStat;28; 384; 240;32;16;AffineFlag;0
BlockStat;28; 384; 240;32;16;MVPIdxL0;1
BlockStat;28; 384; 240;32;16;RefIdxL0;1
BlockStat;28; 384; 240;32;16;MVDL0;   0;  40
BlockStat;28; 384; 240;32;16;MVL0;-300; -12
BlockStat;28; 384; 240;32;16;IMVMode;1
BlockStat;28; 384; 240;32;16;RootCbf;1
BlockStat;28; 384; 240;32;16;Cbf_Y;1
BlockStat;28; 384; 240;32;16;TransformSkipFlag_Y;0
BlockStat;28; 384; 240;32;16;Cbf_Cb;0
BlockStat;28; 384; 240;32;16;Cbf_Cr;0
BlockStat;28; 416; 224; 8;16;Depth;4
BlockStat;28; 416; 224; 8;16;QT_Depth;2
BlockStat;28; 416; 224; 8;16;BT_Depth;3
BlockStat;28; 416; 224; 8;16;MT_Depth;2
BlockStat;28; 416; 224; 8;16;ChromaQPAdj;0
BlockStat;28; 416; 224; 8;16;QP;38
BlockStat;28; 416; 224; 8;16;SplitSeries;165921
BlockStat;28; 416; 224; 8;16;SkipFlag;1
BlockStat;28; 416; 224; 8;16;MMVDSkipFlag;0
BlockStat;28; 416; 224; 8;16;PredMode;0
BlockStat;28; 416; 224; 8;16;MergeIdx;0
BlockStat;28; 416; 224; 8;16;MergeType;0
BlockStat;28; 416; 224; 8;16;MMVDMergeFlag;0
BlockStat;28; 416; 224; 8;16;AffineFlag;1
BlockStat;28; 416; 224; 8;16;MVPIdxL0;0
BlockStat;28; 416; 224; 8;16;RefIdxL0;0
BlockStat;28; 416; 224; 8;16;AffineMVL0; -87;  27; -92;  25; -87;  27
BlockStat;28; 424; 224;16; 4;Depth;5
BlockStat;28; 424; 224;16; 4;QT_Depth;2
BlockStat;28; 424; 224;16; 4;BT_Depth;4
BlockStat;28; 424; 224;16; 4;MT_Depth;3
BlockStat;28; 424; 224;16; 4;ChromaQPAdj;0
BlockStat;28; 424; 224;16; 4;QP;38
BlockStat;28; 424; 224;16; 4;SplitSeries;4360225
BlockStat;28; 424; 224;16; 4;SkipFlag;1
BlockStat;28; 424; 224;16; 4;MMVDSkipFlag;0
BlockStat;28; 424; 224;16; 4;PredMode;0
BlockStat;28; 424; 224;16; 4;MergeIdx;47
BlockStat;28; 424; 224;16; 4;MergeType;0
BlockStat;28; 424; 224;16; 4;MMVDMergeFlag;1
BlockStat;28; 424; 224;16; 4;MMVDMergeIdx;47
BlockStat;28; 424; 224;16; 4;MVPIdxL0;255
BlockStat;28; 424; 224;16; 4;RefIdxL0;0
BlockStat;28; 424; 224;16; 4;MVDL0;   0;   0
BlockStat;28; 424; 224;16; 4;MVL0;-106;  17
BlockStat;28; 424; 228;16; 8;Depth;5
BlockStat;28; 424; 228;16; 8;QT_Depth;2
BlockStat;28; 424; 228;16; 8;BT_Depth;3
BlockStat;28; 424; 228;16; 8;MT_Depth;3
BlockStat;28; 424; 228;16; 8;ChromaQPAdj;0
BlockStat;28; 424; 228;16; 8;QP;38
BlockStat;28; 424; 228;16; 8;SplitSeries;4360225
BlockStat;28; 424; 228;16; 8;SkipFlag;1
BlockStat;28; 424; 228;16; 8;MMVDSkipFlag;0
BlockStat;28; 424; 228;16; 8;PredMode;0
BlockStat;28; 424; 228;16; 8;MergeIdx;2
BlockStat;28; 424; 228;16; 8;MergeType;0
BlockStat;28; 424; 228;16; 8;MMVDMergeFlag;0
BlockStat;28; 424; 228;16; 8;AffineFlag;1
BlockStat;28; 424; 228;16; 8;MVPIdxL0;0
BlockStat;28; 424; 228;16; 8;RefIdxL0;0
BlockStat;28; 424; 228;16; 8;AffineMVL0; -93;  24;-104;  18; -93;  24
BlockStat;28; 424; 236;16; 4;Depth;5
BlockStat;28; 424; 236;16; 4;QT_Depth;2
BlockStat;28; 424; 236;16; 4;BT_Depth;4
BlockStat;28; 424; 236;16; 4;MT_Depth;3
BlockStat;28; 424; 236;16; 4;ChromaQPAdj;0
BlockStat;28; 424; 236;16; 4;QP;38
BlockStat;28; 424; 236;16; 4;SplitSeries;4360225
BlockStat;28; 424; 236;16; 4;SkipFlag;0
BlockStat;28; 424; 236;16; 4;PredMode;0
BlockStat;28; 424; 236;16; 4;MergeFlag;0
BlockStat;28; 424; 236;16; 4;InterDir;1
BlockStat;28; 424; 236;16; 4;MVPIdxL0;0
BlockStat;28; 424; 236;16; 4;RefIdxL0;1
BlockStat;28; 424; 236;16; 4;MVDL0;   4;  12
BlockStat;28; 424; 236;16; 4;MVL0;-320; -52
BlockStat;28; 424; 236;16; 4;IMVMode;1
BlockStat;28; 424; 236;16; 4;RootCbf;1
BlockStat;28; 424; 236;16; 4;Cbf_Y;1
BlockStat;28; 424; 236;16; 4;TransformSkipFlag_Y;0
BlockStat;28; 424; 236;16; 4;Cbf_Cb;0
BlockStat;28; 424; 236;16; 4;Cbf_Cr;0
BlockStat;28; 440; 224; 8; 8;Depth;5
BlockStat;28; 440; 224; 8; 8;QT_Depth;2
BlockStat;28; 440; 224; 8; 8;BT_Depth;4
BlockStat;28; 440; 224; 8; 8;MT_Depth;3
BlockStat;28; 440; 224; 8; 8;ChromaQPAdj;0
BlockStat;28; 440; 224; 8; 8;QP;38
BlockStat;28; 440; 224; 8; 8;SplitSeries;2263073
BlockStat;28; 440; 224; 8; 8;SkipFlag;0
BlockStat;28; 440; 224; 8; 8;PredMode;0
BlockStat;28; 440; 224; 8; 8;MergeFlag;0
BlockStat;28; 440; 224; 8; 8;InterDir;1
BlockStat;28; 440; 224; 8; 8;MVPIdxL0;1
BlockStat;28; 440; 224; 8; 8;RefIdxL0;1
BlockStat;28; 440; 224; 8; 8;MVDL0;  -3;   5
BlockStat;28; 440; 224; 8; 8;MVL0;-323; -51
BlockStat;28; 440; 224; 8; 8;IMVMode;0
BlockStat;28; 440; 224; 8; 8;RootCbf;0
BlockStat;28; 440; 232; 8; 8;Depth;5
BlockStat;28; 440; 232; 8; 8;QT_Depth;2
BlockStat;28; 440; 232; 8; 8;BT_Depth;4
BlockStat;28; 440; 232; 8; 8;MT_Depth;3
BlockStat;28; 440; 232; 8; 8;ChromaQPAdj;0
BlockStat;28; 440; 232; 8; 8;QP;38
BlockStat;28; 440; 232; 8; 8;SplitSeries;2263073
BlockStat;28; 440; 232; 8; 8;SkipFlag;1
BlockStat;28; 440; 232; 8; 8;MMVDSkipFlag;0
BlockStat;28; 440; 232; 8; 8;PredMode;0
BlockStat;28; 440; 232; 8; 8;MergeIdx;39
BlockStat;28; 440; 232; 8; 8;MergeType;0
BlockStat;28; 440; 232; 8; 8;MMVDMergeFlag;1
BlockStat;28; 440; 232; 8; 8;MMVDMergeIdx;39
BlockStat;28; 440; 232; 8; 8;MVPIdxL0;255
BlockStat;28; 440; 232; 8; 8;RefIdxL0;1
BlockStat;28; 440; 232; 8; 8;MVDL0;   0;   0
BlockStat;28; 440; 232; 8; 8;MVL0;-323; -53
BlockStat;28; 416; 240;16;16;Depth;4
BlockStat;28; 416; 240;16;16;QT_Depth;2
BlockStat;28; 416; 240;16;16;BT_Depth;2
BlockStat;28; 416; 240;16;16;MT_Depth;2
BlockStat;28; 416; 240;16;16;ChromaQPAdj;0
BlockStat;28; 416; 240;16;16;QP;38
BlockStat;28; 416; 240;16;16;SplitSeries;100385
BlockStat;28; 416; 240;16;16;SkipFlag;0
BlockStat;28; 416; 240;16;16;PredMode;0
BlockStat;28; 416; 240;16;16;MergeFlag;1
BlockStat;28; 416; 240;16;16;MergeIdx;1
BlockStat;28; 416; 240;16;16;MergeType;0
BlockStat;28; 416; 240;16;16;MMVDMergeFlag;0
BlockStat;28; 416; 240;16;16;AffineFlag;0
BlockStat;28; 416; 240;16;16;MHIntraFlag;1
BlockStat;28; 416; 240;16;16;Luma_IntraMode;0
BlockStat;28; 416; 240;16;16;Chroma_IntraMode;70
BlockStat;28; 416; 240;16;16;MVPIdxL0;255
BlockStat;28; 416; 240;16;16;RefIdxL0;1
BlockStat;28; 416; 240;16;16;MVDL0;   0;   0
BlockStat;28; 416; 240;16;16;MVL0;-320; -52
BlockStat;28; 416; 240;16;16;Cbf_Y;1
BlockStat;28; 416; 240;16;16;TransformSkipFlag_Y;0
BlockStat;28; 416; 240;16;16;Cbf_Cb;0
BlockStat;28; 416; 240;16;16;Cbf_Cr;0
BlockStat;28; 432; 240;16;16;Depth;4
BlockStat;28; 432; 240;16;16;QT_Depth;2
BlockStat;28; 432; 240;16;16;BT_Depth;2
BlockStat;28; 432; 240;16;16;MT_Depth;2
BlockStat;28; 432; 240;16;16;ChromaQPAdj;0
BlockStat;28; 432; 240;16;16;QP;38
BlockStat;28; 432; 240;16;16;SplitSeries;100385
BlockStat;28; 432; 240;16;16;SkipFlag;0
BlockStat;28; 432; 240;16;16;PredMode;0
BlockStat;28; 432; 240;16;16;MergeFlag;0
BlockStat;28; 432; 240;16;16;InterDir;1
BlockStat;28; 432; 240;16;16;AffineFlag;1
BlockStat;28; 432; 240;16;16;AffineType;1
BlockStat;28; 432; 240;16;16;MVPIdxL0;1
BlockStat;28; 432; 240;16;16;RefIdxL0;1
BlockStat;28; 432; 240;16;16;AffineMVL0;-325; -56;-325; -56;-331; -56
BlockStat;28; 432; 240;16;16;RootCbf;1
BlockStat;28; 432; 240;16;16;Cbf_Y;1
BlockStat;28; 432; 240;16;16;TransformSkipFlag_Y;0
BlockStat;28; 432; 240;16;16;Cbf_Cb;0
BlockStat;28; 432; 240;16;16;Cbf_Cr;0
BlockStat;28; 448; 192;16;16;Depth;3
BlockStat;28; 448; 192;16;16;QT_Depth;3
BlockStat;28; 448; 192;16;16;BT_Depth;0
BlockStat;28; 448; 192;16;16;MT_Depth;0
BlockStat;28; 448; 192;16;16;ChromaQPAdj;0
BlockStat;28; 448; 192;16;16;QP;38
BlockStat;28; 448; 192;16;16;SplitSeries;1057
BlockStat;28; 448; 192;16;16;SkipFlag;0
BlockStat;28; 448; 192;16;16;PredMode;0
BlockStat;28; 448; 192;16;16;MergeFlag;0
BlockStat;28; 448; 192;16;16;InterDir;1
BlockStat;28; 448; 192;16;16;AffineFlag;1
BlockStat;28; 448; 192;16;16;AffineType;1
BlockStat;28; 448; 192;16;16;MVPIdxL0;0
BlockStat;28; 448; 192;16;16;RefIdxL0;1
BlockStat;28; 448; 192;16;16;AffineMVL0;-310; -47;-316; -32;-313; -53
BlockStat;28; 448; 192;16;16;RootCbf;1
BlockStat;28; 448; 192;16;16;Cbf_Y;1
BlockStat;28; 448; 192;16;16;TransformSkipFlag_Y;0
BlockStat;28; 448; 192;16;16;Cbf_Cb;0
BlockStat;28; 448; 192;16;16;Cbf_Cr;0
BlockStat;28; 464; 192;16;16;Depth;3
BlockStat;28; 464; 192;16;16;QT_Depth;3
BlockStat;28; 464; 192;16;16;BT_Depth;0
BlockStat;28; 464; 192;16;16;MT_Depth;0
BlockStat;28; 464; 192;16;16;ChromaQPAdj;0
BlockStat;28; 464; 192;16;16;QP;38
BlockStat;28; 464; 192;16;16;SplitSeries;1057
BlockStat;28; 464; 192;16;16;SkipFlag;1
BlockStat;28; 464; 192;16;16;MMVDSkipFlag;0
BlockStat;28; 464; 192;16;16;PredMode;0
BlockStat;28; 464; 192;16;16;MergeIdx;1
BlockStat;28; 464; 192;16;16;MergeType;0
BlockStat;28; 464; 192;16;16;MMVDMergeFlag;0
BlockStat;28; 464; 192;16;16;AffineFlag;1
BlockStat;28; 464; 192;16;16;MVPIdxL0;0
BlockStat;28; 464; 192;16;16;RefIdxL0;1
BlockStat;28; 464; 192;16;16;AffineMVL0;-318; -31;-323; -25;-321; -32
BlockStat;28; 448; 208;16;16;Depth;3
BlockStat;28; 448; 208;16;16;QT_Depth;3
BlockStat;28; 448; 208;16;16;BT_Depth;0
BlockStat;28; 448; 208;16;16;MT_Depth;0
BlockStat;28; 448; 208;16;16;ChromaQPAdj;0
BlockStat;28; 448; 208;16;16;QP;38
BlockStat;28; 448; 208;16;16;SplitSeries;1057
BlockStat;28; 448; 208;16;16;SkipFlag;0
BlockStat;28; 448; 208;16;16;PredMode;0
BlockStat;28; 448; 208;16;16;MergeFlag;0
BlockStat;28; 448; 208;16;16;InterDir;1
BlockStat;28; 448; 208;16;16;AffineFlag;1
BlockStat;28; 448; 208;16;16;AffineType;1
BlockStat;28; 448; 208;16;16;MVPIdxL0;0
BlockStat;28; 448; 208;16;16;RefIdxL0;1
BlockStat;28; 448; 208;16;16;AffineMVL0;-314; -47;-320; -41;-320; -47
BlockStat;28; 448; 208;16;16;RootCbf;1
BlockStat;28; 448; 208;16;16;Cbf_Y;1
BlockStat;28; 448; 208;16;16;TransformSkipFlag_Y;0
BlockStat;28; 448; 208;16;16;Cbf_Cb;0
BlockStat;28; 448; 208;16;16;Cbf_Cr;0
BlockStat;28; 464; 208;16; 8;Depth;4
BlockStat;28; 464; 208;16; 8;QT_Depth;3
BlockStat;28; 464; 208;16; 8;BT_Depth;1
BlockStat;28; 464; 208;16; 8;MT_Depth;1
BlockStat;28; 464; 208;16; 8;ChromaQPAdj;0
BlockStat;28; 464; 208;16; 8;QP;38
BlockStat;28; 464; 208;16; 8;SplitSeries;66593
BlockStat;28; 464; 208;16; 8;SkipFlag;1
BlockStat;28; 464; 208;16; 8;MMVDSkipFlag;0
BlockStat;28; 464; 208;16; 8;PredMode;0
BlockStat;28; 464; 208;16; 8;MergeIdx;0
BlockStat;28; 464; 208;16; 8;MergeType;0
BlockStat;28; 464; 208;16; 8;MMVDMergeFlag;0
BlockStat;28; 464; 208;16; 8;AffineFlag;1
BlockStat;28; 464; 208;16; 8;MVPIdxL0;0
BlockStat;28; 464; 208;16; 8;RefIdxL0;1
BlockStat;28; 464; 208;16; 8;AffineMVL0;-322; -39;-328; -33;-324; -39
BlockStat;28; 464; 216;16; 8;Depth;4
BlockStat;28; 464; 216;16; 8;QT_Depth;3
BlockStat;28; 464; 216;16; 8;BT_Depth;1
BlockStat;28; 464; 216;16; 8;MT_Depth;1
BlockStat;28; 464; 216;16; 8;ChromaQPAdj;0
BlockStat;28; 464; 216;16; 8;QP;38
BlockStat;28; 464; 216;16; 8;SplitSeries;66593
BlockStat;28; 464; 216;16; 8;SkipFlag;0
BlockStat;28; 464; 216;16; 8;PredMode;0
BlockStat;28; 464; 216;16; 8;MergeFlag;0
BlockStat;28; 464; 216;16; 8;InterDir;1
BlockStat;28; 464; 216;16; 8;MVPIdxL0;0
BlockStat;28; 464; 216;16; 8;RefIdxL0;0
BlockStat;28; 464; 216;16; 8;MVDL0;   0;   0
BlockStat;28; 464; 216;16; 8;MVL0;-106;  17
BlockStat;28; 464; 216;16; 8;RootCbf;1
BlockStat;28; 464; 216;16; 8;Cbf_Y;1
BlockStat;28; 464; 216;16; 8;TransformSkipFlag_Y;0
BlockStat;28; 464; 216;16; 8;Cbf_Cb;0
BlockStat;28; 464; 216;16; 8;Cbf_Cr;0
BlockStat;28; 480; 192; 8; 8;Depth;5
BlockStat;28; 480; 192; 8; 8;QT_Depth;3
BlockStat;28; 480; 192; 8; 8;BT_Depth;2
BlockStat;28; 480; 192; 8; 8;MT_Depth;2
BlockStat;28; 480; 192; 8; 8;ChromaQPAdj;0
BlockStat;28; 480; 192; 8; 8;QP;38
BlockStat;28; 480; 192; 8; 8;SplitSeries;3212321
BlockStat;28; 480; 192; 8; 8;SkipFlag;1
BlockStat;28; 480; 192; 8; 8;MMVDSkipFlag;0
BlockStat;28; 480; 192; 8; 8;PredMode;0
BlockStat;28; 480; 192; 8; 8;MergeIdx;38
BlockStat;28; 480; 192; 8; 8;MergeType;0
BlockStat;28; 480; 192; 8; 8;MMVDMergeFlag;1
BlockStat;28; 480; 192; 8; 8;MMVDMergeIdx;38
BlockStat;28; 480; 192; 8; 8;MVPIdxL0;255
BlockStat;28; 480; 192; 8; 8;RefIdxL0;1
BlockStat;28; 480; 192; 8; 8;MVDL0;   0;   0
BlockStat;28; 480; 192; 8; 8;MVL0;-322; -23
BlockStat;28; 488; 192; 8; 8;Depth;5
BlockStat;28; 488; 192; 8; 8;QT_Depth;3
BlockStat;28; 488; 192; 8; 8;BT_Depth;2
BlockStat;28; 488; 192; 8; 8;MT_Depth;2
BlockStat;28; 488; 192; 8; 8;ChromaQPAdj;0
BlockStat;28; 488; 192; 8; 8;QP;38
BlockStat;28; 488; 192; 8; 8;SplitSeries;3212321
BlockStat;28; 488; 192; 8; 8;SkipFlag;1
BlockStat;28; 488; 192; 8; 8;MMVDSkipFlag;0
BlockStat;28; 488; 192; 8; 8;PredMode;0
BlockStat;28; 488; 192; 8; 8;MergeIdx;37
BlockStat;28; 488; 192; 8; 8;MergeType;0
BlockStat;28; 488; 192; 8; 8;MMVDMergeFlag;1
BlockStat;28; 488; 192; 8; 8;MMVDMergeIdx;37
BlockStat;28; 488; 192; 8; 8;MVPIdxL0;255
BlockStat;28; 488; 192; 8; 8;RefIdxL0;0
BlockStat;28; 488; 192; 8; 8;MVDL0;   0;   0
BlockStat;28; 488; 192; 8; 8;MVL0; -99;  10
BlockStat;28; 480; 200;16; 8;Depth;4
BlockStat;28; 480; 200;16; 8;QT_Depth;3
BlockStat;28; 480; 200;16; 8;BT_Depth;1
BlockStat;28; 480; 200;16; 8;MT_Depth;1
BlockStat;28; 480; 200;16; 8;ChromaQPAdj;0
BlockStat;28; 480; 200;16; 8;QP;38
BlockStat;28; 480; 200;16; 8;SplitSeries;66593
BlockStat;28; 480; 200;16; 8;SkipFlag;0
BlockStat;28; 480; 200;16; 8;PredMode;0
BlockStat;28; 480; 200;16; 8;MergeFlag;0
BlockStat;28; 480; 200;16; 8;InterDir;1
BlockStat;28; 480; 200;16; 8;MVPIdxL0;0
BlockStat;28; 480; 200;16; 8;RefIdxL0;0
BlockStat;28; 480; 200;16; 8;MVDL0;   0;  -1
BlockStat;28; 480; 200;16; 8;MVL0; -99;   9
BlockStat;28; 480; 200;16; 8;IMVMode;0
BlockStat;28; 480; 200;16; 8;RootCbf;1
BlockStat;28; 480; 200;12; 8;Cbf_Y;0
BlockStat;28; 480; 200;12; 8;TransformSkipFlag_Y;0
BlockStat;28; 480; 200;12; 8;Cbf_Cb;0
BlockStat;28; 480; 200;12; 8;Cbf_Cr;0
BlockStat;28; 492; 200; 4; 8;Cbf_Y;2
BlockStat;28; 492; 200; 4; 8;TransformSkipFlag_Y;0
BlockStat;28; 492; 200; 4; 8;Cbf_Cb;0
BlockStat;28; 492; 200; 4; 8;Cbf_Cr;0
BlockStat;28; 496; 192; 8;16;Depth;4
BlockStat;28; 496; 192; 8;16;QT_Depth;3
BlockStat;28; 496; 192; 8;16;BT_Depth;1
BlockStat;28; 496; 192; 8;16;MT_Depth;1
BlockStat;28; 496; 192; 8;16;ChromaQPAdj;0
BlockStat;28; 496; 192; 8;16;QP;38
BlockStat;28; 496; 192; 8;16;SplitSeries;99361
BlockStat;28; 496; 192; 8;16;SkipFlag;0
BlockStat;28; 496; 192; 8;16;PredMode;0
BlockStat;28; 496; 192; 8;16;MergeFlag;1
BlockStat;28; 496; 192; 8;16;MergeIdx;0
BlockStat;28; 496; 192; 8;16;MergeType;0
BlockStat;28; 496; 192; 8;16;MMVDMergeFlag;0
BlockStat;28; 496; 192; 8;16;AffineFlag;0
BlockStat;28; 496; 192; 8;16;MHIntraFlag;1
BlockStat;28; 496; 192; 8;16;Luma_IntraMode;0
BlockStat;28; 496; 192; 8;16;Chroma_IntraMode;70
BlockStat;28; 496; 192; 8;16;MVPIdxL0;255
BlockStat;28; 496; 192; 8;16;RefIdxL0;0
BlockStat;28; 496; 192; 8;16;MVDL0;   0;   0
BlockStat;28; 496; 192; 8;16;MVL0; -99;   9
BlockStat;28; 496; 192; 8;16;Cbf_Y;1
BlockStat;28; 496; 192; 8;16;TransformSkipFlag_Y;0
BlockStat;28; 496; 192; 8;16;Cbf_Cb;0
BlockStat;28; 496; 192; 8;16;Cbf_Cr;0
BlockStat;28; 504; 192; 4;16;Depth;5
BlockStat;28; 504; 192; 4;16;QT_Depth;3
BlockStat;28; 504; 192; 4;16;BT_Depth;2
BlockStat;28; 504; 192; 4;16;MT_Depth;2
BlockStat;28; 504; 192; 4;16;ChromaQPAdj;0
BlockStat;28; 504; 192; 4;16;QP;38
BlockStat;28; 504; 192; 4;16;SplitSeries;3245089
BlockStat;28; 504; 192; 4;16;SkipFlag;0
BlockStat;28; 504; 192; 4;16;PredMode;0
BlockStat;28; 504; 192; 4;16;MergeFlag;0
BlockStat;28; 504; 192; 4;16;InterDir;1
BlockStat;28; 504; 192; 4;16;MVPIdxL0;0
BlockStat;28; 504; 192; 4;16;RefIdxL0;1
BlockStat;28; 504; 192; 4;16;MVDL0; 668; -92
BlockStat;28; 504; 192; 4;16;MVL0; 344;-136
BlockStat;28; 504; 192; 4;16;IMVMode;1
BlockStat;28; 504; 192; 4;16;RootCbf;1
BlockStat;28; 504; 192; 4;16;Cbf_Y;1
BlockStat;28; 504; 192; 4;16;TransformSkipFlag_Y;0
BlockStat;28; 504; 192; 4;16;Cbf_Cb;0
BlockStat;28; 504; 192; 4;16;Cbf_Cr;0
BlockStat;28; 508; 192; 4; 8;Depth;6
BlockStat;28; 508; 192; 4; 8;QT_Depth;3
BlockStat;28; 508; 192; 4; 8;BT_Depth;3
BlockStat;28; 508; 192; 4; 8;MT_Depth;3
BlockStat;28; 508; 192; 4; 8;ChromaQPAdj;0
BlockStat;28; 508; 192; 4; 8;QP;38
BlockStat;28; 508; 192; 4; 8;SplitSeries;70353953
BlockStat;28; 508; 192; 4; 8;SkipFlag;0
BlockStat;28; 508; 192; 4; 8;PredMode;0
BlockStat;28; 508; 192; 4; 8;MergeFlag;1
BlockStat;28; 508; 192; 4; 8;MergeIdx;11
BlockStat;28; 508; 192; 4; 8;MergeType;0
BlockStat;28; 508; 192; 4; 8;MMVDMergeFlag;1
BlockStat;28; 508; 192; 4; 8;MMVDMergeIdx;11
BlockStat;28; 508; 192; 4; 8;MVPIdxL0;255
BlockStat;28; 508; 192; 4; 8;RefIdxL0;1
BlockStat;28; 508; 192; 4; 8;MVDL0;   0;   0
BlockStat;28; 508; 192; 4; 8;MVL0; 344;-140
BlockStat;28; 508; 192; 4; 8;Cbf_Y;1
BlockStat;28; 508; 192; 4; 8;TransformSkipFlag_Y;0
BlockStat;28; 508; 192; 4; 8;Cbf_Cb;0
BlockStat;28; 508; 192; 4; 8;Cbf_Cr;0
BlockStat;28; 508; 200; 4; 8;Depth;6
BlockStat;28; 508; 200; 4; 8;QT_Depth;3
BlockStat;28; 508; 200; 4; 8;BT_Depth;3
BlockStat;28; 508; 200; 4; 8;MT_Depth;3
BlockStat;28; 508; 200; 4; 8;ChromaQPAdj;0
BlockStat;28; 508; 200; 4; 8;QP;38
BlockStat;28; 508; 200; 4; 8;SplitSeries;70353953
BlockStat;28; 508; 200; 4; 8;SkipFlag;1
BlockStat;28; 508; 200; 4; 8;MMVDSkipFlag;0
BlockStat;28; 508; 200; 4; 8;PredMode;0
BlockStat;28; 508; 200; 4; 8;MergeIdx;39
BlockStat;28; 508; 200; 4; 8;MergeType;0
BlockStat;28; 508; 200; 4; 8;MMVDMergeFlag;1
BlockStat;28; 508; 200; 4; 8;MMVDMergeIdx;39
BlockStat;28; 508; 200; 4; 8;MVPIdxL0;255
BlockStat;28; 508; 200; 4; 8;RefIdxL0;1
BlockStat;28; 508; 200; 4; 8;MVDL0;   0;   0
BlockStat;28; 508; 200; 4; 8;MVL0; 344;-142
BlockStat;28; 480; 208;16; 4;Depth;5
BlockStat;28; 480; 208;16; 4;QT_Depth;3
BlockStat;28; 480; 208;16; 4;BT_Depth;2
BlockStat;28; 480; 208;16; 4;MT_Depth;2
BlockStat;28; 480; 208;16; 4;ChromaQPAdj;0
BlockStat;28; 480; 208;16; 4;QP;38
BlockStat;28; 480; 208;16; 4;SplitSeries;2163745
BlockStat;28; 480; 208;16; 4;SkipFlag;0
BlockStat;28; 480; 208;16; 4;PredMode;0
BlockStat;28; 480; 208;16; 4;MergeFlag;1
BlockStat;28; 480; 208;16; 4;MergeIdx;3
BlockStat;28; 480; 208;16; 4;MergeType;0
BlockStat;28; 480; 208;16; 4;MMVDMergeFlag;0
BlockStat;28; 480; 208;16; 4;MHIntraFlag;0
BlockStat;28; 480; 208;16; 4;MVPIdxL0;255
BlockStat;28; 480; 208;16; 4;RefIdxL0;1
BlockStat: POC 28 @( 480, 208) [16x 4] TrianglePartitioning={   0,   4,  16,   0}
BlockStat;28; 480; 208;16; 4;Cbf_Y;1
BlockStat;28; 480; 208;16; 4;TransformSkipFlag_Y;0
BlockStat;28; 480; 208;16; 4;Cbf_Cb;0
BlockStat;28; 480; 208;16; 4;Cbf_Cr;0
BlockStat;28; 480; 212;16; 4;Depth;5
BlockStat;28; 480; 212;16; 4;QT_Depth;3
BlockStat;28; 480; 212;16; 4;BT_Depth;2
BlockStat;28; 480; 212;16; 4;MT_Depth;2
BlockStat;28; 480; 212;16; 4;ChromaQPAdj;0
BlockStat;28; 480; 212;16; 4;QP;38
BlockStat;28; 480; 212;16; 4;SplitSeries;2163745
BlockStat;28; 480; 212;16; 4;SkipFlag;0
BlockStat;28; 480; 212;16; 4;PredMode;0
BlockStat;28; 480; 212;16; 4;MergeFlag;1
BlockStat;28; 480; 212;16; 4;MergeIdx;43
BlockStat;28; 480; 212;16; 4;MergeType;0
BlockStat;28; 480; 212;16; 4;MMVDMergeFlag;1
BlockStat;28; 480; 212;16; 4;MMVDMergeIdx;43
BlockStat;28; 480; 212;16; 4;MVPIdxL0;255
BlockStat;28; 480; 212;16; 4;RefIdxL0;1
BlockStat;28; 480; 212;16; 4;MVDL0;   0;   0
BlockStat;28; 480; 212;16; 4;MVL0;-327; -30
BlockStat;28; 480; 212;16; 4;Cbf_Y;1
BlockStat;28; 480; 212;16; 4;TransformSkipFlag_Y;0
BlockStat;28; 480; 212;16; 4;Cbf_Cb;0
BlockStat;28; 480; 212;16; 4;Cbf_Cr;0
BlockStat;28; 480; 216;16; 8;Depth;4
BlockStat;28; 480; 216;16; 8;QT_Depth;3
BlockStat;28; 480; 216;16; 8;BT_Depth;1
BlockStat;28; 480; 216;16; 8;MT_Depth;1
BlockStat;28; 480; 216;16; 8;ChromaQPAdj;0
BlockStat;28; 480; 216;16; 8;QP;38
BlockStat;28; 480; 216;16; 8;SplitSeries;66593
BlockStat;28; 480; 216;16; 8;SkipFlag;0
BlockStat;28; 480; 216;16; 8;PredMode;0
BlockStat;28; 480; 216;16; 8;MergeFlag;1
BlockStat;28; 480; 216;16; 8;MergeIdx;1
BlockStat;28; 480; 216;16; 8;MergeType;0
BlockStat;28; 480; 216;16; 8;MMVDMergeFlag;0
BlockStat;28; 480; 216;16; 8;AffineFlag;1
BlockStat;28; 480; 216;16; 8;MVPIdxL0;0
BlockStat;28; 480; 216;16; 8;RefIdxL0;1
BlockStat;28; 480; 216;16; 8;AffineMVL0;-330; -32;-327; -30;-331; -31
BlockStat;28; 480; 216;16; 8;Cbf_Y;1
BlockStat;28; 480; 216;16; 8;TransformSkipFlag_Y;0
BlockStat;28; 480; 216;16; 8;Cbf_Cb;0
BlockStat;28; 480; 216;16; 8;Cbf_Cr;0
BlockStat;28; 496; 208;16;16;Depth;3
BlockStat;28; 496; 208;16;16;QT_Depth;3
BlockStat;28; 496; 208;16;16;BT_Depth;0
BlockStat;28; 496; 208;16;16;MT_Depth;0
BlockStat;28; 496; 208;16;16;ChromaQPAdj;0
BlockStat;28; 496; 208;16;16;QP;38
BlockStat;28; 496; 208;16;16;SplitSeries;1057
BlockStat;28; 496; 208;16;16;SkipFlag;0
BlockStat;28; 496; 208;16;16;PredMode;1
BlockStat;28; 496; 208;16;16;Luma_IntraMode;61
BlockStat;28; 496; 208;16;16;Chroma_IntraMode;61
BlockStat;28; 496; 208;16;16;MultiRefIdx;0
BlockStat;28; 496; 208;16;16;Cbf_Y;1
BlockStat;28; 496; 208;16;16;TransformSkipFlag_Y;0
BlockStat;28; 496; 208;16;16;Cbf_Cb;0
BlockStat;28; 496; 208;16;16;Cbf_Cr;0
BlockStat;28; 448; 224;16; 8;Depth;5
BlockStat;28; 448; 224;16; 8;QT_Depth;2
BlockStat;28; 448; 224;16; 8;BT_Depth;3
BlockStat;28; 448; 224;16; 8;MT_Depth;3
BlockStat;28; 448; 224;16; 8;ChromaQPAdj;0
BlockStat;28; 448; 224;16; 8;QP;38
BlockStat;28; 448; 224;16; 8;SplitSeries;2197537
BlockStat;28; 448; 224;16; 8;SkipFlag;1
BlockStat;28; 448; 224;16; 8;MMVDSkipFlag;0
BlockStat;28; 448; 224;16; 8;PredMode;0
BlockStat;28; 448; 224;16; 8;MergeIdx;0
BlockStat;28; 448; 224;16; 8;MergeType;0
BlockStat;28; 448; 224;16; 8;MMVDMergeFlag;0
BlockStat;28; 448; 224;16; 8;AffineFlag;1
BlockStat;28; 448; 224;16; 8;MVPIdxL0;0
BlockStat;28; 448; 224;16; 8;RefIdxL0;1
BlockStat;28; 448; 224;16; 8;AffineMVL0;-322; -47;-328; -41;-324; -47
BlockStat;28; 448; 232;16; 8;Depth;5
BlockStat;28; 448; 232;16; 8;QT_Depth;2
BlockStat;28; 448; 232;16; 8;BT_Depth;3
BlockStat;28; 448; 232;16; 8;MT_Depth;3
BlockStat;28; 448; 232;16; 8;ChromaQPAdj;0
BlockStat;28; 448; 232;16; 8;QP;38
BlockStat;28; 448; 232;16; 8;SplitSeries;2197537
BlockStat;28; 448; 232;16; 8;SkipFlag;0
BlockStat;28; 448; 232;16; 8;PredMode;0
BlockStat;28; 448; 232;16; 8;MergeFlag;0
BlockStat;28; 448; 232;16; 8;InterDir;1
BlockStat;28; 448; 232;16; 8;MVPIdxL0;0
BlockStat;28; 448; 232;16; 8;RefIdxL0;0
BlockStat;28; 448; 232;16; 8;MVDL0; -12;  -4
BlockStat;28; 448; 232;16; 8;MVL0;-112;   4
BlockStat;28; 448; 232;16; 8;IMVMode;1
BlockStat;28; 448; 232;16; 8;RootCbf;0
BlockStat;28; 464; 224;16;16;Depth;4
BlockStat;28; 464; 224;16;16;QT_Depth;2
BlockStat;28; 464; 224;16;16;BT_Depth;2
BlockStat;28; 464; 224;16;16;MT_Depth;2
BlockStat;28; 464; 224;16;16;ChromaQPAdj;0
BlockStat;28; 464; 224;16;16;QP;38
BlockStat;28; 464; 224;16;16;SplitSeries;100385
BlockStat;28; 464; 224;16;16;SkipFlag;0
BlockStat;28; 464; 224;16;16;PredMode;0
BlockStat;28; 464; 224;16;16;MergeFlag;0
BlockStat;28; 464; 224;16;16;InterDir;1
BlockStat;28; 464; 224;16;16;AffineFlag;1
BlockStat;28; 464; 224;16;16;AffineType;0
BlockStat;28; 464; 224;16;16;MVPIdxL0;0
BlockStat;28; 464; 224;16;16;RefIdxL0;1
BlockStat;28; 464; 224;16;16;AffineMVL0;-333; -34;-332; -27;-340; -33
BlockStat;28; 464; 224;16;16;RootCbf;1
BlockStat;28; 464; 224;16;16;Cbf_Y;1
BlockStat;28; 464; 224;16;16;TransformSkipFlag_Y;0
BlockStat;28; 464; 224;16;16;Cbf_Cb;0
BlockStat;28; 464; 224;16;16;Cbf_Cr;0
BlockStat;28; 448; 240; 8;16;Depth;5
BlockStat;28; 448; 240; 8;16;QT_Depth;2
BlockStat;28; 448; 240; 8;16;BT_Depth;3
BlockStat;28; 448; 240; 8;16;MT_Depth;3
BlockStat;28; 448; 240; 8;16;ChromaQPAdj;0
BlockStat;28; 448; 240; 8;16;QP;38
BlockStat;28; 448; 240; 8;16;SplitSeries;3246113
BlockStat;28; 448; 240; 8;16;SkipFlag;1
BlockStat;28; 448; 240; 8;16;MMVDSkipFlag;0
BlockStat;28; 448; 240; 8;16;PredMode;0
BlockStat;28; 448; 240; 8;16;MergeIdx;43
BlockStat;28; 448; 240; 8;16;MergeType;0
BlockStat;28; 448; 240; 8;16;MMVDMergeFlag;1
BlockStat;28; 448; 240; 8;16;MMVDMergeIdx;43
BlockStat;28; 448; 240; 8;16;MVPIdxL0;255
BlockStat;28; 448; 240; 8;16;RefIdxL0;0
BlockStat;28; 448; 240; 8;16;MVDL0;   0;   0
BlockStat;28; 448; 240; 8;16;MVL0;-112;   0
BlockStat;28; 456; 240; 8;16;Depth;5
BlockStat;28; 456; 240; 8;16;QT_Depth;2
BlockStat;28; 456; 240; 8;16;BT_Depth;3
BlockStat;28; 456; 240; 8;16;MT_Depth;3
BlockStat;28; 456; 240; 8;16;ChromaQPAdj;0
BlockStat;28; 456; 240; 8;16;QP;38
BlockStat;28; 456; 240; 8;16;SplitSeries;3246113
BlockStat;28; 456; 240; 8;16;SkipFlag;0
BlockStat;28; 456; 240; 8;16;PredMode;0
BlockStat;28; 456; 240; 8;16;MergeFlag;0
BlockStat;28; 456; 240; 8;16;InterDir;1
BlockStat;28; 456; 240; 8;16;MVPIdxL0;1
BlockStat;28; 456; 240; 8;16;RefIdxL0;0
BlockStat;28; 456; 240; 8;16;MVDL0;   2;   6
BlockStat;28; 456; 240; 8;16;MVL0;-110;  10
BlockStat;28; 456; 240; 8;16;IMVMode;3
BlockStat;28; 456; 240; 8;16;RootCbf;1
BlockStat;28; 456; 240; 8;16;Cbf_Y;1
BlockStat;28; 456; 240; 8;16;TransformSkipFlag_Y;0
BlockStat;28; 456; 240; 8;16;Cbf_Cb;0
BlockStat;28; 456; 240; 8;16;Cbf_Cr;0
BlockStat;28; 464; 240;16;16;Depth;4
BlockStat;28; 464; 240;16;16;QT_Depth;2
BlockStat;28; 464; 240;16;16;BT_Depth;2
BlockStat;28; 464; 240;16;16;MT_Depth;2
BlockStat;28; 464; 240;16;16;ChromaQPAdj;0
BlockStat;28; 464; 240;16;16;QP;38
BlockStat;28; 464; 240;16;16;SplitSeries;100385
BlockStat;28; 464; 240;16;16;SkipFlag;0
BlockStat;28; 464; 240;16;16;PredMode;0
BlockStat;28; 464; 240;16;16;MergeFlag;0
BlockStat;28; 464; 240;16;16;InterDir;3
BlockStat;28; 464; 240;16;16;AffineFlag;1
BlockStat;28; 464; 240;16;16;AffineType;1
BlockStat;28; 464; 240;16;16;MVPIdxL0;0
BlockStat;28; 464; 240;16;16;RefIdxL0;1
BlockStat;28; 464; 240;16;16;MVPIdxL1;0
BlockStat;28; 464; 240;16;16;RefIdxL1;1
BlockStat;28; 464; 240;16;16;AffineMVL0;-342; -27;-345; -21;-348; -24
BlockStat;28; 464; 240;16;16;AffineMVL1;-341; -31;-341; -25;-347; -31
BlockStat;28; 464; 240;16;16;RootCbf;1
BlockStat;28; 464; 240;16;16;Cbf_Y;1
BlockStat;28; 464; 240;16;16;TransformSkipFlag_Y;0
BlockStat;28; 464; 240;16;16;Cbf_Cb;0
BlockStat;28; 464; 240;16;16;Cbf_Cr;0
BlockStat;28; 480; 224; 8;16;Depth;4
BlockStat;28; 480; 224; 8;16;QT_Depth;3
BlockStat;28; 480; 224; 8;16;BT_Depth;1
BlockStat;28; 480; 224; 8;16;MT_Depth;1
BlockStat;28; 480; 224; 8;16;ChromaQPAdj;0
BlockStat;28; 480; 224; 8;16;QP;38
BlockStat;28; 480; 224; 8;16;SplitSeries;99361
BlockStat;28; 480; 224; 8;16;SkipFlag;0
BlockStat;28; 480; 224; 8;16;PredMode;0
BlockStat;28; 480; 224; 8;16;MergeFlag;0
BlockStat;28; 480; 224; 8;16;InterDir;1
BlockStat;28; 480; 224; 8;16;MVPIdxL0;1
BlockStat;28; 480; 224; 8;16;RefIdxL0;1
BlockStat;28; 480; 224; 8;16;MVDL0;  -6;   6
BlockStat;28; 480; 224; 8;16;MVL0;-335; -23
BlockStat;28; 480; 224; 8;16;IMVMode;0
BlockStat;28; 480; 224; 8;16;RootCbf;0
BlockStat;28; 488; 224; 4; 8;Depth;6
BlockStat;28; 488; 224; 4; 8;QT_Depth;3
BlockStat;28; 488; 224; 4; 8;BT_Depth;3
BlockStat;28; 488; 224; 4; 8;MT_Depth;3
BlockStat;28; 488; 224; 4; 8;ChromaQPAdj;0
BlockStat;28; 488; 224; 4; 8;QP;38
BlockStat;28; 488; 224; 4; 8;SplitSeries;70353953
BlockStat;28; 488; 224; 4; 8;SkipFlag;1
BlockStat;28; 488; 224; 4; 8;MMVDSkipFlag;0
BlockStat;28; 488; 224; 4; 8;PredMode;0
BlockStat;28; 488; 224; 4; 8;MergeIdx;37
BlockStat;28; 488; 224; 4; 8;MergeType;0
BlockStat;28; 488; 224; 4; 8;MMVDMergeFlag;1
BlockStat;28; 488; 224; 4; 8;MMVDMergeIdx;37
BlockStat;28; 488; 224; 4; 8;MVPIdxL0;255
BlockStat;28; 488; 224; 4; 8;RefIdxL0;1
BlockStat;28; 488; 224; 4; 8;MVDL0;   0;   0
BlockStat;28; 488; 224; 4; 8;MVL0;-331; -30
BlockStat;28; 488; 232; 4; 8;Depth;6
BlockStat;28; 488; 232; 4; 8;QT_Depth;3
BlockStat;28; 488; 232; 4; 8;BT_Depth;3
BlockStat;28; 488; 232; 4; 8;MT_Depth;3
BlockStat;28; 488; 232; 4; 8;ChromaQPAdj;0
BlockStat;28; 488; 232; 4; 8;QP;38
BlockStat;28; 488; 232; 4; 8;SplitSeries;70353953
BlockStat;28; 488; 232; 4; 8;SkipFlag;0
BlockStat;28; 488; 232; 4; 8;PredMode;0
BlockStat;28; 488; 232; 4; 8;MergeFlag;0
BlockStat;28; 488; 232; 4; 8;InterDir;1
BlockStat;28; 488; 232; 4; 8;MVPIdxL0;0
BlockStat;28; 488; 232; 4; 8;RefIdxL0;1
BlockStat;28; 488; 232; 4; 8;MVDL0;  -4;  -2
BlockStat;28; 488; 232; 4; 8;MVL0;-338; -24
BlockStat;28; 488; 232; 4; 8;IMVMode;3
BlockStat;28; 488; 232; 4; 8;RootCbf;0
BlockStat;28; 492; 224; 4;16;Depth;5
BlockStat;28; 492; 224; 4;16;QT_Depth;3
BlockStat;28; 492; 224; 4;16;BT_Depth;2
BlockStat;28; 492; 224; 4;16;MT_Depth;2
BlockStat;28; 492; 224; 4;16;ChromaQPAdj;0
BlockStat;28; 492; 224; 4;16;QP;38
BlockStat;28; 492; 224; 4;16;SplitSeries;3245089
BlockStat;28; 492; 224; 4;16;SkipFlag;0
BlockStat;28; 492; 224; 4;16;PredMode;0
BlockStat;28; 492; 224; 4;16;MergeFlag;1
BlockStat;28; 492; 224; 4;16;MergeIdx;0
BlockStat;28; 492; 224; 4;16;MergeType;0
BlockStat;28; 492; 224; 4;16;MMVDMergeFlag;0
BlockStat;28; 492; 224; 4;16;MHIntraFlag;1
BlockStat;28; 492; 224; 4;16;Luma_IntraMode;0
BlockStat;28; 492; 224; 4;16;Chroma_IntraMode;70
BlockStat;28; 492; 224; 4;16;MVPIdxL0;255
BlockStat;28; 492; 224; 4;16;RefIdxL0;1
BlockStat;28; 492; 224; 4;16;MVDL0;   0;   0
BlockStat;28; 492; 224; 4;16;MVL0;-338; -24
BlockStat;28; 492; 224; 4;16;Cbf_Y;1
BlockStat;28; 492; 224; 4;16;TransformSkipFlag_Y;0
BlockStat;28; 492; 224; 4;16;Cbf_Cb;0
BlockStat;28; 492; 224; 4;16;Cbf_Cr;0
BlockStat;28; 496; 224;16;16;Depth;3
BlockStat;28; 496; 224;16;16;QT_Depth;3
BlockStat;28; 496; 224;16;16;BT_Depth;0
BlockStat;28; 496; 224;16;16;MT_Depth;0
BlockStat;28; 496; 224;16;16;ChromaQPAdj;0
BlockStat;28; 496; 224;16;16;QP;38
BlockStat;28; 496; 224;16;16;SplitSeries;1057
BlockStat;28; 496; 224;16;16;SkipFlag;0
BlockStat;28; 496; 224;16;16;PredMode;0
BlockStat;28; 496; 224;16;16;MergeFlag;0
BlockStat;28; 496; 224;16;16;InterDir;1
BlockStat;28; 496; 224;16;16;AffineFlag;0
BlockStat;28; 496; 224;16;16;MVPIdxL0;0
BlockStat;28; 496; 224;16;16;RefIdxL0;1
BlockStat;28; 496; 224;16;16;MVDL0; 676;-116
BlockStat;28; 496; 224;16;16;MVL0; 340;-140
BlockStat;28; 496; 224;16;16;IMVMode;1
BlockStat;28; 496; 224;16;16;RootCbf;0
BlockStat;28; 480; 240; 8;16;Depth;4
BlockStat;28; 480; 240; 8;16;QT_Depth;3
BlockStat;28; 480; 240; 8;16;BT_Depth;1
BlockStat;28; 480; 240; 8;16;MT_Depth;1
BlockStat;28; 480; 240; 8;16;ChromaQPAdj;0
BlockStat;28; 480; 240; 8;16;QP;38
BlockStat;28; 480; 240; 8;16;SplitSeries;99361
BlockStat;28; 480; 240; 8;16;SkipFlag;0
BlockStat;28; 480; 240; 8;16;PredMode;0
BlockStat;28; 480; 240; 8;16;MergeFlag;1
BlockStat;28; 480; 240; 8;16;MergeIdx;4
BlockStat;28; 480; 240; 8;16;MergeType;0
BlockStat;28; 480; 240; 8;16;MMVDMergeFlag;0
BlockStat;28; 480; 240; 8;16;AffineFlag;1
BlockStat;28; 480; 240; 8;16;MVPIdxL0;0
BlockStat;28; 480; 240; 8;16;RefIdxL0;1
BlockStat;28; 480; 240; 8;16;AffineMVL0;-339; -24;-337; -21;-348; -17
BlockStat;28; 480; 240; 8;16;Cbf_Y;1
BlockStat;28; 480; 240; 8;16;TransformSkipFlag_Y;0
BlockStat;28; 480; 240; 8;16;Cbf_Cb;0
BlockStat;28; 480; 240; 8;16;Cbf_Cr;0
BlockStat;28; 488; 240; 4; 4;Depth;6
BlockStat;28; 488; 240; 4; 4;QT_Depth;3
BlockStat;28; 488; 240; 4; 4;BT_Depth;4
BlockStat;28; 488; 240; 4; 4;MT_Depth;3
BlockStat;28; 488; 240; 4; 4;ChromaQPAdj;0
BlockStat;28; 488; 240; 4; 4;QP;38
BlockStat;28; 488; 240; 4; 4;SplitSeries;137462817
BlockStat;28; 488; 240; 4; 4;SkipFlag;0
BlockStat;28; 488; 240; 4; 4;PredMode;1
BlockStat;28; 488; 240; 4; 4;Luma_IntraMode;0
BlockStat;28; 488; 240; 4; 4;MultiRefIdx;0
BlockStat;28; 488; 240; 4; 4;Cbf_Y;1
BlockStat;28; 488; 240; 4; 4;TransformSkipFlag_Y;2
BlockStat;28; 488; 244; 4; 8;Depth;6
BlockStat;28; 488; 244; 4; 8;QT_Depth;3
BlockStat;28; 488; 244; 4; 8;BT_Depth;3
BlockStat;28; 488; 244; 4; 8;MT_Depth;3
BlockStat;28; 488; 244; 4; 8;ChromaQPAdj;0
BlockStat;28; 488; 244; 4; 8;QP;38
BlockStat;28; 488; 244; 4; 8;SplitSeries;137462817
BlockStat;28; 488; 244; 4; 8;SkipFlag;0
BlockStat;28; 488; 244; 4; 8;PredMode;1
BlockStat;28; 488; 244; 4; 8;Luma_IntraMode;0
BlockStat;28; 488; 244; 4; 8;MultiRefIdx;0
BlockStat;28; 488; 244; 4; 8;Cbf_Y;1
BlockStat;28; 488; 244; 4; 8;TransformSkipFlag_Y;0
BlockStat;28; 488; 252; 4; 4;Depth;6
BlockStat;28; 488; 252; 4; 4;QT_Depth;3
BlockStat;28; 488; 252; 4; 4;BT_Depth;4
BlockStat;28; 488; 252; 4; 4;MT_Depth;3
BlockStat;28; 488; 252; 4; 4;ChromaQPAdj;0
BlockStat;28; 488; 252; 4; 4;QP;38
BlockStat;28; 488; 252; 4; 4;SplitSeries;137462817
BlockStat;28; 488; 252; 4; 4;SkipFlag;0
BlockStat;28; 488; 252; 4; 4;PredMode;1
BlockStat;28; 488; 252; 4; 4;Luma_IntraMode;1
BlockStat;28; 488; 252; 4; 4;MultiRefIdx;1
BlockStat;28; 488; 252; 4; 4;Cbf_Y;0
BlockStat;28; 488; 252; 4; 4;TransformSkipFlag_Y;0
BlockStat;28;   0;   0; 0; 0;Depth;5
BlockStat;28;   0;   0; 0; 0;QT_Depth;3
BlockStat;28;   0;   0; 0; 0;BT_Depth;2
BlockStat;28;   0;   0; 0; 0;MT_Depth;2
BlockStat;28;   0;   0; 0; 0;ChromaQPAdj;0
BlockStat;28;   0;   0; 0; 0;QP;38
BlockStat;28;   0;   0; 0; 0;SplitSeries;3245089
BlockStat;28;   0;   0; 0; 0;PredMode;1
BlockStat;28; 488; 240; 4;16;Chroma_IntraMode;0
BlockStat;28; 488; 240; 4;16;Cbf_Cb;0
BlockStat;28; 488; 240; 4;16;Cbf_Cr;0
BlockStat;28; 492; 240; 4;16;Depth;5
BlockStat;28; 492; 240; 4;16;QT_Depth;3
BlockStat;28; 492; 240; 4;16;BT_Depth;2
BlockStat;28; 492; 240; 4;16;MT_Depth;2
BlockStat;28; 492; 240; 4;16;ChromaQPAdj;0
BlockStat;28; 492; 240; 4;16;QP;38
BlockStat;28; 492; 240; 4;16;SplitSeries;3245089
BlockStat;28; 492; 240; 4;16;SkipFlag;0
BlockStat;28; 492; 240; 4;16;PredMode;1
BlockStat;28; 492; 240; 4;16;Luma_IntraMode;50
BlockStat;28; 492; 240; 4;16;Chroma_IntraMode;50
BlockStat;28; 492; 240; 4;16;MultiRefIdx;0
BlockStat;28; 492; 240; 4;16;Cbf_Y;1
BlockStat;28; 492; 240; 4;16;TransformSkipFlag_Y;2
BlockStat;28; 492; 240; 4;16;Cbf_Cb;0
BlockStat;28; 492; 240; 4;16;Cbf_Cr;0
BlockStat;28; 496; 240;16;16;Depth;3
BlockStat;28; 496; 240;16;16;QT_Depth;3
BlockStat;28; 496; 240;16;16;BT_Depth;0
BlockStat;28; 496; 240;16;16;MT_Depth;0
BlockStat;28; 496; 240;16;16;ChromaQPAdj;0
BlockStat;28; 496; 240;16;16;QP;38
BlockStat;28; 496; 240;16;16;SplitSeries;1057
BlockStat;28; 496; 240;16;16;SkipFlag;0
BlockStat;28; 496; 240;16;16;PredMode;1
BlockStat;28; 496; 240;16;16;Luma_IntraMode;50
BlockStat;28; 496; 240;16;16;Chroma_IntraMode;67
BlockStat;28; 496; 240;16;16;MultiRefIdx;0
BlockStat;28; 496; 240;16;16;Cbf_Y;0
BlockStat;28; 496; 240;16;16;TransformSkipFlag_Y;0
BlockStat;28; 496; 240;16;16;Cbf_Cb;0
BlockStat;28; 496; 240;16;16;Cbf_Cr;0
BlockStat;28; 512; 128;16;16;Depth;4
BlockStat;28; 512; 128;16;16;QT_Depth;2
BlockStat;28; 512; 128;16;16;BT_Depth;2
BlockStat;28; 512; 128;16;16;MT_Depth;2
BlockStat;28; 512; 128;16;16;ChromaQPAdj;0
BlockStat;28; 512; 128;16;16;QP;38
BlockStat;28; 512; 128;16;16;SplitSeries;100385
BlockStat;28; 512; 128;16;16;SkipFlag;0
BlockStat;28; 512; 128;16;16;PredMode;0
BlockStat;28; 512; 128;16;16;MergeFlag;0
BlockStat;28; 512; 128;16;16;InterDir;3
BlockStat;28; 512; 128;16;16;AffineFlag;0
BlockStat;28; 512; 128;16;16;MVPIdxL0;0
BlockStat;28; 512; 128;16;16;RefIdxL0;1
BlockStat;28; 512; 128;16;16;MVPIdxL1;1
BlockStat;28; 512; 128;16;16;RefIdxL1;0
BlockStat;28; 512; 128;16;16;MVDL0;  44;   8
BlockStat;28; 512; 128;16;16;MVL0;-292; -16
BlockStat;28; 512; 128;16;16;MVDL1;   0;   0
BlockStat;28; 512; 128;16;16;MVL1;-108;  12
BlockStat;28; 512; 128;16;16;IMVMode;1
BlockStat;28; 512; 128;16;16;RootCbf;0
BlockStat;28; 528; 128; 4;16;Depth;5
BlockStat;28; 528; 128; 4;16;QT_Depth;2
BlockStat;28; 528; 128; 4;16;BT_Depth;4
BlockStat;28; 528; 128; 4;16;MT_Depth;3
BlockStat;28; 528; 128; 4;16;ChromaQPAdj;0
BlockStat;28; 528; 128; 4;16;QP;38
BlockStat;28; 528; 128; 4;16;SplitSeries;5343265
BlockStat;28; 528; 128; 4;16;SkipFlag;0
BlockStat;28; 528; 128; 4;16;PredMode;0
BlockStat;28; 528; 128; 4;16;MergeFlag;1
BlockStat;28; 528; 128; 4;16;MergeIdx;5
BlockStat;28; 528; 128; 4;16;MergeType;0
BlockStat;28; 528; 128; 4;16;MMVDMergeFlag;1
BlockStat;28; 528; 128; 4;16;MMVDMergeIdx;5
BlockStat;28; 528; 128; 4;16;MVPIdxL0;255
BlockStat;28; 528; 128; 4;16;RefIdxL0;1
BlockStat;28; 528; 128; 4;16;MVPIdxL1;255
BlockStat;28; 528; 128; 4;16;RefIdxL1;0
BlockStat;28; 528; 128; 4;16;MVDL0;   0;   0
BlockStat;28; 528; 128; 4;16;MVL0;-294; -16
BlockStat;28; 528; 128; 4;16;MVDL1;   0;   0
BlockStat;28; 528; 128; 4;16;MVL1;-109;  12
BlockStat;28; 528; 128; 4;16;Cbf_Y;1
BlockStat;28; 528; 128; 4;16;TransformSkipFlag_Y;0
BlockStat;28; 528; 128; 4;16;Cbf_Cb;0
BlockStat;28; 528; 128; 4;16;Cbf_Cr;0
BlockStat;28; 532; 128; 8;16;Depth;5
BlockStat;28; 532; 128; 8;16;QT_Depth;2
BlockStat;28; 532; 128; 8;16;BT_Depth;3
BlockStat;28; 532; 128; 8;16;MT_Depth;3
BlockStat;28; 532; 128; 8;16;ChromaQPAdj;0
BlockStat;28; 532; 128; 8;16;QP;38
BlockStat;28; 532; 128; 8;16;SplitSeries;5343265
BlockStat;28; 532; 128; 8;16;SkipFlag;0
BlockStat;28; 532; 128; 8;16;PredMode;0
BlockStat;28; 532; 128; 8;16;MergeFlag;1
BlockStat;28; 532; 128; 8;16;MergeIdx;36
BlockStat;28; 532; 128; 8;16;MergeType;0
BlockStat;28; 532; 128; 8;16;MMVDMergeFlag;1
BlockStat;28; 532; 128; 8;16;MMVDMergeIdx;36
BlockStat;28; 532; 128; 8;16;MVPIdxL0;255
BlockStat;28; 532; 128; 8;16;RefIdxL0;0
BlockStat;28; 532; 128; 8;16;MVDL0;   0;   0
BlockStat;28; 532; 128; 8;16;MVL0;  54; -12
BlockStat;28; 532; 128; 8;16;Cbf_Y;1
BlockStat;28; 532; 128; 8;16;TransformSkipFlag_Y;0
BlockStat;28; 532; 128; 8;16;Cbf_Cb;0
BlockStat;28; 532; 128; 8;16;Cbf_Cr;1
BlockStat;28; 540; 128; 4;16;Depth;5
BlockStat;28; 540; 128; 4;16;QT_Depth;2
BlockStat;28; 540; 128; 4;16;BT_Depth;4
BlockStat;28; 540; 128; 4;16;MT_Depth;3
BlockStat;28; 540; 128; 4;16;ChromaQPAdj;0
BlockStat;28; 540; 128; 4;16;QP;38
BlockStat;28; 540; 128; 4;16;SplitSeries;5343265
BlockStat;28; 540; 128; 4;16;SkipFlag;0
BlockStat;28; 540; 128; 4;16;PredMode;0
BlockStat;28; 540; 128; 4;16;MergeFlag;1
BlockStat;28; 540; 128; 4;16;MergeIdx;0
BlockStat;28; 540; 128; 4;16;MergeType;0
BlockStat;28; 540; 128; 4;16;MMVDMergeFlag;0
BlockStat;28; 540; 128; 4;16;MHIntraFlag;1
BlockStat;28; 540; 128; 4;16;Luma_IntraMode;0
BlockStat;28; 540; 128; 4;16;Chroma_IntraMode;70
BlockStat;28; 540; 128; 4;16;MVPIdxL0;255
BlockStat;28; 540; 128; 4;16;RefIdxL0;0
BlockStat;28; 540; 128; 4;16;MVDL0;   0;   0
BlockStat;28; 540; 128; 4;16;MVL0;  54; -12
BlockStat;28; 540; 128; 4;16;Cbf_Y;1
BlockStat;28; 540; 128; 4;16;TransformSkipFlag_Y;0
BlockStat;28; 540; 128; 4;16;Cbf_Cb;0
BlockStat;28; 540; 128; 4;16;Cbf_Cr;0
BlockStat;28; 512; 144;32;16;Depth;3
BlockStat;28; 512; 144;32;16;QT_Depth;2
BlockStat;28; 512; 144;32;16;BT_Depth;1
BlockStat;28; 512; 144;32;16;MT_Depth;1
BlockStat;28; 512; 144;32;16;ChromaQPAdj;0
BlockStat;28; 512; 144;32;16;QP;38
BlockStat;28; 512; 144;32;16;SplitSeries;2081
BlockStat;28; 512; 144;32;16;SkipFlag;0
BlockStat;28; 512; 144;32;16;PredMode;1
BlockStat;28; 512; 144;32;16;Luma_IntraMode;10
BlockStat;28; 512; 144;32;16;Chroma_IntraMode;0
BlockStat;28; 512; 144;32;16;MultiRefIdx;0
BlockStat;28; 512; 144;32;16;Cbf_Y;1
BlockStat;28; 512; 144;32;16;TransformSkipFlag_Y;0
BlockStat;28; 512; 144;32;16;Cbf_Cb;0
BlockStat;28; 512; 144;32;16;Cbf_Cr;0
BlockStat;28; 544; 128;16;16;Depth;4
BlockStat;28; 544; 128;16;16;QT_Depth;2
BlockStat;28; 544; 128;16;16;BT_Depth;2
BlockStat;28; 544; 128;16;16;MT_Depth;2
BlockStat;28; 544; 128;16;16;ChromaQPAdj;0
BlockStat;28; 544; 128;16;16;QP;38
BlockStat;28; 544; 128;16;16;SplitSeries;100385
BlockStat;28; 544; 128;16;16;SkipFlag;0
BlockStat;28; 544; 128;16;16;PredMode;1
BlockStat;28; 544; 128;16;16;Luma_IntraMode;0
BlockStat;28; 544; 128;16;16;Chroma_IntraMode;18
BlockStat;28; 544; 128;16;16;MultiRefIdx;0
BlockStat;28; 544; 128;16;16;Cbf_Y;1
BlockStat;28; 544; 128;16;16;TransformSkipFlag_Y;0
BlockStat;28; 544; 128;16;16;Cbf_Cb;0
BlockStat;28; 544; 128;16;16;Cbf_Cr;1
BlockStat;28; 560; 128;16;16;Depth;4
BlockStat;28; 560; 128;16;16;QT_Depth;2
BlockStat;28; 560; 128;16;16;BT_Depth;2
BlockStat;28; 560; 128;16;16;MT_Depth;2
BlockStat;28; 560; 128;16;16;ChromaQPAdj;0
BlockStat;28; 560; 128;16;16;QP;38
BlockStat;28; 560; 128;16;16;SplitSeries;100385
BlockStat;28; 560; 128;16;16;SkipFlag;0
BlockStat;28; 560; 128;16;16;PredMode;1
BlockStat;28; 560; 128;16;16;Luma_IntraMode;0
BlockStat;28; 560; 128;16;16;Chroma_IntraMode;0
BlockStat;28; 560; 128;16;16;MultiRefIdx;0
BlockStat;28; 560; 128;16;16;Cbf_Y;1
BlockStat;28; 560; 128;16;16;TransformSkipFlag_Y;0
BlockStat;28; 560; 128;16;16;Cbf_Cb;0
BlockStat;28; 560; 128;16;16;Cbf_Cr;1
BlockStat;28; 544; 144;32; 8;Depth;4
BlockStat;28; 544; 144;32; 8;QT_Depth;2
BlockStat;28; 544; 144;32; 8;BT_Depth;2
BlockStat;28; 544; 144;32; 8;MT_Depth;2
BlockStat;28; 544; 144;32; 8;ChromaQPAdj;0
BlockStat;28; 544; 144;32; 8;QP;38
BlockStat;28; 544; 144;32; 8;SplitSeries;67617
BlockStat;28; 544; 144;32; 8;SkipFlag;0
BlockStat;28; 544; 144;32; 8;PredMode;1
BlockStat;28; 544; 144;32; 8;Luma_IntraMode;0
BlockStat;28; 544; 144;32; 8;Chroma_IntraMode;0
BlockStat;28; 544; 144;32; 8;MultiRefIdx;0
BlockStat;28; 544; 144;32; 8;Cbf_Y;1
BlockStat;28; 544; 144;32; 8;TransformSkipFlag_Y;2
BlockStat;28; 544; 144;32; 8;Cbf_Cb;0
BlockStat;28; 544; 144;32; 8;Cbf_Cr;1
BlockStat;28; 544; 152; 8; 8;Depth;5
BlockStat;28; 544; 152; 8; 8;QT_Depth;2
BlockStat;28; 544; 152; 8; 8;BT_Depth;4
BlockStat;28; 544; 152; 8; 8;MT_Depth;3
BlockStat;28; 544; 152; 8; 8;ChromaQPAdj;0
BlockStat;28; 544; 152; 8; 8;QP;38
BlockStat;28; 544; 152; 8; 8;SplitSeries;5310497
BlockStat;28; 544; 152; 8; 8;SkipFlag;0
BlockStat;28; 544; 152; 8; 8;PredMode;1
BlockStat;28; 544; 152; 8; 8;Luma_IntraMode;10
BlockStat;28; 544; 152; 8; 8;Chroma_IntraMode;0
BlockStat;28; 544; 152; 8; 8;MultiRefIdx;0
BlockStat;28; 544; 152; 8; 8;Cbf_Y;1
BlockStat;28; 544; 152; 8; 8;TransformSkipFlag_Y;1
BlockStat;28; 544; 152; 8; 8;Cbf_Cb;0
BlockStat;28; 544; 152; 8; 8;Cbf_Cr;0
BlockStat;28; 552; 152;16; 8;Depth;5
BlockStat;28; 552; 152;16; 8;QT_Depth;2
BlockStat;28; 552; 152;16; 8;BT_Depth;3
BlockStat;28; 552; 152;16; 8;MT_Depth;3
BlockStat;28; 552; 152;16; 8;ChromaQPAdj;0
BlockStat;28; 552; 152;16; 8;QP;38
BlockStat;28; 552; 152;16; 8;SplitSeries;5310497
BlockStat;28; 552; 152;16; 8;SkipFlag;0
BlockStat;28; 552; 152;16; 8;PredMode;1
BlockStat;28; 552; 152;16; 8;Luma_IntraMode;26
BlockStat;28; 552; 152;16; 8;Chroma_IntraMode;26
BlockStat;28; 552; 152;16; 8;MultiRefIdx;0
BlockStat;28; 552; 152;16; 8;Cbf_Y;1
BlockStat;28; 552; 152;16; 8;TransformSkipFlag_Y;2
BlockStat;28; 552; 152;16; 8;Cbf_Cb;0
BlockStat;28; 552; 152;16; 8;Cbf_Cr;0
BlockStat;28; 568; 152; 8; 8;Depth;5
BlockStat;28; 568; 152; 8; 8;QT_Depth;2
BlockStat;28; 568; 152; 8; 8;BT_Depth;4
BlockStat;28; 568; 152; 8; 8;MT_Depth;3
BlockStat;28; 568; 152; 8; 8;ChromaQPAdj;0
BlockStat;28; 568; 152; 8; 8;QP;38
BlockStat;28; 568; 152; 8; 8;SplitSeries;5310497
BlockStat;28; 568; 152; 8; 8;SkipFlag;0
BlockStat;28; 568; 152; 8; 8;PredMode;1
BlockStat;28; 568; 152; 8; 8;Luma_IntraMode;0
BlockStat;28; 568; 152; 8; 8;Chroma_IntraMode;0
BlockStat;28; 568; 152; 8; 8;MultiRefIdx;0
BlockStat;28; 568; 152; 8; 8;Cbf_Y;1
BlockStat;28; 568; 152; 8; 8;TransformSkipFlag_Y;0
BlockStat;28; 568; 152; 8; 8;Cbf_Cb;0
BlockStat;28; 568; 152; 8; 8;Cbf_Cr;0
BlockStat;28; 512; 160;16;32;Depth;3
BlockStat;28; 512; 160;16;32;QT_Depth;2
BlockStat;28; 512; 160;16;32;BT_Depth;1
BlockStat;28; 512; 160;16;32;MT_Depth;1
BlockStat;28; 512; 160;16;32;ChromaQPAdj;0
BlockStat;28; 512; 160;16;32;QP;38
BlockStat;28; 512; 160;16;32;SplitSeries;3105
BlockStat;28; 512; 160;16;32;SkipFlag;0
BlockStat;28; 512; 160;16;32;PredMode;1
BlockStat;28; 512; 160;16;32;Luma_IntraMode;2
BlockStat;28; 512; 160;16;32;Chroma_IntraMode;0
BlockStat;28; 512; 160;16;32;MultiRefIdx;0
BlockStat;28; 512; 160;16;32;Cbf_Y;1
BlockStat;28; 512; 160;16;32;TransformSkipFlag_Y;0
BlockStat;28; 512; 160;16;32;Cbf_Cb;0
BlockStat;28; 512; 160;16;32;Cbf_Cr;0
BlockStat;28; 528; 160;16;32;Depth;3
BlockStat;28; 528; 160;16;32;QT_Depth;2
BlockStat;28; 528; 160;16;32;BT_Depth;1
BlockStat;28; 528; 160;16;32;MT_Depth;1
BlockStat;28; 528; 160;16;32;ChromaQPAdj;0
BlockStat;28; 528; 160;16;32;QP;38
BlockStat;28; 528; 160;16;32;SplitSeries;3105
BlockStat;28; 528; 160;16;32;SkipFlag;0
BlockStat;28; 528; 160;16;32;PredMode;1
BlockStat;28; 528; 160;16;32;Luma_IntraMode;2
BlockStat;28; 528; 160;16;32;Chroma_IntraMode;0
BlockStat;28; 528; 160;16;32;MultiRefIdx;0
BlockStat;28; 528; 160;16;32;Cbf_Y;1
BlockStat;28; 528; 160;16;32;TransformSkipFlag_Y;0
BlockStat;28; 528; 160;16;32;Cbf_Cb;0
BlockStat;28; 528; 160;16;32;Cbf_Cr;0
BlockStat;28; 544; 160;16; 4;Depth;5
BlockStat;28; 544; 160;16; 4;QT_Depth;2
BlockStat;28; 544; 160;16; 4;BT_Depth;4
BlockStat;28; 544; 160;16; 4;MT_Depth;3
BlockStat;28; 544; 160;16; 4;ChromaQPAdj;0
BlockStat;28; 544; 160;16; 4;QP;38
BlockStat;28; 544; 160;16; 4;SplitSeries;2199585
BlockStat;28; 544; 160;16; 4;SkipFlag;0
BlockStat;28; 544; 160;16; 4;PredMode;1
BlockStat;28; 544; 160;16; 4;Luma_IntraMode;28
BlockStat;28; 544; 160;16; 4;Chroma_IntraMode;28
BlockStat;28; 544; 160;16; 4;MultiRefIdx;0
BlockStat;28; 544; 160;16; 1;Cbf_Y;2
BlockStat;28; 544; 160;16; 1;TransformSkipFlag_Y;0
BlockStat;28;   0;   0; 0; 0;Cbf_Cb;0
BlockStat;28;   0;   0; 0; 0;Cbf_Cr;0
BlockStat;28; 544; 161;16; 1;Cbf_Y;2
BlockStat;28; 544; 161;16; 1;TransformSkipFlag_Y;0
BlockStat;28;   0;   0; 0; 0;Cbf_Cb;0
BlockStat;28;   0;   0; 0; 0;Cbf_Cr;0
BlockStat;28; 544; 162;16; 1;Cbf_Y;0
BlockStat;28; 544; 162;16; 1;TransformSkipFlag_Y;0
BlockStat;28;   0;   0; 0; 0;Cbf_Cb;0
BlockStat;28;   0;   0; 0; 0;Cbf_Cr;0
BlockStat;28; 544; 163;16; 1;Cbf_Y;2
BlockStat;28; 544; 163;16; 1;TransformSkipFlag_Y;0
BlockStat;28; 544; 160;16; 4;Cbf_Cb;0
BlockStat;28; 544; 160;16; 4;Cbf_Cr;0
BlockStat;28; 544; 164;16; 4;Depth;5
BlockStat;28; 544; 164;16; 4;QT_Depth;2
BlockStat;28; 544; 164;16; 4;BT_Depth;4
BlockStat;28; 544; 164;16; 4;MT_Depth;3
BlockStat;28; 544; 164;16; 4;ChromaQPAdj;0
BlockStat;28; 544; 164;16; 4;QP;38
BlockStat;28; 544; 164;16; 4;SplitSeries;2199585
BlockStat;28; 544; 164;16; 4;SkipFlag;0
BlockStat;28; 544; 164;16; 4;PredMode;1
BlockStat;28; 544; 164;16; 4;Luma_IntraMode;28
BlockStat;28; 544; 164;16; 4;Chroma_IntraMode;28
BlockStat;28; 544; 164;16; 4;MultiRefIdx;3
BlockStat;28; 544; 164;16; 4;Cbf_Y;1
BlockStat;28; 544; 164;16; 4;TransformSkipFlag_Y;0
BlockStat;28; 544; 164;16; 4;Cbf_Cb;0
BlockStat;28; 544; 164;16; 4;Cbf_Cr;0
BlockStat;28; 560; 160;16; 8;Depth;4
BlockStat;28; 560; 160;16; 8;QT_Depth;2
BlockStat;28; 560; 160;16; 8;BT_Depth;3
BlockStat;28; 560; 160;16; 8;MT_Depth;2
BlockStat;28; 560; 160;16; 8;ChromaQPAdj;0
BlockStat;28; 560; 160;16; 8;QP;38
BlockStat;28; 560; 160;16; 8;SplitSeries;102433
BlockStat;28; 560; 160;16; 8;SkipFlag;0
BlockStat;28; 560; 160;16; 8;PredMode;1
BlockStat;28; 560; 160;16; 8;Luma_IntraMode;0
BlockStat;28; 560; 160;16; 8;Chroma_IntraMode;0
BlockStat;28; 560; 160;16; 8;MultiRefIdx;0
BlockStat;28; 560; 160;16; 8;Cbf_Y;1
BlockStat;28; 560; 160;16; 8;TransformSkipFlag_Y;0
BlockStat;28; 560; 160;16; 8;Cbf_Cb;0
BlockStat;28; 560; 160;16; 8;Cbf_Cr;0
BlockStat;28; 544; 168;32;16;Depth;3
BlockStat;28; 544; 168;32;16;QT_Depth;2
BlockStat;28; 544; 168;32;16;BT_Depth;1
BlockStat;28; 544; 168;32;16;MT_Depth;1
BlockStat;28; 544; 168;32;16;ChromaQPAdj;0
BlockStat;28; 544; 168;32;16;QP;38
BlockStat;28; 544; 168;32;16;SplitSeries;4129
BlockStat;28; 544; 168;32;16;SkipFlag;0
BlockStat;28; 544; 168;32;16;PredMode;1
BlockStat;28; 544; 168;32;16;Luma_IntraMode;1
BlockStat;28; 544; 168;32;16;Chroma_IntraMode;0
BlockStat;28; 544; 168;32;16;MultiRefIdx;0
BlockStat;28; 544; 168;32;16;Cbf_Y;1
BlockStat;28; 544; 168;32;16;TransformSkipFlag_Y;2
BlockStat;28; 544; 168;32;16;Cbf_Cb;0
BlockStat;28; 544; 168;32;16;Cbf_Cr;0
BlockStat;28; 544; 184;32; 8;Depth;3
BlockStat;28; 544; 184;32; 8;QT_Depth;2
BlockStat;28; 544; 184;32; 8;BT_Depth;2
BlockStat;28; 544; 184;32; 8;MT_Depth;1
BlockStat;28; 544; 184;32; 8;ChromaQPAdj;0
BlockStat;28; 544; 184;32; 8;QP;38
BlockStat;28; 544; 184;32; 8;SplitSeries;4129
BlockStat;28; 544; 184;32; 8;SkipFlag;0
BlockStat;28; 544; 184;32; 8;PredMode;1
BlockStat;28; 544; 184;32; 8;Luma_IntraMode;34
BlockStat;28; 544; 184;32; 8;Chroma_IntraMode;34
BlockStat;28; 544; 184;32; 8;MultiRefIdx;0
BlockStat;28; 544; 184; 8; 8;Cbf_Y;0
BlockStat;28; 544; 184; 8; 8;TransformSkipFlag_Y;0
BlockStat;28;   0;   0; 0; 0;Cbf_Cb;0
BlockStat;28;   0;   0; 0; 0;Cbf_Cr;0
BlockStat;28; 552; 184; 8; 8;Cbf_Y;0
BlockStat;28; 552; 184; 8; 8;TransformSkipFlag_Y;0
BlockStat;28;   0;   0; 0; 0;Cbf_Cb;0
BlockStat;28;   0;   0; 0; 0;Cbf_Cr;0
BlockStat;28; 560; 184; 8; 8;Cbf_Y;0
BlockStat;28; 560; 184; 8; 8;TransformSkipFlag_Y;0
BlockStat;28;   0;   0; 0; 0;Cbf_Cb;0
BlockStat;28;   0;   0; 0; 0;Cbf_Cr;0
BlockStat;28; 568; 184; 8; 8;Cbf_Y;2
BlockStat;28; 568; 184; 8; 8;TransformSkipFlag_Y;0
BlockStat;28; 544; 184;32; 8;Cbf_Cb;0
BlockStat;28; 544; 184;32; 8;Cbf_Cr;0
BlockStat;28; 576; 128; 8;16;Depth;5
BlockStat;28; 576; 128; 8;16;QT_Depth;2
BlockStat;28; 576; 128; 8;16;BT_Depth;3
BlockStat;28; 576; 128; 8;16;MT_Depth;3
BlockStat;28; 576; 128; 8;16;ChromaQPAdj;0
BlockStat;28; 576; 128; 8;16;QP;38
BlockStat;28; 576; 128; 8;16;SplitSeries;3214369
BlockStat;28; 576; 128; 8;16;SkipFlag;0
BlockStat;28; 576; 128; 8;16;PredMode;1
BlockStat;28; 576; 128; 8;16;Luma_IntraMode;0
BlockStat;28; 576; 128; 8;16;Chroma_IntraMode;67
BlockStat;28; 576; 128; 8;16;MultiRefIdx;0
BlockStat;28; 576; 128; 8;16;Cbf_Y;1
BlockStat;28; 576; 128; 8;16;TransformSkipFlag_Y;0
BlockStat;28; 576; 128; 8;16;Cbf_Cb;0
BlockStat;28; 576; 128; 8;16;Cbf_Cr;0
BlockStat;28; 584; 128; 8;16;Depth;5
BlockStat;28; 584; 128; 8;16;QT_Depth;2
BlockStat;28; 584; 128; 8;16;BT_Depth;3
BlockStat;28; 584; 128; 8;16;MT_Depth;3
BlockStat;28; 584; 128; 8;16;ChromaQPAdj;0
BlockStat;28; 584; 128; 8;16;QP;38
BlockStat;28; 584; 128; 8;16;SplitSeries;3214369
BlockStat;28; 584; 128; 8;16;SkipFlag;0
BlockStat;28; 584; 128; 8;16;PredMode;0
BlockStat;28; 584; 128; 8;16;MergeFlag;0
BlockStat;28; 584; 128; 8;16;InterDir;1
BlockStat;28; 584; 128; 8;16;MVPIdxL0;0
BlockStat;28; 584; 128; 8;16;RefIdxL0;1
BlockStat;28; 584; 128; 8;16;MVDL0;  20; -28
BlockStat;28; 584; 128; 8;16;MVL0;-316; -52
BlockStat;28; 584; 128; 8;16;IMVMode;1
BlockStat;28; 584; 128; 8;16;RootCbf;1
BlockStat;28; 584; 128; 8;12;Cbf_Y;0
BlockStat;28; 584; 128; 8;12;TransformSkipFlag_Y;0
BlockStat;28; 584; 128; 8;12;Cbf_Cb;0
BlockStat;28; 584; 128; 8;12;Cbf_Cr;0
BlockStat;28; 584; 140; 8; 4;Cbf_Y;2
BlockStat;28; 584; 140; 8; 4;TransformSkipFlag_Y;0
BlockStat;28; 584; 140; 8; 4;Cbf_Cb;0
BlockStat;28; 584; 140; 8; 4;Cbf_Cr;0
BlockStat;28; 576; 144;16;16;Depth;4
BlockStat;28; 576; 144;16;16;QT_Depth;2
BlockStat;28; 576; 144;16;16;BT_Depth;2
BlockStat;28; 576; 144;16;16;MT_Depth;2
BlockStat;28; 576; 144;16;16;ChromaQPAdj;0
BlockStat;28; 576; 144;16;16;QP;38
BlockStat;28; 576; 144;16;16;SplitSeries;68641
BlockStat;28; 576; 144;16;16;SkipFlag;0
BlockStat;28; 576; 144;16;16;PredMode;1
BlockStat;28; 576; 144;16;16;Luma_IntraMode;8
BlockStat;28; 576; 144;16;16;Chroma_IntraMode;67
BlockStat;28; 576; 144;16;16;MultiRefIdx;0
BlockStat;28; 576; 144;16;16;Cbf_Y;1
BlockStat;28; 576; 144;16;16;TransformSkipFlag_Y;0
BlockStat;28; 576; 144;16;16;Cbf_Cb;0
BlockStat;28; 576; 144;16;16;Cbf_Cr;0
BlockStat;28; 592; 128; 4;16;Depth;5
BlockStat;28; 592; 128; 4;16;QT_Depth;2
BlockStat;28; 592; 128; 4;16;BT_Depth;4
BlockStat;28; 592; 128; 4;16;MT_Depth;3
BlockStat;28; 592; 128; 4;16;ChromaQPAdj;0
BlockStat;28; 592; 128; 4;16;QP;38
BlockStat;28; 592; 128; 4;16;SplitSeries;5311521
BlockStat;28; 592; 128; 4;16;SkipFlag;1
BlockStat;28; 592; 128; 4;16;MMVDSkipFlag;0
BlockStat;28; 592; 128; 4;16;PredMode;0
BlockStat;28; 592; 128; 4;16;MergeIdx;0
BlockStat;28; 592; 128; 4;16;MergeType;0
BlockStat;28; 592; 128; 4;16;MMVDMergeFlag;0
BlockStat;28; 592; 128; 4;16;MVPIdxL0;255
BlockStat;28; 592; 128; 4;16;RefIdxL0;1
BlockStat;28; 592; 128; 4;16;MVDL0;   0;   0
BlockStat;28; 592; 128; 4;16;MVL0;-316; -52
BlockStat;28; 596; 128; 8;16;Depth;5
BlockStat;28; 596; 128; 8;16;QT_Depth;2
BlockStat;28; 596; 128; 8;16;BT_Depth;3
BlockStat;28; 596; 128; 8;16;MT_Depth;3
BlockStat;28; 596; 128; 8;16;ChromaQPAdj;0
BlockStat;28; 596; 128; 8;16;QP;38
BlockStat;28; 596; 128; 8;16;SplitSeries;5311521
BlockStat;28; 596; 128; 8;16;SkipFlag;0
BlockStat;28; 596; 128; 8;16;PredMode;1
BlockStat;28; 596; 128; 8;16;Luma_IntraMode;10
BlockStat;28; 596; 128; 8;16;Chroma_IntraMode;67
BlockStat;28; 596; 128; 8;16;MultiRefIdx;0
BlockStat;28; 596; 128; 8;16;Cbf_Y;1
BlockStat;28; 596; 128; 8;16;TransformSkipFlag_Y;2
BlockStat;28; 596; 128; 8;16;Cbf_Cb;0
BlockStat;28; 596; 128; 8;16;Cbf_Cr;0
BlockStat;28; 604; 128; 4;16;Depth;5
BlockStat;28; 604; 128; 4;16;QT_Depth;2
BlockStat;28; 604; 128; 4;16;BT_Depth;4
BlockStat;28; 604; 128; 4;16;MT_Depth;3
BlockStat;28; 604; 128; 4;16;ChromaQPAdj;0
BlockStat;28; 604; 128; 4;16;QP;38
BlockStat;28; 604; 128; 4;16;SplitSeries;5311521
BlockStat;28; 604; 128; 4;16;SkipFlag;0
BlockStat;28; 604; 128; 4;16;PredMode;1
BlockStat;28; 604; 128; 4;16;Luma_IntraMode;37
BlockStat;28; 604; 128; 4;16;Chroma_IntraMode;37
BlockStat;28; 604; 128; 4;16;MultiRefIdx;0
BlockStat;28; 604; 128; 4;16;Cbf_Y;1
BlockStat;28; 604; 128; 4;16;TransformSkipFlag_Y;2
BlockStat;28; 604; 128; 4;16;Cbf_Cb;0
BlockStat;28; 604; 128; 4;16;Cbf_Cr;1
BlockStat;28; 592; 144;16; 8;Depth;5
BlockStat;28; 592; 144;16; 8;QT_Depth;2
BlockStat;28; 592; 144;16; 8;BT_Depth;3
BlockStat;28; 592; 144;16; 8;MT_Depth;3
BlockStat;28; 592; 144;16; 8;ChromaQPAdj;0
BlockStat;28; 592; 144;16; 8;QP;38
BlockStat;28; 592; 144;16; 8;SplitSeries;2165793
BlockStat;28; 592; 144;16; 8;SkipFlag;0
BlockStat;28; 592; 144;16; 8;PredMode;0
BlockStat;28; 592; 144;16; 8;MergeFlag;1
BlockStat;28; 592; 144;16; 8;MergeIdx;0
BlockStat;28; 592; 144;16; 8;MergeType;0
BlockStat;28; 592; 144;16; 8;MMVDMergeFlag;0
BlockStat;28; 592; 144;16; 8;AffineFlag;0
BlockStat;28; 592; 144;16; 8;MHIntraFlag;1
BlockStat;28; 592; 144;16; 8;Luma_IntraMode;0
BlockStat;28; 592; 144;16; 8;Chroma_IntraMode;70
BlockStat;28; 592; 144;16; 8;MVPIdxL0;255
BlockStat;28; 592; 144;16; 8;RefIdxL0;1
BlockStat;28; 592; 144;16; 8;MVDL0;   0;   0
BlockStat;28; 592; 144;16; 8;MVL0;-316; -52
BlockStat;28; 592; 144;16; 8;Cbf_Y;1
BlockStat;28; 592; 144;16; 8;TransformSkipFlag_Y;0
BlockStat;28; 592; 144;16; 8;Cbf_Cb;0
BlockStat;28; 592; 144;16; 8;Cbf_Cr;0
BlockStat;28; 592; 152;16; 8;Depth;5
BlockStat;28; 592; 152;16; 8;QT_Depth;2
BlockStat;28; 592; 152;16; 8;BT_Depth;3
BlockStat;28; 592; 152;16; 8;MT_Depth;3
BlockStat;28; 592; 152;16; 8;ChromaQPAdj;0
BlockStat;28; 592; 152;16; 8;QP;38
BlockStat;28; 592; 152;16; 8;SplitSeries;2165793
BlockStat;28; 592; 152;16; 8;SkipFlag;0
BlockStat;28; 592; 152;16; 8;PredMode;1
BlockStat;28; 592; 152;16; 8;Luma_IntraMode;1
BlockStat;28; 592; 152;16; 8;Chroma_IntraMode;0
BlockStat;28; 592; 152;16; 8;MultiRefIdx;0
BlockStat;28; 592; 152;16; 8;Cbf_Y;1
BlockStat;28; 592; 152;16; 8;TransformSkipFlag_Y;2
BlockStat;28; 592; 152;16; 8;Cbf_Cb;1
BlockStat;28; 592; 152;16; 8;Cbf_Cr;1
BlockStat;28; 608; 128; 8;16;Depth;5
BlockStat;28; 608; 128; 8;16;QT_Depth;2
BlockStat;28; 608; 128; 8;16;BT_Depth;3
BlockStat;28; 608; 128; 8;16;MT_Depth;3
BlockStat;28; 608; 128; 8;16;ChromaQPAdj;0
BlockStat;28; 608; 128; 8;16;QP;38
BlockStat;28; 608; 128; 8;16;SplitSeries;3246113
BlockStat;28; 608; 128; 8;16;SkipFlag;0
BlockStat;28; 608; 128; 8;16;PredMode;1
BlockStat;28; 608; 128; 8;16;Luma_IntraMode;30
BlockStat;28; 608; 128; 8;16;Chroma_IntraMode;18
BlockStat;28; 608; 128; 8;16;MultiRefIdx;0
BlockStat;28; 608; 128; 8;16;Cbf_Y;1
BlockStat;28; 608; 128; 8;16;TransformSkipFlag_Y;0
BlockStat;28; 608; 128; 8;16;Cbf_Cb;0
BlockStat;28; 608; 128; 8;16;Cbf_Cr;1
BlockStat;28; 616; 128; 8;16;Depth;5
BlockStat;28; 616; 128; 8;16;QT_Depth;2
BlockStat;28; 616; 128; 8;16;BT_Depth;3
BlockStat;28; 616; 128; 8;16;MT_Depth;3
BlockStat;28; 616; 128; 8;16;ChromaQPAdj;0
BlockStat;28; 616; 128; 8;16;QP;38
BlockStat;28; 616; 128; 8;16;SplitSeries;3246113
BlockStat;28; 616; 128; 8;16;SkipFlag;0
BlockStat;28; 616; 128; 8;16;PredMode;1
BlockStat;28; 616; 128; 8;16;Luma_IntraMode;29
BlockStat;28; 616; 128; 8;16;Chroma_IntraMode;29
BlockStat;28; 616; 128; 8;16;MultiRefIdx;0
BlockStat;28; 616; 128; 8;16;Cbf_Y;1
BlockStat;28; 616; 128; 8;16;TransformSkipFlag_Y;2
BlockStat;28; 616; 128; 8;16;Cbf_Cb;0
BlockStat;28; 616; 128; 8;16;Cbf_Cr;1
BlockStat;28; 624; 128;16;16;Depth;4
BlockStat;28; 624; 128;16;16;QT_Depth;2
BlockStat;28; 624; 128;16;16;BT_Depth;2
BlockStat;28; 624; 128;16;16;MT_Depth;2
BlockStat;28; 624; 128;16;16;ChromaQPAdj;0
BlockStat;28; 624; 128;16;16;QP;38
BlockStat;28; 624; 128;16;16;SplitSeries;100385
BlockStat;28; 624; 128;16;16;SkipFlag;0
BlockStat;28; 624; 128;16;16;PredMode;0
BlockStat;28; 624; 128;16;16;MergeFlag;0
BlockStat;28; 624; 128;16;16;InterDir;1
BlockStat;28; 624; 128;16;16;AffineFlag;1
BlockStat;28; 624; 128;16;16;AffineType;0
BlockStat;28; 624; 128;16;16;MVPIdxL0;0
BlockStat;28; 624; 128;16;16;RefIdxL0;0
BlockStat;28; 624; 128;16;16;AffineMVL0;  42; -28;  39; -28;  42; -31
BlockStat;28; 624; 128;16;16;RootCbf;1
BlockStat;28; 624; 128;16;16;Cbf_Y;1
BlockStat;28; 624; 128;16;16;TransformSkipFlag_Y;0
BlockStat;28; 624; 128;16;16;Cbf_Cb;0
BlockStat;28; 624; 128;16;16;Cbf_Cr;0
BlockStat;28; 608; 144;16; 4;Depth;5
BlockStat;28; 608; 144;16; 4;QT_Depth;2
BlockStat;28; 608; 144;16; 4;BT_Depth;4
BlockStat;28; 608; 144;16; 4;MT_Depth;3
BlockStat;28; 608; 144;16; 4;ChromaQPAdj;0
BlockStat;28; 608; 144;16; 4;QP;38
BlockStat;28; 608; 144;16; 4;SplitSeries;4294689
BlockStat;28; 608; 144;16; 4;SkipFlag;1
BlockStat;28; 608; 144;16; 4;MMVDSkipFlag;0
BlockStat;28; 608; 144;16; 4;PredMode;0
BlockStat;28; 608; 144;16; 4;MergeIdx;52
BlockStat;28; 608; 144;16; 4;MergeType;0
BlockStat;28; 608; 144;16; 4;MMVDMergeFlag;1
BlockStat;28; 608; 144;16; 4;MMVDMergeIdx;52
BlockStat;28; 608; 144;16; 4;MVPIdxL0;255
BlockStat;28; 608; 144;16; 4;RefIdxL0;0
BlockStat;28; 608; 144;16; 4;MVDL0;   0;   0
BlockStat;28; 608; 144;16; 4;MVL0;  74; -31
BlockStat;28; 608; 148;16; 8;Depth;5
BlockStat;28; 608; 148;16; 8;QT_Depth;2
BlockStat;28; 608; 148;16; 8;BT_Depth;3
BlockStat;28; 608; 148;16; 8;MT_Depth;3
BlockStat;28; 608; 148;16; 8;ChromaQPAdj;0
BlockStat;28; 608; 148;16; 8;QP;38
BlockStat;28; 608; 148;16; 8;SplitSeries;4294689
BlockStat;28; 608; 148;16; 8;SkipFlag;0
BlockStat;28; 608; 148;16; 8;PredMode;1
BlockStat;28; 608; 148;16; 8;Luma_IntraMode;5
BlockStat;28; 608; 148;16; 8;Chroma_IntraMode;0
BlockStat;28; 608; 148;16; 8;MultiRefIdx;0
BlockStat;28; 608; 148;16; 8;Cbf_Y;1
BlockStat;28; 608; 148;16; 8;TransformSkipFlag_Y;2
BlockStat;28; 608; 148;16; 8;Cbf_Cb;1
BlockStat;28; 608; 148;16; 8;Cbf_Cr;1
BlockStat;28; 608; 156;16; 4;Depth;5
BlockStat;28; 608; 156;16; 4;QT_Depth;2
BlockStat;28; 608; 156;16; 4;BT_Depth;4
BlockStat;28; 608; 156;16; 4;MT_Depth;3
BlockStat;28; 608; 156;16; 4;ChromaQPAdj;0
BlockStat;28; 608; 156;16; 4;QP;38
BlockStat;28; 608; 156;16; 4;SplitSeries;4294689
BlockStat;28; 608; 156;16; 4;SkipFlag;0
BlockStat;28; 608; 156;16; 4;PredMode;1
BlockStat;28; 608; 156;16; 4;Luma_IntraMode;50
BlockStat;28; 608; 156;16; 4;Chroma_IntraMode;67
BlockStat;28; 608; 156;16; 4;MultiRefIdx;0
BlockStat;28; 608; 156;16; 4;Cbf_Y;1
BlockStat;28; 608; 156;16; 4;TransformSkipFlag_Y;0
BlockStat;28; 608; 156;16; 4;Cbf_Cb;0
BlockStat;28; 608; 156;16; 4;Cbf_Cr;0
BlockStat;28; 624; 144;16; 8;Depth;5
BlockStat;28; 624; 144;16; 8;QT_Depth;2
BlockStat;28; 624; 144;16; 8;BT_Depth;3
BlockStat;28; 624; 144;16; 8;MT_Depth;3
BlockStat;28; 624; 144;16; 8;ChromaQPAdj;0
BlockStat;28; 624; 144;16; 8;QP;38
BlockStat;28; 624; 144;16; 8;SplitSeries;2197537
BlockStat;28; 624; 144;16; 8;SkipFlag;0
BlockStat;28; 624; 144;16; 8;PredMode;0
BlockStat;28; 624; 144;16; 8;MergeFlag;0
BlockStat;28; 624; 144;16; 8;InterDir;1
BlockStat;28; 624; 144;16; 8;MVPIdxL0;0
BlockStat;28; 624; 144;16; 8;RefIdxL0;0
BlockStat;28; 624; 144;16; 8;MVDL0;  12;   4
BlockStat;28; 624; 144;16; 8;MVL0;  52; -28
BlockStat;28; 624; 144;16; 8;IMVMode;1
BlockStat;28; 624; 144;16; 8;RootCbf;1
BlockStat;28; 624; 144;16; 8;Cbf_Y;1
BlockStat;28; 624; 144;16; 8;TransformSkipFlag_Y;0
BlockStat;28; 624; 144;16; 8;Cbf_Cb;0
BlockStat;28; 624; 144;16; 8;Cbf_Cr;0
BlockStat;28; 624; 152;16; 8;Depth;5
BlockStat;28; 624; 152;16; 8;QT_Depth;2
BlockStat;28; 624; 152;16; 8;BT_Depth;3
BlockStat;28; 624; 152;16; 8;MT_Depth;3
BlockStat;28; 624; 152;16; 8;ChromaQPAdj;0
BlockStat;28; 624; 152;16; 8;QP;38
BlockStat;28; 624; 152;16; 8;SplitSeries;2197537
BlockStat;28; 624; 152;16; 8;SkipFlag;1
BlockStat;28; 624; 152;16; 8;MMVDSkipFlag;0
BlockStat;28; 624; 152;16; 8;PredMode;0
BlockStat;28; 624; 152;16; 8;MergeIdx;46
BlockStat;28; 624; 152;16; 8;MergeType;0
BlockStat;28; 624; 152;16; 8;MMVDMergeFlag;1
BlockStat;28; 624; 152;16; 8;MMVDMergeIdx;46
BlockStat;28; 624; 152;16; 8;MVPIdxL0;255
BlockStat;28; 624; 152;16; 8;RefIdxL0;0
BlockStat;28; 624; 152;16; 8;MVDL0;   0;   0
BlockStat;28; 624; 152;16; 8;MVL0;  74; -23
BlockStat;28; 576; 160;16;16;Depth;4
BlockStat;28; 576; 160;16;16;QT_Depth;2
BlockStat;28; 576; 160;16;16;BT_Depth;2
BlockStat;28; 576; 160;16;16;MT_Depth;2
BlockStat;28; 576; 160;16;16;ChromaQPAdj;0
BlockStat;28; 576; 160;16;16;QP;38
BlockStat;28; 576; 160;16;16;SplitSeries;68641
BlockStat;28; 576; 160;16;16;SkipFlag;0
BlockStat;28; 576; 160;16;16;PredMode;1
BlockStat;28; 576; 160;16;16;Luma_IntraMode;0
BlockStat;28; 576; 160;16;16;Chroma_IntraMode;0
BlockStat;28; 576; 160;16;16;MultiRefIdx;0
BlockStat;28; 576; 160;16;16;Cbf_Y;1
BlockStat;28; 576; 160;16;16;TransformSkipFlag_Y;0
BlockStat;28; 576; 160;16;16;Cbf_Cb;0
BlockStat;28; 576; 160;16;16;Cbf_Cr;0
BlockStat;28; 576; 176; 4;16;Depth;5
BlockStat;28; 576; 176; 4;16;QT_Depth;2
BlockStat;28; 576; 176; 4;16;BT_Depth;4
BlockStat;28; 576; 176; 4;16;MT_Depth;3
BlockStat;28; 576; 176; 4;16;ChromaQPAdj;0
BlockStat;28; 576; 176; 4;16;QP;38
BlockStat;28; 576; 176; 4;16;SplitSeries;5311521
BlockStat;28; 576; 176; 4;16;SkipFlag;0
BlockStat;28; 576; 176; 4;16;PredMode;1
BlockStat;28; 576; 176; 4;16;Luma_IntraMode;42
BlockStat;28; 576; 176; 4;16;Chroma_IntraMode;42
BlockStat;28; 576; 176; 4;16;MultiRefIdx;0
BlockStat;28; 576; 176; 4;16;Cbf_Y;1
BlockStat;28; 576; 176; 4;16;TransformSkipFlag_Y;0
BlockStat;28; 576; 176; 4;16;Cbf_Cb;0
BlockStat;28; 576; 176; 4;16;Cbf_Cr;0
BlockStat;28; 580; 176; 8;16;Depth;5
BlockStat;28; 580; 176; 8;16;QT_Depth;2
BlockStat;28; 580; 176; 8;16;BT_Depth;3
BlockStat;28; 580; 176; 8;16;MT_Depth;3
BlockStat;28; 580; 176; 8;16;ChromaQPAdj;0
BlockStat;28; 580; 176; 8;16;QP;38
BlockStat;28; 580; 176; 8;16;SplitSeries;5311521
BlockStat;28; 580; 176; 8;16;SkipFlag;0
BlockStat;28; 580; 176; 8;16;PredMode;1
BlockStat;28; 580; 176; 8;16;Luma_IntraMode;0
BlockStat;28; 580; 176; 8;16;Chroma_IntraMode;0
BlockStat;28; 580; 176; 8;16;MultiRefIdx;0
BlockStat;28; 580; 176; 8;16;Cbf_Y;1
BlockStat;28; 580; 176; 8;16;TransformSkipFlag_Y;2
BlockStat;28; 580; 176; 8;16;Cbf_Cb;0
BlockStat;28; 580; 176; 8;16;Cbf_Cr;0
BlockStat;28; 588; 176; 4;16;Depth;5
BlockStat;28; 588; 176; 4;16;QT_Depth;2
BlockStat;28; 588; 176; 4;16;BT_Depth;4
BlockStat;28; 588; 176; 4;16;MT_Depth;3
BlockStat;28; 588; 176; 4;16;ChromaQPAdj;0
BlockStat;28; 588; 176; 4;16;QP;38
BlockStat;28; 588; 176; 4;16;SplitSeries;5311521
BlockStat;28; 588; 176; 4;16;SkipFlag;0
BlockStat;28; 588; 176; 4;16;PredMode;1
BlockStat;28; 588; 176; 4;16;Luma_IntraMode;0
BlockStat;28; 588; 176; 4;16;Chroma_IntraMode;0
BlockStat;28; 588; 176; 4;16;MultiRefIdx;0
BlockStat;28; 588; 176; 4;16;Cbf_Y;1
BlockStat;28; 588; 176; 4;16;TransformSkipFlag_Y;2
BlockStat;28; 588; 176; 4;16;Cbf_Cb;0
BlockStat;28; 588; 176; 4;16;Cbf_Cr;0
BlockStat;28; 592; 160;16;16;Depth;4
BlockStat;28; 592; 160;16;16;QT_Depth;2
BlockStat;28; 592; 160;16;16;BT_Depth;2
BlockStat;28; 592; 160;16;16;MT_Depth;2
BlockStat;28; 592; 160;16;16;ChromaQPAdj;0
BlockStat;28; 592; 160;16;16;QP;38
BlockStat;28; 592; 160;16;16;SplitSeries;68641
BlockStat;28; 592; 160;16;16;SkipFlag;0
BlockStat;28; 592; 160;16;16;PredMode;1
BlockStat;28; 592; 160;16;16;Luma_IntraMode;0
BlockStat;28; 592; 160;16;16;Chroma_IntraMode;67
BlockStat;28; 592; 160;16;16;MultiRefIdx;0
BlockStat;28; 592; 160;16;16;Cbf_Y;1
BlockStat;28; 592; 160;16;16;TransformSkipFlag_Y;2
BlockStat;28; 592; 160;16;16;Cbf_Cb;0
BlockStat;28; 592; 160;16;16;Cbf_Cr;1
BlockStat;28; 592; 176;16;16;Depth;4
BlockStat;28; 592; 176;16;16;QT_Depth;2
BlockStat;28; 592; 176;16;16;BT_Depth;2
BlockStat;28; 592; 176;16;16;MT_Depth;2
BlockStat;28; 592; 176;16;16;ChromaQPAdj;0
BlockStat;28; 592; 176;16;16;QP;38
BlockStat;28; 592; 176;16;16;SplitSeries;68641
BlockStat;28; 592; 176;16;16;SkipFlag;0
BlockStat;28; 592; 176;16;16;PredMode;1
BlockStat;28; 592; 176;16;16;Luma_IntraMode;35
BlockStat;28; 592; 176;16;16;Chroma_IntraMode;67
BlockStat;28; 592; 176;16;16;MultiRefIdx;0
BlockStat;28; 592; 176;16;16;Cbf_Y;0
BlockStat;28; 592; 176;16;16;TransformSkipFlag_Y;0
BlockStat;28; 592; 176;16;16;Cbf_Cb;0
BlockStat;28; 592; 176;16;16;Cbf_Cr;0
BlockStat;28; 608; 160;16; 8;Depth;4
BlockStat;28; 608; 160;16; 8;QT_Depth;3
BlockStat;28; 608; 160;16; 8;BT_Depth;1
BlockStat;28; 608; 160;16; 8;MT_Depth;1
BlockStat;28; 608; 160;16; 8;ChromaQPAdj;0
BlockStat;28; 608; 160;16; 8;QP;38
BlockStat;28; 608; 160;16; 8;SplitSeries;66593
BlockStat;28; 608; 160;16; 8;SkipFlag;0
BlockStat;28; 608; 160;16; 8;PredMode;1
BlockStat;28; 608; 160;16; 8;Luma_IntraMode;0
BlockStat;28; 608; 160;16; 8;Chroma_IntraMode;0
BlockStat;28; 608; 160;16; 8;MultiRefIdx;0
BlockStat;28; 608; 160;16; 8;Cbf_Y;1
BlockStat;28; 608; 160;16; 8;TransformSkipFlag_Y;2
BlockStat;28; 608; 160;16; 8;Cbf_Cb;0
BlockStat;28; 608; 160;16; 8;Cbf_Cr;0
BlockStat;28; 608; 168; 8; 8;Depth;5
BlockStat;28; 608; 168; 8; 8;QT_Depth;3
BlockStat;28; 608; 168; 8; 8;BT_Depth;2
BlockStat;28; 608; 168; 8; 8;MT_Depth;2
BlockStat;28; 608; 168; 8; 8;ChromaQPAdj;0
BlockStat;28; 608; 168; 8; 8;QP;38
BlockStat;28; 608; 168; 8; 8;SplitSeries;3212321
BlockStat;28; 608; 168; 8; 8;SkipFlag;0
BlockStat;28; 608; 168; 8; 8;PredMode;1
BlockStat;28; 608; 168; 8; 8;Luma_IntraMode;6
BlockStat;28; 608; 168; 8; 8;Chroma_IntraMode;68
BlockStat;28; 608; 168; 8; 8;MultiRefIdx;0
BlockStat;28; 608; 168; 8; 8;Cbf_Y;1
BlockStat;28; 608; 168; 8; 8;TransformSkipFlag_Y;2
BlockStat;28; 608; 168; 8; 8;Cbf_Cb;0
BlockStat;28; 608; 168; 8; 8;Cbf_Cr;0
BlockStat;28; 616; 168; 8; 8;Depth;5
BlockStat;28; 616; 168; 8; 8;QT_Depth;3
BlockStat;28; 616; 168; 8; 8;BT_Depth;2
BlockStat;28; 616; 168; 8; 8;MT_Depth;2
BlockStat;28; 616; 168; 8; 8;ChromaQPAdj;0
BlockStat;28; 616; 168; 8; 8;QP;38
BlockStat;28; 616; 168; 8; 8;SplitSeries;3212321
BlockStat;28; 616; 168; 8; 8;SkipFlag;0
BlockStat;28; 616; 168; 8; 8;PredMode;1
BlockStat;28; 616; 168; 8; 8;Luma_IntraMode;16
BlockStat;28; 616; 168; 8; 8;Chroma_IntraMode;0
BlockStat;28; 616; 168; 8; 8;MultiRefIdx;0
BlockStat;28; 616; 168; 8; 8;Cbf_Y;1
BlockStat;28; 616; 168; 8; 8;TransformSkipFlag_Y;0
BlockStat;28; 616; 168; 8; 8;Cbf_Cb;0
BlockStat;28; 616; 168; 8; 8;Cbf_Cr;0
BlockStat;28; 624; 160;16; 8;Depth;4
BlockStat;28; 624; 160;16; 8;QT_Depth;3
BlockStat;28; 624; 160;16; 8;BT_Depth;1
BlockStat;28; 624; 160;16; 8;MT_Depth;1
BlockStat;28; 624; 160;16; 8;ChromaQPAdj;0
BlockStat;28; 624; 160;16; 8;QP;38
BlockStat;28; 624; 160;16; 8;SplitSeries;66593
BlockStat;28; 624; 160;16; 8;SkipFlag;0
BlockStat;28; 624; 160;16; 8;PredMode;0
BlockStat;28; 624; 160;16; 8;MergeFlag;0
BlockStat;28; 624; 160;16; 8;InterDir;1
BlockStat;28; 624; 160;16; 8;MVPIdxL0;0
BlockStat;28; 624; 160;16; 8;RefIdxL0;0
BlockStat;28; 624; 160;16; 8;MVDL0;   8;   4
BlockStat;28; 624; 160;16; 8;MVL0;  80; -20
BlockStat;28; 624; 160;16; 8;IMVMode;1
BlockStat;28; 624; 160;16; 8;RootCbf;0
BlockStat;28; 624; 168;16; 8;Depth;4
BlockStat;28; 624; 168;16; 8;QT_Depth;3
BlockStat;28; 624; 168;16; 8;BT_Depth;1
BlockStat;28; 624; 168;16; 8;MT_Depth;1
BlockStat;28; 624; 168;16; 8;ChromaQPAdj;0
BlockStat;28; 624; 168;16; 8;QP;38
BlockStat;28; 624; 168;16; 8;SplitSeries;66593
BlockStat;28; 624; 168;16; 8;SkipFlag;0
BlockStat;28; 624; 168;16; 8;PredMode;0
BlockStat;28; 624; 168;16; 8;MergeFlag;0
BlockStat;28; 624; 168;16; 8;InterDir;1
BlockStat;28; 624; 168;16; 8;MVPIdxL0;0
BlockStat;28; 624; 168;16; 8;RefIdxL0;0
BlockStat;28; 624; 168;16; 8;MVDL0;   0;   3
BlockStat;28; 624; 168;16; 8;MVL0;  80; -17
BlockStat;28; 624; 168;16; 8;IMVMode;0
BlockStat;28; 624; 168;16; 8;RootCbf;1
BlockStat;28; 624; 168; 8; 8;Cbf_Y;2
BlockStat;28; 624; 168; 8; 8;TransformSkipFlag_Y;0
BlockStat;28; 624; 168; 8; 8;Cbf_Cb;0
BlockStat;28; 624; 168; 8; 8;Cbf_Cr;0
BlockStat;28; 632; 168; 8; 8;Cbf_Y;0
BlockStat;28; 632; 168; 8; 8;TransformSkipFlag_Y;0
BlockStat;28; 632; 168; 8; 8;Cbf_Cb;0
BlockStat;28; 632; 168; 8; 8;Cbf_Cr;0
BlockStat;28; 608; 176;16;16;Depth;3
BlockStat;28; 608; 176;16;16;QT_Depth;3
BlockStat;28; 608; 176;16;16;BT_Depth;0
BlockStat;28; 608; 176;16;16;MT_Depth;0
BlockStat;28; 608; 176;16;16;ChromaQPAdj;0
BlockStat;28; 608; 176;16;16;QP;38
BlockStat;28; 608; 176;16;16;SplitSeries;1057
BlockStat;28; 608; 176;16;16;SkipFlag;0
BlockStat;28; 608; 176;16;16;PredMode;1
BlockStat;28; 608; 176;16;16;Luma_IntraMode;3
BlockStat;28; 608; 176;16;16;Chroma_IntraMode;67
BlockStat;28; 608; 176;16;16;MultiRefIdx;0
BlockStat;28; 608; 176;16;16;Cbf_Y;1
BlockStat;28; 608; 176;16;16;TransformSkipFlag_Y;0
BlockStat;28; 608; 176;16;16;Cbf_Cb;0
BlockStat;28; 608; 176;16;16;Cbf_Cr;0
BlockStat;28; 624; 176; 8; 8;Depth;5
BlockStat;28; 624; 176; 8; 8;QT_Depth;3
BlockStat;28; 624; 176; 8; 8;BT_Depth;2
BlockStat;28; 624; 176; 8; 8;MT_Depth;2
BlockStat;28; 624; 176; 8; 8;ChromaQPAdj;0
BlockStat;28; 624; 176; 8; 8;QP;38
BlockStat;28; 624; 176; 8; 8;SplitSeries;3212321
BlockStat;28; 624; 176; 8; 8;SkipFlag;0
BlockStat;28; 624; 176; 8; 8;PredMode;1
BlockStat;28; 624; 176; 8; 8;Luma_IntraMode;7
BlockStat;28; 624; 176; 8; 8;Chroma_IntraMode;67
BlockStat;28; 624; 176; 8; 8;MultiRefIdx;0
BlockStat;28; 624; 176; 8; 8;Cbf_Y;0
BlockStat;28; 624; 176; 8; 8;TransformSkipFlag_Y;0
BlockStat;28; 624; 176; 8; 8;Cbf_Cb;0
BlockStat;28; 624; 176; 8; 8;Cbf_Cr;0
BlockStat;28; 632; 176; 8; 8;Depth;5
BlockStat;28; 632; 176; 8; 8;QT_Depth;3
BlockStat;28; 632; 176; 8; 8;BT_Depth;2
BlockStat;28; 632; 176; 8; 8;MT_Depth;2
BlockStat;28; 632; 176; 8; 8;ChromaQPAdj;0
BlockStat;28; 632; 176; 8; 8;QP;38
BlockStat;28; 632; 176; 8; 8;SplitSeries;3212321
BlockStat;28; 632; 176; 8; 8;SkipFlag;0
BlockStat;28; 632; 176; 8; 8;PredMode;0
BlockStat;28; 632; 176; 8; 8;MergeFlag;1
BlockStat;28; 632; 176; 8; 8;MergeIdx;0
BlockStat;28; 632; 176; 8; 8;MergeType;0
BlockStat;28; 632; 176; 8; 8;MMVDMergeFlag;0
BlockStat;28; 632; 176; 8; 8;AffineFlag;0
BlockStat;28; 632; 176; 8; 8;MHIntraFlag;1
BlockStat;28; 632; 176; 8; 8;Luma_IntraMode;0
BlockStat;28; 632; 176; 8; 8;Chroma_IntraMode;70
BlockStat;28; 632; 176; 8; 8;MVPIdxL0;255
BlockStat;28; 632; 176; 8; 8;RefIdxL0;0
BlockStat;28; 632; 176; 8; 8;MVDL0;   0;   0
BlockStat;28; 632; 176; 8; 8;MVL0;  80; -17
BlockStat;28; 632; 176; 8; 8;Cbf_Y;1
BlockStat;28; 632; 176; 8; 8;TransformSkipFlag_Y;0
BlockStat;28; 632; 176; 8; 8;Cbf_Cb;0
BlockStat;28; 632; 176; 8; 8;Cbf_Cr;0
BlockStat;28; 624; 184; 4; 8;Depth;5
BlockStat;28; 624; 184; 4; 8;QT_Depth;3
BlockStat;28; 624; 184; 4; 8;BT_Depth;3
BlockStat;28; 624; 184; 4; 8;MT_Depth;2
BlockStat;28; 624; 184; 4; 8;ChromaQPAdj;0
BlockStat;28; 624; 184; 4; 8;QP;38
BlockStat;28; 624; 184; 4; 8;SplitSeries;5309473
BlockStat;28; 624; 184; 4; 8;SkipFlag;0
BlockStat;28; 624; 184; 4; 8;PredMode;1
BlockStat;28; 624; 184; 4; 8;Luma_IntraMode;6
BlockStat;28; 624; 184; 4; 8;MultiRefIdx;0
BlockStat;28; 624; 184; 4; 8;Cbf_Y;0
BlockStat;28; 624; 184; 4; 8;TransformSkipFlag_Y;0
BlockStat;28; 628; 184; 8; 4;Depth;6
BlockStat;28; 628; 184; 8; 4;QT_Depth;3
BlockStat;28; 628; 184; 8; 4;BT_Depth;3
BlockStat;28; 628; 184; 8; 4;MT_Depth;3
BlockStat;28; 628; 184; 8; 4;ChromaQPAdj;0
BlockStat;28; 628; 184; 8; 4;QP;38
BlockStat;28; 628; 184; 8; 4;SplitSeries;72418337
BlockStat;28; 628; 184; 8; 4;SkipFlag;0
BlockStat;28; 628; 184; 8; 4;PredMode;1
BlockStat;28; 628; 184; 8; 4;Luma_IntraMode;0
BlockStat;28; 628; 184; 8; 4;MultiRefIdx;0
BlockStat;28; 628; 184; 8; 4;Cbf_Y;1
BlockStat;28; 628; 184; 8; 4;TransformSkipFlag_Y;2
BlockStat;28; 628; 188; 8; 4;Depth;6
BlockStat;28; 628; 188; 8; 4;QT_Depth;3
BlockStat;28; 628; 188; 8; 4;BT_Depth;3
BlockStat;28; 628; 188; 8; 4;MT_Depth;3
BlockStat;28; 628; 188; 8; 4;ChromaQPAdj;0
BlockStat;28; 628; 188; 8; 4;QP;38
BlockStat;28; 628; 188; 8; 4;SplitSeries;72418337
BlockStat;28; 628; 188; 8; 4;SkipFlag;0
BlockStat;28; 628; 188; 8; 4;PredMode;1
BlockStat;28; 628; 188; 8; 4;Luma_IntraMode;4
BlockStat;28; 628; 188; 8; 4;MultiRefIdx;0
BlockStat;28; 628; 188; 8; 4;Cbf_Y;1
BlockStat;28; 628; 188; 8; 4;TransformSkipFlag_Y;0
BlockStat;28; 636; 184; 4; 8;Depth;5
BlockStat;28; 636; 184; 4; 8;QT_Depth;3
BlockStat;28; 636; 184; 4; 8;BT_Depth;3
BlockStat;28; 636; 184; 4; 8;MT_Depth;2
BlockStat;28; 636; 184; 4; 8;ChromaQPAdj;0
BlockStat;28; 636; 184; 4; 8;QP;38
BlockStat;28; 636; 184; 4; 8;SplitSeries;5309473
BlockStat;28; 636; 184; 4; 8;SkipFlag;0
BlockStat;28; 636; 184; 4; 8;PredMode;1
BlockStat;28; 636; 184; 4; 8;Luma_IntraMode;1
BlockStat;28; 636; 184; 4; 8;MultiRefIdx;0
BlockStat;28; 636; 184; 4; 8;Cbf_Y;1
BlockStat;28; 636; 184; 4; 8;TransformSkipFlag_Y;2
BlockStat;28;   0;   0; 0; 0;Depth;4
BlockStat;28;   0;   0; 0; 0;QT_Depth;3
BlockStat;28;   0;   0; 0; 0;BT_Depth;1
BlockStat;28;   0;   0; 0; 0;MT_Depth;1
BlockStat;28;   0;   0; 0; 0;ChromaQPAdj;0
BlockStat;28;   0;   0; 0; 0;QP;38
BlockStat;28;   0;   0; 0; 0;SplitSeries;66593
BlockStat;28;   0;   0; 0; 0;PredMode;1
BlockStat;28; 624; 184;16; 8;Chroma_IntraMode;4
BlockStat;28; 624; 184;16; 8;Cbf_Cb;0
BlockStat;28; 624; 184;16; 8;Cbf_Cr;0
BlockStat;28; 512; 192;16;16;Depth;4
BlockStat;28; 512; 192;16;16;QT_Depth;2
BlockStat;28; 512; 192;16;16;BT_Depth;2
BlockStat;28; 512; 192;16;16;MT_Depth;2
BlockStat;28; 512; 192;16;16;ChromaQPAdj;0
BlockStat;28; 512; 192;16;16;QP;38
BlockStat;28; 512; 192;16;16;SplitSeries;100385
BlockStat;28; 512; 192;16;16;SkipFlag;0
BlockStat;28; 512; 192;16;16;PredMode;0
BlockStat;28; 512; 192;16;16;MergeFlag;0
BlockStat;28; 512; 192;16;16;InterDir;1
BlockStat;28; 512; 192;16;16;AffineFlag;1
BlockStat;28; 512; 192;16;16;AffineType;0
BlockStat;28; 512; 192;16;16;MVPIdxL0;0
BlockStat;28; 512; 192;16;16;RefIdxL0;0
BlockStat;28; 512; 192;16;16;AffineMVL0; 128;-125; 125;-128; 131;-128
BlockStat;28; 512; 192;16;16;RootCbf;0
BlockStat;28; 528; 192;16;16;Depth;4
BlockStat;28; 528; 192;16;16;QT_Depth;2
BlockStat;28; 528; 192;16;16;BT_Depth;2
BlockStat;28; 528; 192;16;16;MT_Depth;2
BlockStat;28; 528; 192;16;16;ChromaQPAdj;0
BlockStat;28; 528; 192;16;16;QP;38
BlockStat;28; 528; 192;16;16;SplitSeries;100385
BlockStat;28; 528; 192;16;16;SkipFlag;0
BlockStat;28; 528; 192;16;16;PredMode;1
BlockStat;28; 528; 192;16;16;Luma_IntraMode;0
BlockStat;28; 528; 192;16;16;Chroma_IntraMode;0
BlockStat;28; 528; 192;16;16;MultiRefIdx;0
BlockStat;28; 528; 192;16;16;Cbf_Y;0
BlockStat;28; 528; 192;16;16;TransformSkipFlag_Y;0
BlockStat;28; 528; 192;16;16;Cbf_Cb;0
BlockStat;28; 528; 192;16;16;Cbf_Cr;0
BlockStat;28; 512; 208;32;16;Depth;3
BlockStat;28; 512; 208;32;16;QT_Depth;2
BlockStat;28; 512; 208;32;16;BT_Depth;1
BlockStat;28; 512; 208;32;16;MT_Depth;1
BlockStat;28; 512; 208;32;16;ChromaQPAdj;0
BlockStat;28; 512; 208;32;16;QP;38
BlockStat;28; 512; 208;32;16;SplitSeries;2081
BlockStat;28; 512; 208;32;16;SkipFlag;0
BlockStat;28; 512; 208;32;16;PredMode;1
BlockStat;28; 512; 208;32;16;Luma_IntraMode;10
BlockStat;28; 512; 208;32;16;Chroma_IntraMode;0
BlockStat;28; 512; 208;32;16;MultiRefIdx;0
BlockStat;28; 512; 208;32;16;Cbf_Y;0
BlockStat;28; 512; 208;32;16;TransformSkipFlag_Y;0
BlockStat;28; 512; 208;32;16;Cbf_Cb;0
BlockStat;28; 512; 208;32;16;Cbf_Cr;0
BlockStat;28; 544; 192;16;16;Depth;3
BlockStat;28; 544; 192;16;16;QT_Depth;3
BlockStat;28; 544; 192;16;16;BT_Depth;0
BlockStat;28; 544; 192;16;16;MT_Depth;0
BlockStat;28; 544; 192;16;16;ChromaQPAdj;0
BlockStat;28; 544; 192;16;16;QP;38
BlockStat;28; 544; 192;16;16;SplitSeries;1057
BlockStat;28; 544; 192;16;16;SkipFlag;0
BlockStat;28; 544; 192;16;16;PredMode;1
BlockStat;28; 544; 192;16;16;Luma_IntraMode;9
BlockStat;28; 544; 192;16;16;Chroma_IntraMode;0
BlockStat;28; 544; 192;16;16;MultiRefIdx;0
BlockStat;28; 544; 192;16;16;Cbf_Y;0
BlockStat;28; 544; 192;16;16;TransformSkipFlag_Y;0
BlockStat;28; 544; 192;16;16;Cbf_Cb;0
BlockStat;28; 544; 192;16;16;Cbf_Cr;0
BlockStat;28; 560; 192; 8; 4;Depth;6
BlockStat;28; 560; 192; 8; 4;QT_Depth;3
BlockStat;28; 560; 192; 8; 4;BT_Depth;3
BlockStat;28; 560; 192; 8; 4;MT_Depth;3
BlockStat;28; 560; 192; 8; 4;ChromaQPAdj;0
BlockStat;28; 560; 192; 8; 4;QP;38
BlockStat;28; 560; 192; 8; 4;SplitSeries;69305377
BlockStat;28; 560; 192; 8; 4;SkipFlag;0
BlockStat;28; 560; 192; 8; 4;PredMode;1
BlockStat;28; 560; 192; 8; 4;Luma_IntraMode;12
BlockStat;28; 560; 192; 8; 4;MultiRefIdx;0
BlockStat;28; 560; 192; 8; 4;Cbf_Y;1
BlockStat;28; 560; 192; 8; 4;TransformSkipFlag_Y;2
BlockStat;28; 560; 196; 8; 4;Depth;6
BlockStat;28; 560; 196; 8; 4;QT_Depth;3
BlockStat;28; 560; 196; 8; 4;BT_Depth;3
BlockStat;28; 560; 196; 8; 4;MT_Depth;3
BlockStat;28; 560; 196; 8; 4;ChromaQPAdj;0
BlockStat;28; 560; 196; 8; 4;QP;38
BlockStat;28; 560; 196; 8; 4;SplitSeries;69305377
BlockStat;28; 560; 196; 8; 4;SkipFlag;0
BlockStat;28; 560; 196; 8; 4;PredMode;1
BlockStat;28; 560; 196; 8; 4;Luma_IntraMode;0
BlockStat;28; 560; 196; 8; 4;MultiRefIdx;0
BlockStat;28; 560; 196; 4; 4;Cbf_Y;0
BlockStat;28; 560; 196; 4; 4;TransformSkipFlag_Y;0
BlockStat;28; 564; 196; 4; 4;Cbf_Y;2
BlockStat;28; 564; 196; 4; 4;TransformSkipFlag_Y;0
BlockStat;28;   0;   0; 0; 0;Depth;5
BlockStat;28;   0;   0; 0; 0;QT_Depth;3
BlockStat;28;   0;   0; 0; 0;BT_Depth;2
BlockStat;28;   0;   0; 0; 0;MT_Depth;2
BlockStat;28;   0;   0; 0; 0;ChromaQPAdj;0
BlockStat;28;   0;   0; 0; 0;QP;38
BlockStat;28;   0;   0; 0; 0;SplitSeries;2196513
BlockStat;28;   0;   0; 0; 0;PredMode;1
BlockStat;28; 560; 192; 8; 8;Chroma_IntraMode;0
BlockStat;28; 560; 192; 8; 8;Cbf_Cb;0
BlockStat;28; 560; 192; 8; 8;Cbf_Cr;0
BlockStat;28; 560; 200; 8; 8;Depth;5
BlockStat;28; 560; 200; 8; 8;QT_Depth;3
BlockStat;28; 560; 200; 8; 8;BT_Depth;2
BlockStat;28; 560; 200; 8; 8;MT_Depth;2
BlockStat;28; 560; 200; 8; 8;ChromaQPAdj;0
BlockStat;28; 560; 200; 8; 8;QP;38
BlockStat;28; 560; 200; 8; 8;SplitSeries;2196513
BlockStat;28; 560; 200; 8; 8;SkipFlag;0
BlockStat;28; 560; 200; 8; 8;PredMode;1
BlockStat;28; 560; 200; 8; 8;Luma_IntraMode;2
BlockStat;28; 560; 200; 8; 8;Chroma_IntraMode;0
BlockStat;28; 560; 200; 8; 8;MultiRefIdx;0
BlockStat;28; 560; 200; 8; 8;Cbf_Y;1
BlockStat;28; 560; 200; 8; 8;TransformSkipFlag_Y;0
BlockStat;28; 560; 200; 8; 8;Cbf_Cb;0
BlockStat;28; 560; 200; 8; 8;Cbf_Cr;0
BlockStat;28; 568; 192; 8; 4;Depth;5
BlockStat;28; 568; 192; 8; 4;QT_Depth;3
BlockStat;28; 568; 192; 8; 4;BT_Depth;3
BlockStat;28; 568; 192; 8; 4;MT_Depth;2
BlockStat;28; 568; 192; 8; 4;ChromaQPAdj;0
BlockStat;28; 568; 192; 8; 4;QP;38
BlockStat;28; 568; 192; 8; 4;SplitSeries;4293665
BlockStat;28; 568; 192; 8; 4;SkipFlag;0
BlockStat;28; 568; 192; 8; 4;PredMode;1
BlockStat;28; 568; 192; 8; 4;Luma_IntraMode;11
BlockStat;28; 568; 192; 8; 4;MultiRefIdx;0
BlockStat;28; 568; 192; 8; 4;Cbf_Y;1
BlockStat;28; 568; 192; 8; 4;TransformSkipFlag_Y;0
BlockStat;28; 568; 196; 8; 8;Depth;5
BlockStat;28; 568; 196; 8; 8;QT_Depth;3
BlockStat;28; 568; 196; 8; 8;BT_Depth;2
BlockStat;28; 568; 196; 8; 8;MT_Depth;2
BlockStat;28; 568; 196; 8; 8;ChromaQPAdj;0
BlockStat;28; 568; 196; 8; 8;QP;38
BlockStat;28; 568; 196; 8; 8;SplitSeries;4293665
BlockStat;28; 568; 196; 8; 8;SkipFlag;0
BlockStat;28; 568; 196; 8; 8;PredMode;1
BlockStat;28; 568; 196; 8; 8;Luma_IntraMode;9
BlockStat;28; 568; 196; 8; 8;MultiRefIdx;0
BlockStat;28; 568; 196; 8; 8;Cbf_Y;1
BlockStat;28; 568; 196; 8; 8;TransformSkipFlag_Y;0
BlockStat;28; 568; 204; 8; 4;Depth;5
BlockStat;28; 568; 204; 8; 4;QT_Depth;3
BlockStat;28; 568; 204; 8; 4;BT_Depth;3
BlockStat;28; 568; 204; 8; 4;MT_Depth;2
BlockStat;28; 568; 204; 8; 4;ChromaQPAdj;0
BlockStat;28; 568; 204; 8; 4;QP;38
BlockStat;28; 568; 204; 8; 4;SplitSeries;4293665
BlockStat;28; 568; 204; 8; 4;SkipFlag;0
BlockStat;28; 568; 204; 8; 4;PredMode;1
BlockStat;28; 568; 204; 8; 4;Luma_IntraMode;5
BlockStat;28; 568; 204; 8; 4;MultiRefIdx;0
BlockStat;28; 568; 204; 8; 4;Cbf_Y;1
BlockStat;28; 568; 204; 8; 4;TransformSkipFlag_Y;0
BlockStat;28;   0;   0; 0; 0;Depth;4
BlockStat;28;   0;   0; 0; 0;QT_Depth;3
BlockStat;28;   0;   0; 0; 0;BT_Depth;1
BlockStat;28;   0;   0; 0; 0;MT_Depth;1
BlockStat;28;   0;   0; 0; 0;ChromaQPAdj;0
BlockStat;28;   0;   0; 0; 0;QP;38
BlockStat;28;   0;   0; 0; 0;SplitSeries;99361
BlockStat;28;   0;   0; 0; 0;PredMode;1
BlockStat;28; 568; 192; 8;16;Chroma_IntraMode;0
BlockStat;28; 568; 192; 8;16;Cbf_Cb;0
BlockStat;28; 568; 192; 8;16;Cbf_Cr;0
BlockStat;28; 544; 208;16;16;Depth;3
BlockStat;28; 544; 208;16;16;QT_Depth;3
BlockStat;28; 544; 208;16;16;BT_Depth;0
BlockStat;28; 544; 208;16;16;MT_Depth;0
BlockStat;28; 544; 208;16;16;ChromaQPAdj;0
BlockStat;28; 544; 208;16;16;QP;38
BlockStat;28; 544; 208;16;16;SplitSeries;1057
BlockStat;28; 544; 208;16;16;SkipFlag;0
BlockStat;28; 544; 208;16;16;PredMode;1
BlockStat;28; 544; 208;16;16;Luma_IntraMode;0
BlockStat;28; 544; 208;16;16;Chroma_IntraMode;0
BlockStat;28; 544; 208;16;16;MultiRefIdx;0
BlockStat;28; 544; 208;16;16;Cbf_Y;0
BlockStat;28; 544; 208;16;16;TransformSkipFlag_Y;0
BlockStat;28; 544; 208;16;16;Cbf_Cb;0
BlockStat;28; 544; 208;16;16;Cbf_Cr;0
BlockStat;28; 560; 208;16;16;Depth;3
BlockStat;28; 560; 208;16;16;QT_Depth;3
BlockStat;28; 560; 208;16;16;BT_Depth;0
BlockStat;28; 560; 208;16;16;MT_Depth;0
BlockStat;28; 560; 208;16;16;ChromaQPAdj;0
BlockStat;28; 560; 208;16;16;QP;38
BlockStat;28; 560; 208;16;16;SplitSeries;1057
BlockStat;28; 560; 208;16;16;SkipFlag;0
BlockStat;28; 560; 208;16;16;PredMode;1
BlockStat;28; 560; 208;16;16;Luma_IntraMode;4
BlockStat;28; 560; 208;16;16;Chroma_IntraMode;0
BlockStat;28; 560; 208;16;16;MultiRefIdx;0
BlockStat;28; 560; 208;16;16;Cbf_Y;1
BlockStat;28; 560; 208;16;16;TransformSkipFlag_Y;2
BlockStat;28; 560; 208;16;16;Cbf_Cb;0
BlockStat;28; 560; 208;16;16;Cbf_Cr;0
BlockStat;28; 512; 224;32;32;Depth;2
BlockStat;28; 512; 224;32;32;QT_Depth;2
BlockStat;28; 512; 224;32;32;BT_Depth;0
BlockStat;28; 512; 224;32;32;MT_Depth;0
BlockStat;28; 512; 224;32;32;ChromaQPAdj;0
BlockStat;28; 512; 224;32;32;QP;38
BlockStat;28; 512; 224;32;32;SplitSeries;33
BlockStat;28; 512; 224;32;32;SkipFlag;0
BlockStat;28; 512; 224;32;32;PredMode;0
BlockStat;28; 512; 224;32;32;MergeFlag;0
BlockStat;28; 512; 224;32;32;InterDir;1
BlockStat;28; 512; 224;32;32;AffineFlag;0
BlockStat;28; 512; 224;32;32;MVPIdxL0;0
BlockStat;28; 512; 224;32;32;RefIdxL0;1
BlockStat;28; 512; 224;32;32;MVDL0;  16;-128
BlockStat;28; 512; 224;32;32;MVL0; 352;-160
BlockStat;28; 512; 224;32;32;IMVMode;2
BlockStat;28; 512; 224;32;32;RootCbf;1
BlockStat;28; 512; 224;32;32;Cbf_Y;1
BlockStat;28; 512; 224;32;32;TransformSkipFlag_Y;0
BlockStat;28; 512; 224;32;32;Cbf_Cb;0
BlockStat;28; 512; 224;32;32;Cbf_Cr;0
BlockStat;28; 544; 224;32;32;Depth;2
BlockStat;28; 544; 224;32;32;QT_Depth;2
BlockStat;28; 544; 224;32;32;BT_Depth;0
BlockStat;28; 544; 224;32;32;MT_Depth;0
BlockStat;28; 544; 224;32;32;ChromaQPAdj;0
BlockStat;28; 544; 224;32;32;QP;38
BlockStat;28; 544; 224;32;32;SplitSeries;33
BlockStat;28; 544; 224;32;32;SkipFlag;0
BlockStat;28; 544; 224;32;32;PredMode;1
BlockStat;28; 544; 224;32;32;Luma_IntraMode;9
BlockStat;28; 544; 224;32;32;Chroma_IntraMode;0
BlockStat;28; 544; 224;32;32;MultiRefIdx;0
BlockStat;28; 544; 224;32;32;Cbf_Y;1
BlockStat;28; 544; 224;32;32;TransformSkipFlag_Y;0
BlockStat;28; 544; 224;32;32;Cbf_Cb;0
BlockStat;28; 544; 224;32;32;Cbf_Cr;1
BlockStat;28; 576; 192; 8; 4;Depth;5
BlockStat;28; 576; 192; 8; 4;QT_Depth;2
BlockStat;28; 576; 192; 8; 4;BT_Depth;5
BlockStat;28; 576; 192; 8; 4;MT_Depth;3
BlockStat;28; 576; 192; 8; 4;ChromaQPAdj;0
BlockStat;28; 576; 192; 8; 4;QP;38
BlockStat;28; 576; 192; 8; 4;SplitSeries;4264993
BlockStat;28; 576; 192; 8; 4;SkipFlag;0
BlockStat;28; 576; 192; 8; 4;PredMode;1
BlockStat;28; 576; 192; 8; 4;Luma_IntraMode;43
BlockStat;28; 576; 192; 8; 4;MultiRefIdx;0
BlockStat;28; 576; 192; 8; 4;Cbf_Y;0
BlockStat;28; 576; 192; 8; 4;TransformSkipFlag_Y;0
BlockStat;28; 576; 196; 8; 8;Depth;5
BlockStat;28; 576; 196; 8; 8;QT_Depth;2
BlockStat;28; 576; 196; 8; 8;BT_Depth;4
BlockStat;28; 576; 196; 8; 8;MT_Depth;3
BlockStat;28; 576; 196; 8; 8;ChromaQPAdj;0
BlockStat;28; 576; 196; 8; 8;QP;38
BlockStat;28; 576; 196; 8; 8;SplitSeries;4264993
BlockStat;28; 576; 196; 8; 8;SkipFlag;0
BlockStat;28; 576; 196; 8; 8;PredMode;1
BlockStat;28; 576; 196; 8; 8;Luma_IntraMode;2
BlockStat;28; 576; 196; 8; 8;MultiRefIdx;0
BlockStat;28; 576; 196; 8; 8;Cbf_Y;1
BlockStat;28; 576; 196; 8; 8;TransformSkipFlag_Y;2
BlockStat;28; 576; 204; 8; 4;Depth;5
BlockStat;28; 576; 204; 8; 4;QT_Depth;2
BlockStat;28; 576; 204; 8; 4;BT_Depth;5
BlockStat;28; 576; 204; 8; 4;MT_Depth;3
BlockStat;28; 576; 204; 8; 4;ChromaQPAdj;0
BlockStat;28; 576; 204; 8; 4;QP;38
BlockStat;28; 576; 204; 8; 4;SplitSeries;4264993
BlockStat;28; 576; 204; 8; 4;SkipFlag;0
BlockStat;28; 576; 204; 8; 4;PredMode;1
BlockStat;28; 576; 204; 8; 4;Luma_IntraMode;1
BlockStat;28; 576; 204; 8; 4;MultiRefIdx;0
BlockStat;28; 576; 204; 8; 4;Cbf_Y;1
BlockStat;28; 576; 204; 8; 4;TransformSkipFlag_Y;0
BlockStat;28;   0;   0; 0; 0;Depth;4
BlockStat;28;   0;   0; 0; 0;QT_Depth;2
BlockStat;28;   0;   0; 0; 0;BT_Depth;3
BlockStat;28;   0;   0; 0; 0;MT_Depth;2
BlockStat;28;   0;   0; 0; 0;ChromaQPAdj;0
BlockStat;28;   0;   0; 0; 0;QP;38
BlockStat;28;   0;   0; 0; 0;SplitSeries;70689
BlockStat;28;   0;   0; 0; 0;PredMode;1
BlockStat;28; 576; 192; 8;16;Chroma_IntraMode;0
BlockStat;28; 576; 192; 8;16;Cbf_Cb;0
BlockStat;28; 576; 192; 8;16;Cbf_Cr;0
BlockStat;28; 576; 208; 8;16;Depth;4
BlockStat;28; 576; 208; 8;16;QT_Depth;2
BlockStat;28; 576; 208; 8;16;BT_Depth;3
BlockStat;28; 576; 208; 8;16;MT_Depth;2
BlockStat;28; 576; 208; 8;16;ChromaQPAdj;0
BlockStat;28; 576; 208; 8;16;QP;38
BlockStat;28; 576; 208; 8;16;SplitSeries;70689
BlockStat;28; 576; 208; 8;16;SkipFlag;0
BlockStat;28; 576; 208; 8;16;PredMode;1
BlockStat;28; 576; 208; 8;16;Luma_IntraMode;43
BlockStat;28; 576; 208; 8;16;Chroma_IntraMode;43
BlockStat;28; 576; 208; 8;16;MultiRefIdx;0
BlockStat;28; 576; 208; 8;16;Cbf_Y;1
BlockStat;28; 576; 208; 8;16;TransformSkipFlag_Y;0
BlockStat;28; 576; 208; 8;16;Cbf_Cb;0
BlockStat;28; 576; 208; 8;16;Cbf_Cr;0
BlockStat;28; 584; 192; 4;32;Depth;4
BlockStat;28; 584; 192; 4;32;QT_Depth;2
BlockStat;28; 584; 192; 4;32;BT_Depth;3
BlockStat;28; 584; 192; 4;32;MT_Depth;2
BlockStat;28; 584; 192; 4;32;ChromaQPAdj;0
BlockStat;28; 584; 192; 4;32;QP;38
BlockStat;28; 584; 192; 4;32;SplitSeries;168993
BlockStat;28; 584; 192; 4;32;SkipFlag;0
BlockStat;28; 584; 192; 4;32;PredMode;1
BlockStat;28; 584; 192; 4;32;Luma_IntraMode;43
BlockStat;28; 584; 192; 4;32;Chroma_IntraMode;43
BlockStat;28; 584; 192; 4;32;MultiRefIdx;0
BlockStat;28; 584; 192; 4;32;Cbf_Y;1
BlockStat;28; 584; 192; 4;32;TransformSkipFlag_Y;2
BlockStat;28; 584; 192; 4;32;Cbf_Cb;0
BlockStat;28; 584; 192; 4;32;Cbf_Cr;0
BlockStat;28; 588; 192; 8;32;Depth;4
BlockStat;28; 588; 192; 8;32;QT_Depth;2
BlockStat;28; 588; 192; 8;32;BT_Depth;2
BlockStat;28; 588; 192; 8;32;MT_Depth;2
BlockStat;28; 588; 192; 8;32;ChromaQPAdj;0
BlockStat;28; 588; 192; 8;32;QP;38
BlockStat;28; 588; 192; 8;32;SplitSeries;168993
BlockStat;28; 588; 192; 8;32;SkipFlag;0
BlockStat;28; 588; 192; 8;32;PredMode;1
BlockStat;28; 588; 192; 8;32;Luma_IntraMode;0
BlockStat;28; 588; 192; 8;32;Chroma_IntraMode;0
BlockStat;28; 588; 192; 8;32;MultiRefIdx;0
BlockStat;28; 588; 192; 8;32;Cbf_Y;1
BlockStat;28; 588; 192; 8;32;TransformSkipFlag_Y;2
BlockStat;28; 588; 192; 8;32;Cbf_Cb;0
BlockStat;28; 588; 192; 8;32;Cbf_Cr;0
BlockStat;28; 596; 192; 4;32;Depth;4
BlockStat;28; 596; 192; 4;32;QT_Depth;2
BlockStat;28; 596; 192; 4;32;BT_Depth;3
BlockStat;28; 596; 192; 4;32;MT_Depth;2
BlockStat;28; 596; 192; 4;32;ChromaQPAdj;0
BlockStat;28; 596; 192; 4;32;QP;38
BlockStat;28; 596; 192; 4;32;SplitSeries;168993
BlockStat;28; 596; 192; 4;32;SkipFlag;0
BlockStat;28; 596; 192; 4;32;PredMode;1
BlockStat;28; 596; 192; 4;32;Luma_IntraMode;35
BlockStat;28; 596; 192; 4;32;Chroma_IntraMode;35
BlockStat;28; 596; 192; 4;32;MultiRefIdx;0
BlockStat;28; 596; 192; 4;32;Cbf_Y;0
BlockStat;28; 596; 192; 4;32;TransformSkipFlag_Y;0
BlockStat;28; 596; 192; 4;32;Cbf_Cb;0
BlockStat;28; 596; 192; 4;32;Cbf_Cr;0
BlockStat;28; 600; 192; 8;32;Depth;3
BlockStat;28; 600; 192; 8;32;QT_Depth;2
BlockStat;28; 600; 192; 8;32;BT_Depth;2
BlockStat;28; 600; 192; 8;32;MT_Depth;1
BlockStat;28; 600; 192; 8;32;ChromaQPAdj;0
BlockStat;28; 600; 192; 8;32;QP;38
BlockStat;28; 600; 192; 8;32;SplitSeries;5153
BlockStat;28; 600; 192; 8;32;SkipFlag;0
BlockStat;28; 600; 192; 8;32;PredMode;0
BlockStat;28; 600; 192; 8;32;MergeFlag;0
BlockStat;28; 600; 192; 8;32;InterDir;1
BlockStat;28; 600; 192; 8;32;MVPIdxL0;0
BlockStat;28; 600; 192; 8;32;RefIdxL0;0
BlockStat;28; 600; 192; 8;32;MVDL0;  16; -64
BlockStat;28; 600; 192; 8;32;MVL0; 128; -80
BlockStat;28; 600; 192; 8;32;IMVMode;2
BlockStat;28; 600; 192; 8;32;RootCbf;0
BlockStat;28; 608; 192;16;16;Depth;3
BlockStat;28; 608; 192;16;16;QT_Depth;3
BlockStat;28; 608; 192;16;16;BT_Depth;0
BlockStat;28; 608; 192;16;16;MT_Depth;0
BlockStat;28; 608; 192;16;16;ChromaQPAdj;0
BlockStat;28; 608; 192;16;16;QP;38
BlockStat;28; 608; 192;16;16;SplitSeries;1057
BlockStat;28; 608; 192;16;16;SkipFlag;0
BlockStat;28; 608; 192;16;16;PredMode;1
BlockStat;28; 608; 192;16;16;Luma_IntraMode;9
BlockStat;28; 608; 192;16;16;Chroma_IntraMode;67
BlockStat;28; 608; 192;16;16;MultiRefIdx;0
BlockStat;28; 608; 192;16;16;Cbf_Y;1
BlockStat;28; 608; 192;16;16;TransformSkipFlag_Y;0
BlockStat;28; 608; 192;16;16;Cbf_Cb;0
BlockStat;28; 608; 192;16;16;Cbf_Cr;0
BlockStat;28; 624; 192; 8; 8;Depth;5
BlockStat;28; 624; 192; 8; 8;QT_Depth;3
BlockStat;28; 624; 192; 8; 8;BT_Depth;2
BlockStat;28; 624; 192; 8; 8;MT_Depth;2
BlockStat;28; 624; 192; 8; 8;ChromaQPAdj;0
BlockStat;28; 624; 192; 8; 8;QP;38
BlockStat;28; 624; 192; 8; 8;SplitSeries;2196513
BlockStat;28; 624; 192; 8; 8;SkipFlag;0
BlockStat;28; 624; 192; 8; 8;PredMode;1
BlockStat;28; 624; 192; 8; 8;Luma_IntraMode;0
BlockStat;28; 624; 192; 8; 8;Chroma_IntraMode;0
BlockStat;28; 624; 192; 8; 8;MultiRefIdx;0
BlockStat;28; 624; 192; 8; 8;Cbf_Y;1
BlockStat;28; 624; 192; 8; 8;TransformSkipFlag_Y;2
BlockStat;28; 624; 192; 8; 8;Cbf_Cb;0
BlockStat;28; 624; 192; 8; 8;Cbf_Cr;0
BlockStat;28; 624; 200; 8; 8;Depth;5
BlockStat;28; 624; 200; 8; 8;QT_Depth;3
BlockStat;28; 624; 200; 8; 8;BT_Depth;2
BlockStat;28; 624; 200; 8; 8;MT_Depth;2
BlockStat;28; 624; 200; 8; 8;ChromaQPAdj;0
BlockStat;28; 624; 200; 8; 8;QP;38
BlockStat;28; 624; 200; 8; 8;SplitSeries;2196513
BlockStat;28; 624; 200; 8; 8;SkipFlag;0
BlockStat;28; 624; 200; 8; 8;PredMode;1
BlockStat;28; 624; 200; 8; 8;Luma_IntraMode;4
BlockStat;28; 624; 200; 8; 8;Chroma_IntraMode;0
BlockStat;28; 624; 200; 8; 8;MultiRefIdx;0
BlockStat;28; 624; 200; 8; 8;Cbf_Y;1
BlockStat;28; 624; 200; 8; 8;TransformSkipFlag_Y;0
BlockStat;28; 624; 200; 8; 8;Cbf_Cb;0
BlockStat;28; 624; 200; 8; 8;Cbf_Cr;0
BlockStat;28; 632; 192; 8; 4;Depth;5
BlockStat;28; 632; 192; 8; 4;QT_Depth;3
BlockStat;28; 632; 192; 8; 4;BT_Depth;3
BlockStat;28; 632; 192; 8; 4;MT_Depth;2
BlockStat;28; 632; 192; 8; 4;ChromaQPAdj;0
BlockStat;28; 632; 192; 8; 4;QP;38
BlockStat;28; 632; 192; 8; 4;SplitSeries;4293665
BlockStat;28; 632; 192; 8; 4;SkipFlag;0
BlockStat;28; 632; 192; 8; 4;PredMode;1
BlockStat;28; 632; 192; 8; 4;Luma_IntraMode;57
BlockStat;28; 632; 192; 8; 4;MultiRefIdx;0
BlockStat;28; 632; 192; 8; 4;Cbf_Y;1
BlockStat;28; 632; 192; 8; 4;TransformSkipFlag_Y;0
BlockStat;28; 632; 196; 4; 8;Depth;6
BlockStat;28; 632; 196; 4; 8;QT_Depth;3
BlockStat;28; 632; 196; 4; 8;BT_Depth;3
BlockStat;28; 632; 196; 4; 8;MT_Depth;3
BlockStat;28; 632; 196; 4; 8;ChromaQPAdj;0
BlockStat;28; 632; 196; 4; 8;QP;38
BlockStat;28; 632; 196; 4; 8;SplitSeries;104956961
BlockStat;28; 632; 196; 4; 8;SkipFlag;0
BlockStat;28; 632; 196; 4; 8;PredMode;1
BlockStat;28; 632; 196; 4; 8;Luma_IntraMode;2
BlockStat;28; 632; 196; 4; 8;MultiRefIdx;0
BlockStat;28; 632; 196; 4; 8;Cbf_Y;1
BlockStat;28; 632; 196; 4; 8;TransformSkipFlag_Y;2
BlockStat;28; 636; 196; 4; 8;Depth;6
BlockStat;28; 636; 196; 4; 8;QT_Depth;3
BlockStat;28; 636; 196; 4; 8;BT_Depth;3
BlockStat;28; 636; 196; 4; 8;MT_Depth;3
BlockStat;28; 636; 196; 4; 8;ChromaQPAdj;0
BlockStat;28; 636; 196; 4; 8;QP;38
BlockStat;28; 636; 196; 4; 8;SplitSeries;104956961
BlockStat;28; 636; 196; 4; 8;SkipFlag;0
BlockStat;28; 636; 196; 4; 8;PredMode;1
BlockStat;28; 636; 196; 4; 8;Luma_IntraMode;8
BlockStat;28; 636; 196; 4; 8;MultiRefIdx;0
BlockStat;28; 636; 196; 4; 8;Cbf_Y;0
BlockStat;28; 636; 196; 4; 8;TransformSkipFlag_Y;0
BlockStat;28; 632; 204; 8; 4;Depth;5
BlockStat;28; 632; 204; 8; 4;QT_Depth;3
BlockStat;28; 632; 204; 8; 4;BT_Depth;3
BlockStat;28; 632; 204; 8; 4;MT_Depth;2
BlockStat;28; 632; 204; 8; 4;ChromaQPAdj;0
BlockStat;28; 632; 204; 8; 4;QP;38
BlockStat;28; 632; 204; 8; 4;SplitSeries;4293665
BlockStat;28; 632; 204; 8; 4;SkipFlag;0
BlockStat;28; 632; 204; 8; 4;PredMode;1
BlockStat;28; 632; 204; 8; 4;Luma_IntraMode;1
BlockStat;28; 632; 204; 8; 4;MultiRefIdx;0
BlockStat;28; 632; 204; 8; 4;Cbf_Y;0
BlockStat;28; 632; 204; 8; 4;TransformSkipFlag_Y;0
BlockStat;28;   0;   0; 0; 0;Depth;4
BlockStat;28;   0;   0; 0; 0;QT_Depth;3
BlockStat;28;   0;   0; 0; 0;BT_Depth;1
BlockStat;28;   0;   0; 0; 0;MT_Depth;1
BlockStat;28;   0;   0; 0; 0;ChromaQPAdj;0
BlockStat;28;   0;   0; 0; 0;QP;38
BlockStat;28;   0;   0; 0; 0;SplitSeries;99361
BlockStat;28;   0;   0; 0; 0;PredMode;1
BlockStat;28; 632; 192; 8;16;Chroma_IntraMode;0
BlockStat;28; 632; 192; 8;16;Cbf_Cb;0
BlockStat;28; 632; 192; 8;16;Cbf_Cr;0
BlockStat;28; 608; 208;16;16;Depth;3
BlockStat;28; 608; 208;16;16;QT_Depth;3
BlockStat;28; 608; 208;16;16;BT_Depth;0
BlockStat;28; 608; 208;16;16;MT_Depth;0
BlockStat;28; 608; 208;16;16;ChromaQPAdj;0
BlockStat;28; 608; 208;16;16;QP;38
BlockStat;28; 608; 208;16;16;SplitSeries;1057
BlockStat;28; 608; 208;16;16;SkipFlag;0
BlockStat;28; 608; 208;16;16;PredMode;1
BlockStat;28; 608; 208;16;16;Luma_IntraMode;50
BlockStat;28; 608; 208;16;16;Chroma_IntraMode;50
BlockStat;28; 608; 208;16;16;MultiRefIdx;0
BlockStat;28; 608; 208;16;16;Cbf_Y;0
BlockStat;28; 608; 208;16;16;TransformSkipFlag_Y;0
BlockStat;28; 608; 208;16;16;Cbf_Cb;0
BlockStat;28; 608; 208;16;16;Cbf_Cr;0
BlockStat;28; 624; 208;16;16;Depth;3
BlockStat;28; 624; 208;16;16;QT_Depth;3
BlockStat;28; 624; 208;16;16;BT_Depth;0
BlockStat;28; 624; 208;16;16;MT_Depth;0
BlockStat;28; 624; 208;16;16;ChromaQPAdj;0
BlockStat;28; 624; 208;16;16;QP;38
BlockStat;28; 624; 208;16;16;SplitSeries;1057
BlockStat;28; 624; 208;16;16;SkipFlag;0
BlockStat;28; 624; 208;16;16;PredMode;1
BlockStat;28; 624; 208;16;16;Luma_IntraMode;44
BlockStat;28; 624; 208;16;16;Chroma_IntraMode;44
BlockStat;28; 624; 208;16;16;MultiRefIdx;0
BlockStat;28; 624; 208;16;16;Cbf_Y;1
BlockStat;28; 624; 208;16;16;TransformSkipFlag_Y;0
BlockStat;28; 624; 208;16;16;Cbf_Cb;0
BlockStat;28; 624; 208;16;16;Cbf_Cr;0
BlockStat;28; 576; 224;16; 4;Depth;5
BlockStat;28; 576; 224;16; 4;QT_Depth;2
BlockStat;28; 576; 224;16; 4;BT_Depth;4
BlockStat;28; 576; 224;16; 4;MT_Depth;3
BlockStat;28; 576; 224;16; 4;ChromaQPAdj;0
BlockStat;28; 576; 224;16; 4;QP;38
BlockStat;28; 576; 224;16; 4;SplitSeries;4294689
BlockStat;28; 576; 224;16; 4;SkipFlag;0
BlockStat;28; 576; 224;16; 4;PredMode;1
BlockStat;28; 576; 224;16; 4;Luma_IntraMode;43
BlockStat;28; 576; 224;16; 4;Chroma_IntraMode;43
BlockStat;28; 576; 224;16; 4;MultiRefIdx;0
BlockStat;28; 576; 224;16; 4;Cbf_Y;0
BlockStat;28; 576; 224;16; 4;TransformSkipFlag_Y;0
BlockStat;28; 576; 224;16; 4;Cbf_Cb;0
BlockStat;28; 576; 224;16; 4;Cbf_Cr;0
BlockStat;28; 576; 228;16; 8;Depth;5
BlockStat;28; 576; 228;16; 8;QT_Depth;2
BlockStat;28; 576; 228;16; 8;BT_Depth;3
BlockStat;28; 576; 228;16; 8;MT_Depth;3
BlockStat;28; 576; 228;16; 8;ChromaQPAdj;0
BlockStat;28; 576; 228;16; 8;QP;38
BlockStat;28; 576; 228;16; 8;SplitSeries;4294689
BlockStat;28; 576; 228;16; 8;SkipFlag;0
BlockStat;28; 576; 228;16; 8;PredMode;1
BlockStat;28; 576; 228;16; 8;Luma_IntraMode;41
BlockStat;28; 576; 228;16; 8;Chroma_IntraMode;41
BlockStat;28; 576; 228;16; 8;MultiRefIdx;0
BlockStat;28; 576; 228;16; 8;Cbf_Y;1
BlockStat;28; 576; 228;16; 8;TransformSkipFlag_Y;2
BlockStat;28; 576; 228;16; 8;Cbf_Cb;0
BlockStat;28; 576; 228;16; 8;Cbf_Cr;0
BlockStat;28; 576; 236;16; 4;Depth;5
BlockStat;28; 576; 236;16; 4;QT_Depth;2
BlockStat;28; 576; 236;16; 4;BT_Depth;4
BlockStat;28; 576; 236;16; 4;MT_Depth;3
BlockStat;28; 576; 236;16; 4;ChromaQPAdj;0
BlockStat;28; 576; 236;16; 4;QP;38
BlockStat;28; 576; 236;16; 4;SplitSeries;4294689
BlockStat;28; 576; 236;16; 4;SkipFlag;0
BlockStat;28; 576; 236;16; 4;PredMode;1
BlockStat;28; 576; 236;16; 4;Luma_IntraMode;41
BlockStat;28; 576; 236;16; 4;Chroma_IntraMode;41
BlockStat;28; 576; 236;16; 4;MultiRefIdx;0
BlockStat;28; 576; 236;16; 4;Cbf_Y;1
BlockStat;28; 576; 236;16; 4;TransformSkipFlag_Y;0
BlockStat;28; 576; 236;16; 4;Cbf_Cb;0
BlockStat;28; 576; 236;16; 4;Cbf_Cr;0
BlockStat;28; 592; 224;16;16;Depth;4
BlockStat;28; 592; 224;16;16;QT_Depth;2
BlockStat;28; 592; 224;16;16;BT_Depth;2
BlockStat;28; 592; 224;16;16;MT_Depth;2
BlockStat;28; 592; 224;16;16;ChromaQPAdj;0
BlockStat;28; 592; 224;16;16;QP;38
BlockStat;28; 592; 224;16;16;SplitSeries;100385
BlockStat;28; 592; 224;16;16;SkipFlag;0
BlockStat;28; 592; 224;16;16;PredMode;1
BlockStat;28; 592; 224;16;16;Luma_IntraMode;41
BlockStat;28; 592; 224;16;16;Chroma_IntraMode;41
BlockStat;28; 592; 224;16;16;MultiRefIdx;3
BlockStat;28; 592; 224;16;16;Cbf_Y;1
BlockStat;28; 592; 224;16;16;TransformSkipFlag_Y;0
BlockStat;28; 592; 224;16;16;Cbf_Cb;0
BlockStat;28; 592; 224;16;16;Cbf_Cr;0
BlockStat;28; 576; 240;16;16;Depth;4
BlockStat;28; 576; 240;16;16;QT_Depth;2
BlockStat;28; 576; 240;16;16;BT_Depth;2
BlockStat;28; 576; 240;16;16;MT_Depth;2
BlockStat;28; 576; 240;16;16;ChromaQPAdj;0
BlockStat;28; 576; 240;16;16;QP;38
BlockStat;28; 576; 240;16;16;SplitSeries;100385
BlockStat;28; 576; 240;16;16;SkipFlag;0
BlockStat;28; 576; 240;16;16;PredMode;1
BlockStat;28; 576; 240;16;16;Luma_IntraMode;0
BlockStat;28; 576; 240;16;16;Chroma_IntraMode;0
BlockStat;28; 576; 240;16;16;MultiRefIdx;0
BlockStat;28; 576; 240; 4;16;Cbf_Y;0
BlockStat;28; 576; 240; 4;16;TransformSkipFlag_Y;0
BlockStat;28;   0;   0; 0; 0;Cbf_Cb;0
BlockStat;28;   0;   0; 0; 0;Cbf_Cr;0
BlockStat;28; 580; 240; 4;16;Cbf_Y;2
BlockStat;28; 580; 240; 4;16;TransformSkipFlag_Y;0
BlockStat;28;   0;   0; 0; 0;Cbf_Cb;0
BlockStat;28;   0;   0; 0; 0;Cbf_Cr;0
BlockStat;28; 584; 240; 4;16;Cbf_Y;2
BlockStat;28; 584; 240; 4;16;TransformSkipFlag_Y;0
BlockStat;28;   0;   0; 0; 0;Cbf_Cb;0
BlockStat;28;   0;   0; 0; 0;Cbf_Cr;0
BlockStat;28; 588; 240; 4;16;Cbf_Y;2
BlockStat;28; 588; 240; 4;16;TransformSkipFlag_Y;0
BlockStat;28; 576; 240;16;16;Cbf_Cb;0
BlockStat;28; 576; 240;16;16;Cbf_Cr;0
BlockStat;28; 592; 240;16;16;Depth;4
BlockStat;28; 592; 240;16;16;QT_Depth;2
BlockStat;28; 592; 240;16;16;BT_Depth;2
BlockStat;28; 592; 240;16;16;MT_Depth;2
BlockStat;28; 592; 240;16;16;ChromaQPAdj;0
BlockStat;28; 592; 240;16;16;QP;38
BlockStat;28; 592; 240;16;16;SplitSeries;100385
BlockStat;28; 592; 240;16;16;SkipFlag;1
BlockStat;28; 592; 240;16;16;MMVDSkipFlag;0
BlockStat;28; 592; 240;16;16;PredMode;0
BlockStat;28; 592; 240;16;16;MergeIdx;0
BlockStat;28; 592; 240;16;16;MergeType;0
BlockStat;28; 592; 240;16;16;MMVDMergeFlag;0
BlockStat;28; 592; 240;16;16;AffineFlag;0
BlockStat;28; 592; 240;16;16;MVPIdxL0;255
BlockStat;28; 592; 240;16;16;RefIdxL0;0
BlockStat;28; 592; 240;16;16;MVPIdxL1;255
BlockStat;28; 592; 240;16;16;RefIdxL1;0
BlockStat;28; 592; 240;16;16;MVDL0;   0;   0
BlockStat;28; 592; 240;16;16;MVL0; 106; -11
BlockStat;28; 592; 240;16;16;MVDL1;   0;   0
BlockStat;28; 592; 240;16;16;MVL1; 106; -11
BlockStat;28; 608; 224;32;32;Depth;2
BlockStat;28; 608; 224;32;32;QT_Depth;2
BlockStat;28; 608; 224;32;32;BT_Depth;0
BlockStat;28; 608; 224;32;32;MT_Depth;0
BlockStat;28; 608; 224;32;32;ChromaQPAdj;0
BlockStat;28; 608; 224;32;32;QP;38
BlockStat;28; 608; 224;32;32;SplitSeries;33
BlockStat;28; 608; 224;32;32;SkipFlag;0
BlockStat;28; 608; 224;32;32;PredMode;1
BlockStat;28; 608; 224;32;32;Luma_IntraMode;45
BlockStat;28; 608; 224;32;32;Chroma_IntraMode;67
BlockStat;28; 608; 224;32;32;MultiRefIdx;0
BlockStat;28; 608; 224;32;32;Cbf_Y;1
BlockStat;28; 608; 224;32;32;TransformSkipFlag_Y;2
BlockStat;28; 608; 224;32;32;Cbf_Cb;0
BlockStat;28; 608; 224;32;32;Cbf_Cr;0
BlockStat;28; 640; 128;32;16;Depth;3
BlockStat;28; 640; 128;32;16;QT_Depth;2
BlockStat;28; 640; 128;32;16;BT_Depth;1
BlockStat;28; 640; 128;32;16;MT_Depth;1
BlockStat;28; 640; 128;32;16;ChromaQPAdj;0
BlockStat;28; 640; 128;32;16;QP;38
BlockStat;28; 640; 128;32;16;SplitSeries;2081
BlockStat;28; 640; 128;32;16;SkipFlag;1
BlockStat;28; 640; 128;32;16;MMVDSkipFlag;0
BlockStat;28; 640; 128;32;16;PredMode;0
BlockStat;28; 640; 128;32;16;MergeIdx;39
BlockStat;28; 640; 128;32;16;MergeType;0
BlockStat;28; 640; 128;32;16;MMVDMergeFlag;1
BlockStat;28; 640; 128;32;16;MMVDMergeIdx;39
BlockStat;28; 640; 128;32;16;MVPIdxL0;255
BlockStat;28; 640; 128;32;16;RefIdxL0;0
BlockStat;28; 640; 128;32;16;MVPIdxL1;255
BlockStat;28; 640; 128;32;16;RefIdxL1;0
BlockStat;28; 640; 128;32;16;MVDL0;   0;   0
BlockStat;28; 640; 128;32;16;MVL0;  52; -22
BlockStat;28; 640; 128;32;16;MVDL1;   0;   0
BlockStat;28; 640; 128;32;16;MVL1;  48; -30
BlockStat;28; 640; 144;32;16;Depth;3
BlockStat;28; 640; 144;32;16;QT_Depth;2
BlockStat;28; 640; 144;32;16;BT_Depth;1
BlockStat;28; 640; 144;32;16;MT_Depth;1
BlockStat;28; 640; 144;32;16;ChromaQPAdj;0
BlockStat;28; 640; 144;32;16;QP;38
BlockStat;28; 640; 144;32;16;SplitSeries;2081
BlockStat;28; 640; 144;32;16;SkipFlag;0
BlockStat;28; 640; 144;32;16;PredMode;0
BlockStat;28; 640; 144;32;16;MergeFlag;1
BlockStat;28; 640; 144;32;16;MergeIdx;41
BlockStat;28; 640; 144;32;16;MergeType;0
BlockStat;28; 640; 144;32;16;MMVDMergeFlag;1
BlockStat;28; 640; 144;32;16;MMVDMergeIdx;41
BlockStat;28; 640; 144;32;16;MVPIdxL0;255
BlockStat;28; 640; 144;32;16;RefIdxL0;0
BlockStat;28; 640; 144;32;16;MVPIdxL1;255
BlockStat;28; 640; 144;32;16;RefIdxL1;0
BlockStat;28; 640; 144;32;16;MVDL0;   0;   0
BlockStat;28; 640; 144;32;16;MVL0;  48; -22
BlockStat;28; 640; 144;32;16;MVDL1;   0;   0
BlockStat;28; 640; 144;32;16;MVL1;  44; -30
BlockStat;28; 640; 144;32;16;Cbf_Y;1
BlockStat;28; 640; 144;32;16;TransformSkipFlag_Y;0
BlockStat;28; 640; 144;32;16;Cbf_Cb;0
BlockStat;28; 640; 144;32;16;Cbf_Cr;0
BlockStat;28; 672; 128;16; 8;Depth;4
BlockStat;28; 672; 128;16; 8;QT_Depth;3
BlockStat;28; 672; 128;16; 8;BT_Depth;1
BlockStat;28; 672; 128;16; 8;MT_Depth;1
BlockStat;28; 672; 128;16; 8;ChromaQPAdj;0
BlockStat;28; 672; 128;16; 8;QP;38
BlockStat;28; 672; 128;16; 8;SplitSeries;66593
BlockStat;28; 672; 128;16; 8;SkipFlag;0
BlockStat;28; 672; 128;16; 8;PredMode;0
BlockStat;28; 672; 128;16; 8;MergeFlag;0
BlockStat;28; 672; 128;16; 8;InterDir;1
BlockStat;28; 672; 128;16; 8;MVPIdxL0;0
BlockStat;28; 672; 128;16; 8;RefIdxL0;0
BlockStat;28; 672; 128;16; 8;MVDL0; -12;  -4
BlockStat;28; 672; 128;16; 8;MVL0;  40; -24
BlockStat;28; 672; 128;16; 8;IMVMode;1
BlockStat;28; 672; 128;16; 8;RootCbf;1
BlockStat;28; 672; 128;16; 8;Cbf_Y;1
BlockStat;28; 672; 128;16; 8;TransformSkipFlag_Y;0
BlockStat;28; 672; 128;16; 8;Cbf_Cb;0
BlockStat;28; 672; 128;16; 8;Cbf_Cr;0
BlockStat;28; 672; 136;16; 8;Depth;4
BlockStat;28; 672; 136;16; 8;QT_Depth;3
BlockStat;28; 672; 136;16; 8;BT_Depth;1
BlockStat;28; 672; 136;16; 8;MT_Depth;1
BlockStat;28; 672; 136;16; 8;ChromaQPAdj;0
BlockStat;28; 672; 136;16; 8;QP;38
BlockStat;28; 672; 136;16; 8;SplitSeries;66593
BlockStat;28; 672; 136;16; 8;SkipFlag;0
BlockStat;28; 672; 136;16; 8;PredMode;0
BlockStat;28; 672; 136;16; 8;MergeFlag;0
BlockStat;28; 672; 136;16; 8;InterDir;1
BlockStat;28; 672; 136;16; 8;MVPIdxL0;1
BlockStat;28; 672; 136;16; 8;RefIdxL0;0
BlockStat;28; 672; 136;16; 8;MVDL0;  -8;  -4
BlockStat;28; 672; 136;16; 8;MVL0;  32; -28
BlockStat;28; 672; 136;16; 8;IMVMode;1
BlockStat;28; 672; 136;16; 8;RootCbf;1
BlockStat;28; 672; 136;16; 4;Cbf_Y;0
BlockStat;28; 672; 136;16; 4;TransformSkipFlag_Y;0
BlockStat;28; 672; 136;16; 4;Cbf_Cb;0
BlockStat;28; 672; 136;16; 4;Cbf_Cr;0
BlockStat;28; 672; 140;16; 4;Cbf_Y;2
BlockStat;28; 672; 140;16; 4;TransformSkipFlag_Y;0
BlockStat;28; 672; 140;16; 4;Cbf_Cb;0
BlockStat;28; 672; 140;16; 4;Cbf_Cr;0
BlockStat;28; 688; 128; 8; 8;Depth;4
BlockStat;28; 688; 128; 8; 8;QT_Depth;4
BlockStat;28; 688; 128; 8; 8;BT_Depth;0
BlockStat;28; 688; 128; 8; 8;MT_Depth;0
BlockStat;28; 688; 128; 8; 8;ChromaQPAdj;0
BlockStat;28; 688; 128; 8; 8;QP;38
BlockStat;28; 688; 128; 8; 8;SplitSeries;33825
BlockStat;28; 688; 128; 8; 8;SkipFlag;1
BlockStat;28; 688; 128; 8; 8;MMVDSkipFlag;0
BlockStat;28; 688; 128; 8; 8;PredMode;0
BlockStat;28; 688; 128; 8; 8;MergeIdx;0
BlockStat;28; 688; 128; 8; 8;MergeType;0
BlockStat;28; 688; 128; 8; 8;MMVDMergeFlag;0
BlockStat;28; 688; 128; 8; 8;AffineFlag;0
BlockStat;28; 688; 128; 8; 8;MVPIdxL0;255
BlockStat;28; 688; 128; 8; 8;RefIdxL0;0
BlockStat;28; 688; 128; 8; 8;MVDL0;   0;   0
BlockStat;28; 688; 128; 8; 8;MVL0;  40; -24
BlockStat;28; 696; 128; 8; 8;Depth;4
BlockStat;28; 696; 128; 8; 8;QT_Depth;4
BlockStat;28; 696; 128; 8; 8;BT_Depth;0
BlockStat;28; 696; 128; 8; 8;MT_Depth;0
BlockStat;28; 696; 128; 8; 8;ChromaQPAdj;0
BlockStat;28; 696; 128; 8; 8;QP;38
BlockStat;28; 696; 128; 8; 8;SplitSeries;33825
BlockStat;28; 696; 128; 8; 8;SkipFlag;0
BlockStat;28; 696; 128; 8; 8;PredMode;0
BlockStat;28; 696; 128; 8; 8;MergeFlag;0
BlockStat;28; 696; 128; 8; 8;InterDir;1
BlockStat;28; 696; 128; 8; 8;MVPIdxL0;1
BlockStat;28; 696; 128; 8; 8;RefIdxL0;0
BlockStat;28; 696; 128; 8; 8;MVDL0;   4;   0
BlockStat;28; 696; 128; 8; 8;MVL0;  68; -12
BlockStat;28; 696; 128; 8; 8;IMVMode;1
BlockStat;28; 696; 128; 8; 8;RootCbf;1
BlockStat;28; 696; 128; 8; 8;Cbf_Y;1
BlockStat;28; 696; 128; 8; 8;TransformSkipFlag_Y;0
BlockStat;28; 696; 128; 8; 8;Cbf_Cb;0
BlockStat;28; 696; 128; 8; 8;Cbf_Cr;0
BlockStat;28; 688; 136; 8; 8;Depth;4
BlockStat;28; 688; 136; 8; 8;QT_Depth;4
BlockStat;28; 688; 136; 8; 8;BT_Depth;0
BlockStat;28; 688; 136; 8; 8;MT_Depth;0
BlockStat;28; 688; 136; 8; 8;ChromaQPAdj;0
BlockStat;28; 688; 136; 8; 8;QP;38
BlockStat;28; 688; 136; 8; 8;SplitSeries;33825
BlockStat;28; 688; 136; 8; 8;SkipFlag;0
BlockStat;28; 688; 136; 8; 8;PredMode;0
BlockStat;28; 688; 136; 8; 8;MergeFlag;1
BlockStat;28; 688; 136; 8; 8;MergeIdx;7
BlockStat;28; 688; 136; 8; 8;MergeType;0
BlockStat;28; 688; 136; 8; 8;MMVDMergeFlag;1
BlockStat;28; 688; 136; 8; 8;MMVDMergeIdx;7
BlockStat;28; 688; 136; 8; 8;MVPIdxL0;255
BlockStat;28; 688; 136; 8; 8;RefIdxL0;0
BlockStat;28; 688; 136; 8; 8;MVDL0;   0;   0
BlockStat;28; 688; 136; 8; 8;MVL0;  32; -30
BlockStat;28; 688; 136; 8; 8;Cbf_Y;1
BlockStat;28; 688; 136; 8; 8;TransformSkipFlag_Y;0
BlockStat;28; 688; 136; 8; 8;Cbf_Cb;0
BlockStat;28; 688; 136; 8; 8;Cbf_Cr;0
BlockStat;28; 696; 136; 8; 8;Depth;4
BlockStat;28; 696; 136; 8; 8;QT_Depth;4
BlockStat;28; 696; 136; 8; 8;BT_Depth;0
BlockStat;28; 696; 136; 8; 8;MT_Depth;0
BlockStat;28; 696; 136; 8; 8;ChromaQPAdj;0
BlockStat;28; 696; 136; 8; 8;QP;38
BlockStat;28; 696; 136; 8; 8;SplitSeries;33825
BlockStat;28; 696; 136; 8; 8;SkipFlag;0
BlockStat;28; 696; 136; 8; 8;PredMode;0
BlockStat;28; 696; 136; 8; 8;MergeFlag;0
BlockStat;28; 696; 136; 8; 8;InterDir;1
BlockStat;28; 696; 136; 8; 8;MVPIdxL0;1
BlockStat;28; 696; 136; 8; 8;RefIdxL0;0
BlockStat;28; 696; 136; 8; 8;MVDL0;   5;   1
BlockStat;28; 696; 136; 8; 8;MVL0;  73; -11
BlockStat;28; 696; 136; 8; 8;IMVMode;0
BlockStat;28; 696; 136; 8; 8;RootCbf;0
BlockStat;28; 672; 144;16; 4;Depth;5
BlockStat;28; 672; 144;16; 4;QT_Depth;3
BlockStat;28; 672; 144;16; 4;BT_Depth;2
BlockStat;28; 672; 144;16; 4;MT_Depth;2
BlockStat;28; 672; 144;16; 4;ChromaQPAdj;0
BlockStat;28; 672; 144;16; 4;QP;38
BlockStat;28; 672; 144;16; 4;SplitSeries;2163745
BlockStat;28; 672; 144;16; 4;SkipFlag;0
BlockStat;28; 672; 144;16; 4;PredMode;0
BlockStat;28; 672; 144;16; 4;MergeFlag;0
BlockStat;28; 672; 144;16; 4;InterDir;1
BlockStat;28; 672; 144;16; 4;MVPIdxL0;0
BlockStat;28; 672; 144;16; 4;RefIdxL0;0
BlockStat;28; 672; 144;16; 4;MVDL0; -24;   0
BlockStat;28; 672; 144;16; 4;MVL0;  24; -20
BlockStat;28; 672; 144;16; 4;IMVMode;1
BlockStat;28; 672; 144;16; 4;RootCbf;0
BlockStat;28; 672; 148;16; 4;Depth;5
BlockStat;28; 672; 148;16; 4;QT_Depth;3
BlockStat;28; 672; 148;16; 4;BT_Depth;2
BlockStat;28; 672; 148;16; 4;MT_Depth;2
BlockStat;28; 672; 148;16; 4;ChromaQPAdj;0
BlockStat;28; 672; 148;16; 4;QP;38
BlockStat;28; 672; 148;16; 4;SplitSeries;2163745
BlockStat;28; 672; 148;16; 4;SkipFlag;0
BlockStat;28; 672; 148;16; 4;PredMode;0
BlockStat;28; 672; 148;16; 4;MergeFlag;0
BlockStat;28; 672; 148;16; 4;InterDir;1
BlockStat;28; 672; 148;16; 4;MVPIdxL0;0
BlockStat;28; 672; 148;16; 4;RefIdxL0;0
BlockStat;28; 672; 148;16; 4;MVDL0;  52;  -8
BlockStat;28; 672; 148;16; 4;MVL0; 100; -28
BlockStat;28; 672; 148;16; 4;IMVMode;1
BlockStat;28; 672; 148;16; 4;RootCbf;0
BlockStat;28; 672; 152; 4; 8;Depth;5
BlockStat;28; 672; 152; 4; 8;QT_Depth;3
BlockStat;28; 672; 152; 4; 8;BT_Depth;3
BlockStat;28; 672; 152; 4; 8;MT_Depth;2
BlockStat;28; 672; 152; 4; 8;ChromaQPAdj;0
BlockStat;28; 672; 152; 4; 8;QP;38
BlockStat;28; 672; 152; 4; 8;SplitSeries;5309473
BlockStat;28; 672; 152; 4; 8;SkipFlag;0
BlockStat;28; 672; 152; 4; 8;PredMode;0
BlockStat;28; 672; 152; 4; 8;MergeFlag;0
BlockStat;28; 672; 152; 4; 8;InterDir;1
BlockStat;28; 672; 152; 4; 8;MVPIdxL0;0
BlockStat;28; 672; 152; 4; 8;RefIdxL0;0
BlockStat;28; 672; 152; 4; 8;MVDL0;  32;   0
BlockStat;28; 672; 152; 4; 8;MVL0;  80; -20
BlockStat;28; 672; 152; 4; 8;IMVMode;1
BlockStat;28; 672; 152; 4; 8;RootCbf;1
BlockStat;28; 672; 152; 4; 8;Cbf_Y;1
BlockStat;28; 672; 152; 4; 8;TransformSkipFlag_Y;0
BlockStat;28; 672; 152; 4; 8;Cbf_Cb;0
BlockStat;28; 672; 152; 4; 8;Cbf_Cr;0
BlockStat;28; 676; 152; 8; 8;Depth;5
BlockStat;28; 676; 152; 8; 8;QT_Depth;3
BlockStat;28; 676; 152; 8; 8;BT_Depth;2
BlockStat;28; 676; 152; 8; 8;MT_Depth;2
BlockStat;28; 676; 152; 8; 8;ChromaQPAdj;0
BlockStat;28; 676; 152; 8; 8;QP;38
BlockStat;28; 676; 152; 8; 8;SplitSeries;5309473
BlockStat;28; 676; 152; 8; 8;SkipFlag;1
BlockStat;28; 676; 152; 8; 8;MMVDSkipFlag;0
BlockStat;28; 676; 152; 8; 8;PredMode;0
BlockStat;28; 676; 152; 8; 8;MergeIdx;0
BlockStat;28; 676; 152; 8; 8;MergeType;0
BlockStat;28; 676; 152; 8; 8;MMVDMergeFlag;0
BlockStat;28; 676; 152; 8; 8;AffineFlag;0
BlockStat;28; 676; 152; 8; 8;MVPIdxL0;255
BlockStat;28; 676; 152; 8; 8;RefIdxL0;0
BlockStat: POC 28 @( 676, 152) [ 8x 8] TrianglePartitioning={   0,   0,   8,   8}
BlockStat: POC 28 @[(676, 152)--(684, 152)--(684, 160)--] TriangleMVL0={ 100, -28}
BlockStat: POC 28 @[(676, 152)--(676, 160)--(684, 160)--] TriangleMVL0={  80, -20}
BlockStat;28; 684; 152; 4; 8;Depth;5
BlockStat;28; 684; 152; 4; 8;QT_Depth;3
BlockStat;28; 684; 152; 4; 8;BT_Depth;3
BlockStat;28; 684; 152; 4; 8;MT_Depth;2
BlockStat;28; 684; 152; 4; 8;ChromaQPAdj;0
BlockStat;28; 684; 152; 4; 8;QP;38
BlockStat;28; 684; 152; 4; 8;SplitSeries;5309473
BlockStat;28; 684; 152; 4; 8;SkipFlag;1
BlockStat;28; 684; 152; 4; 8;MMVDSkipFlag;0
BlockStat;28; 684; 152; 4; 8;PredMode;0
BlockStat;28; 684; 152; 4; 8;MergeIdx;0
BlockStat;28; 684; 152; 4; 8;MergeType;0
BlockStat;28; 684; 152; 4; 8;MMVDMergeFlag;0
BlockStat;28; 684; 152; 4; 8;MVPIdxL0;255
BlockStat;28; 684; 152; 4; 8;RefIdxL0;0
BlockStat;28; 684; 152; 4; 8;MVDL0;   0;   0
BlockStat;28; 684; 152; 4; 8;MVL0;  80; -20
BlockStat;28; 688; 144;16;16;Depth;3
BlockStat;28; 688; 144;16;16;QT_Depth;3
BlockStat;28; 688; 144;16;16;BT_Depth;0
BlockStat;28; 688; 144;16;16;MT_Depth;0
BlockStat;28; 688; 144;16;16;ChromaQPAdj;0
BlockStat;28; 688; 144;16;16;QP;38
BlockStat;28; 688; 144;16;16;SplitSeries;1057
BlockStat;28; 688; 144;16;16;SkipFlag;1
BlockStat;28; 688; 144;16;16;MMVDSkipFlag;0
BlockStat;28; 688; 144;16;16;PredMode;0
BlockStat;28; 688; 144;16;16;MergeIdx;1
BlockStat;28; 688; 144;16;16;MergeType;0
BlockStat;28; 688; 144;16;16;MMVDMergeFlag;0
BlockStat;28; 688; 144;16;16;AffineFlag;0
BlockStat;28; 688; 144;16;16;MVPIdxL0;255
BlockStat;28; 688; 144;16;16;RefIdxL0;0
BlockStat: POC 28 @( 688, 144) [16x16] TrianglePartitioning={   0,  16,  16,   0}
BlockStat: POC 28 @[(688, 144)--(704, 144)--(688, 160)--] TriangleMVL0={  80, -20}
BlockStat: POC 28 @[(704, 144)--(688, 160)--(704, 160)--] TriangleMVL0={  73, -11}
BlockStat;28; 640; 160;16; 8;Depth;4
BlockStat;28; 640; 160;16; 8;QT_Depth;2
BlockStat;28; 640; 160;16; 8;BT_Depth;3
BlockStat;28; 640; 160;16; 8;MT_Depth;2
BlockStat;28; 640; 160;16; 8;ChromaQPAdj;0
BlockStat;28; 640; 160;16; 8;QP;38
BlockStat;28; 640; 160;16; 8;SplitSeries;102433
BlockStat;28; 640; 160;16; 8;SkipFlag;0
BlockStat;28; 640; 160;16; 8;PredMode;0
BlockStat;28; 640; 160;16; 8;MergeFlag;0
BlockStat;28; 640; 160;16; 8;InterDir;1
BlockStat;28; 640; 160;16; 8;MVPIdxL0;0
BlockStat;28; 640; 160;16; 8;RefIdxL0;0
BlockStat;28; 640; 160;16; 8;MVDL0;   4;  -8
BlockStat;28; 640; 160;16; 8;MVL0;  84; -24
BlockStat;28; 640; 160;16; 8;IMVMode;1
BlockStat;28; 640; 160;16; 8;RootCbf;0
BlockStat;28; 656; 160;16; 4;Depth;5
BlockStat;28; 656; 160;16; 4;QT_Depth;2
BlockStat;28; 656; 160;16; 4;BT_Depth;4
BlockStat;28; 656; 160;16; 4;MT_Depth;3
BlockStat;28; 656; 160;16; 4;ChromaQPAdj;0
BlockStat;28; 656; 160;16; 4;QP;38
BlockStat;28; 656; 160;16; 4;SplitSeries;2199585
BlockStat;28; 656; 160;16; 4;SkipFlag;0
BlockStat;28; 656; 160;16; 4;PredMode;0
BlockStat;28; 656; 160;16; 4;MergeFlag;0
BlockStat;28; 656; 160;16; 4;InterDir;1
BlockStat;28; 656; 160;16; 4;MVPIdxL0;0
BlockStat;28; 656; 160;16; 4;RefIdxL0;0
BlockStat;28; 656; 160;16; 4;MVDL0;  -8;   0
BlockStat;28; 656; 160;16; 4;MVL0;  76; -24
BlockStat;28; 656; 160;16; 4;IMVMode;1
BlockStat;28; 656; 160;16; 4;RootCbf;1
BlockStat;28; 656; 160;16; 4;Cbf_Y;1
BlockStat;28; 656; 160;16; 4;TransformSkipFlag_Y;0
BlockStat;28; 656; 160;16; 4;Cbf_Cb;0
BlockStat;28; 656; 160;16; 4;Cbf_Cr;0
BlockStat;28; 656; 164;16; 4;Depth;5
BlockStat;28; 656; 164;16; 4;QT_Depth;2
BlockStat;28; 656; 164;16; 4;BT_Depth;4
BlockStat;28; 656; 164;16; 4;MT_Depth;3
BlockStat;28; 656; 164;16; 4;ChromaQPAdj;0
BlockStat;28; 656; 164;16; 4;QP;38
BlockStat;28; 656; 164;16; 4;SplitSeries;2199585
BlockStat;28; 656; 164;16; 4;SkipFlag;0
BlockStat;28; 656; 164;16; 4;PredMode;0
BlockStat;28; 656; 164;16; 4;MergeFlag;0
BlockStat;28; 656; 164;16; 4;InterDir;1
BlockStat;28; 656; 164;16; 4;MVPIdxL0;0
BlockStat;28; 656; 164;16; 4;RefIdxL0;1
BlockStat;28; 656; 164;16; 4;MVDL0;  15; -50
BlockStat;28; 656; 164;16; 4;MVL0; 177;  26
BlockStat;28; 656; 164;16; 4;IMVMode;0
BlockStat;28; 656; 164;16; 4;RootCbf;0
BlockStat;28; 640; 168;16;16;Depth;4
BlockStat;28; 640; 168;16;16;QT_Depth;2
BlockStat;28; 640; 168;16;16;BT_Depth;2
BlockStat;28; 640; 168;16;16;MT_Depth;2
BlockStat;28; 640; 168;16;16;ChromaQPAdj;0
BlockStat;28; 640; 168;16;16;QP;38
BlockStat;28; 640; 168;16;16;SplitSeries;102433
BlockStat;28; 640; 168;16;16;SkipFlag;1
BlockStat;28; 640; 168;16;16;MMVDSkipFlag;0
BlockStat;28; 640; 168;16;16;PredMode;0
BlockStat;28; 640; 168;16;16;MergeIdx;4
BlockStat;28; 640; 168;16;16;MergeType;0
BlockStat;28; 640; 168;16;16;MMVDMergeFlag;1
BlockStat;28; 640; 168;16;16;MMVDMergeIdx;4
BlockStat;28; 640; 168;16;16;MVPIdxL0;255
BlockStat;28; 640; 168;16;16;RefIdxL0;0
BlockStat;28; 640; 168;16;16;MVDL0;   0;   0
BlockStat;28; 640; 168;16;16;MVL0;  82; -17
BlockStat;28; 656; 168; 8;16;Depth;5
BlockStat;28; 656; 168; 8;16;QT_Depth;2
BlockStat;28; 656; 168; 8;16;BT_Depth;3
BlockStat;28; 656; 168; 8;16;MT_Depth;3
BlockStat;28; 656; 168; 8;16;ChromaQPAdj;0
BlockStat;28; 656; 168; 8;16;QP;38
BlockStat;28; 656; 168; 8;16;SplitSeries;3248161
BlockStat;28; 656; 168; 8;16;SkipFlag;1
BlockStat;28; 656; 168; 8;16;MMVDSkipFlag;0
BlockStat;28; 656; 168; 8;16;PredMode;0
BlockStat;28; 656; 168; 8;16;MergeIdx;39
BlockStat;28; 656; 168; 8;16;MergeType;0
BlockStat;28; 656; 168; 8;16;MMVDMergeFlag;1
BlockStat;28; 656; 168; 8;16;MMVDMergeIdx;39
BlockStat;28; 656; 168; 8;16;MVPIdxL0;255
BlockStat;28; 656; 168; 8;16;RefIdxL0;1
BlockStat;28; 656; 168; 8;16;MVDL0;   0;   0
BlockStat;28; 656; 168; 8;16;MVL0; 177;  24
BlockStat;28; 664; 168; 8;16;Depth;5
BlockStat;28; 664; 168; 8;16;QT_Depth;2
BlockStat;28; 664; 168; 8;16;BT_Depth;3
BlockStat;28; 664; 168; 8;16;MT_Depth;3
BlockStat;28; 664; 168; 8;16;ChromaQPAdj;0
BlockStat;28; 664; 168; 8;16;QP;38
BlockStat;28; 664; 168; 8;16;SplitSeries;3248161
BlockStat;28; 664; 168; 8;16;SkipFlag;0
BlockStat;28; 664; 168; 8;16;PredMode;0
BlockStat;28; 664; 168; 8;16;MergeFlag;0
BlockStat;28; 664; 168; 8;16;InterDir;3
BlockStat;28; 664; 168; 8;16;MVPIdxL0;0
BlockStat;28; 664; 168; 8;16;RefIdxL0;1
BlockStat;28; 664; 168; 8;16;MVPIdxL1;0
BlockStat;28; 664; 168; 8;16;RefIdxL1;0
BlockStat;28; 664; 168; 8;16;MVDL0;   4;   4
BlockStat;28; 664; 168; 8;16;MVL0; 180;  28
BlockStat;28; 664; 168; 8;16;MVDL1;   0;   0
BlockStat;28; 664; 168; 8;16;MVL1;  84; -24
BlockStat;28; 664; 168; 8;16;IMVMode;1
BlockStat;28; 664; 168; 8;16;RootCbf;0
BlockStat;28; 640; 184; 8; 4;Depth;5
BlockStat;28; 640; 184; 8; 4;QT_Depth;2
BlockStat;28; 640; 184; 8; 4;BT_Depth;5
BlockStat;28; 640; 184; 8; 4;MT_Depth;3
BlockStat;28; 640; 184; 8; 4;ChromaQPAdj;0
BlockStat;28; 640; 184; 8; 4;QP;38
BlockStat;28; 640; 184; 8; 4;SplitSeries;2265121
BlockStat;28; 640; 184; 8; 4;SkipFlag;0
BlockStat;28; 640; 184; 8; 4;PredMode;1
BlockStat;28; 640; 184; 8; 4;Luma_IntraMode;0
BlockStat;28; 640; 184; 8; 4;MultiRefIdx;0
BlockStat;28; 640; 184; 8; 4;Cbf_Y;1
BlockStat;28; 640; 184; 8; 4;TransformSkipFlag_Y;2
BlockStat;28; 640; 188; 8; 4;Depth;5
BlockStat;28; 640; 188; 8; 4;QT_Depth;2
BlockStat;28; 640; 188; 8; 4;BT_Depth;5
BlockStat;28; 640; 188; 8; 4;MT_Depth;3
BlockStat;28; 640; 188; 8; 4;ChromaQPAdj;0
BlockStat;28; 640; 188; 8; 4;QP;38
BlockStat;28; 640; 188; 8; 4;SplitSeries;2265121
BlockStat;28; 640; 188; 8; 4;SkipFlag;0
BlockStat;28; 640; 188; 8; 4;PredMode;1
BlockStat;28; 640; 188; 8; 4;Luma_IntraMode;10
BlockStat;28; 640; 188; 8; 4;MultiRefIdx;0
BlockStat;28; 640; 188; 8; 4;Cbf_Y;1
BlockStat;28; 640; 188; 8; 4;TransformSkipFlag_Y;0
BlockStat;28;   0;   0; 0; 0;Depth;4
BlockStat;28;   0;   0; 0; 0;QT_Depth;2
BlockStat;28;   0;   0; 0; 0;BT_Depth;4
BlockStat;28;   0;   0; 0; 0;MT_Depth;2
BlockStat;28;   0;   0; 0; 0;ChromaQPAdj;0
BlockStat;28;   0;   0; 0; 0;QP;38
BlockStat;28;   0;   0; 0; 0;SplitSeries;167969
BlockStat;28;   0;   0; 0; 0;PredMode;1
BlockStat;28; 640; 184; 8; 8;Chroma_IntraMode;0
BlockStat;28; 640; 184; 8; 8;Cbf_Cb;1
BlockStat;28; 640; 184; 8; 8;Cbf_Cr;0
BlockStat;28; 648; 184;16; 4;Depth;5
BlockStat;28; 648; 184;16; 4;QT_Depth;2
BlockStat;28; 648; 184;16; 4;BT_Depth;4
BlockStat;28; 648; 184;16; 4;MT_Depth;3
BlockStat;28; 648; 184;16; 4;ChromaQPAdj;0
BlockStat;28; 648; 184;16; 4;QP;38
BlockStat;28; 648; 184;16; 4;SplitSeries;2265121
BlockStat;28; 648; 184;16; 4;SkipFlag;1
BlockStat;28; 648; 184;16; 4;MMVDSkipFlag;0
BlockStat;28; 648; 184;16; 4;PredMode;0
BlockStat;28; 648; 184;16; 4;MergeIdx;2
BlockStat;28; 648; 184;16; 4;MergeType;0
BlockStat;28; 648; 184;16; 4;MMVDMergeFlag;0
BlockStat;28; 648; 184;16; 4;MVPIdxL0;255
BlockStat;28; 648; 184;16; 4;RefIdxL0;0
BlockStat;28; 648; 184;16; 4;MVDL0;   0;   0
BlockStat;28; 648; 184;16; 4;MVL0;  82; -17
BlockStat;28; 648; 188;16; 4;Depth;5
BlockStat;28; 648; 188;16; 4;QT_Depth;2
BlockStat;28; 648; 188;16; 4;BT_Depth;4
BlockStat;28; 648; 188;16; 4;MT_Depth;3
BlockStat;28; 648; 188;16; 4;ChromaQPAdj;0
BlockStat;28; 648; 188;16; 4;QP;38
BlockStat;28; 648; 188;16; 4;SplitSeries;2265121
BlockStat;28; 648; 188;16; 4;SkipFlag;0
BlockStat;28; 648; 188;16; 4;PredMode;0
BlockStat;28; 648; 188;16; 4;MergeFlag;1
BlockStat;28; 648; 188;16; 4;MergeIdx;55
BlockStat;28; 648; 188;16; 4;MergeType;0
BlockStat;28; 648; 188;16; 4;MMVDMergeFlag;1
BlockStat;28; 648; 188;16; 4;MMVDMergeIdx;55
BlockStat;28; 648; 188;16; 4;MVPIdxL0;255
BlockStat;28; 648; 188;16; 4;RefIdxL0;0
BlockStat;28; 648; 188;16; 4;MVPIdxL1;255
BlockStat;28; 648; 188;16; 4;RefIdxL1;0
BlockStat;28; 648; 188;16; 4;MVDL0;   0;   0
BlockStat;28; 648; 188;16; 4;MVL0;  50;  -5
BlockStat;28; 648; 188;16; 4;MVDL1;   0;   0
BlockStat;28; 648; 188;16; 4;MVL1;  50;  -5
BlockStat;28; 648; 188; 4; 4;Cbf_Y;2
BlockStat;28; 648; 188; 4; 4;TransformSkipFlag_Y;0
BlockStat;28; 648; 188; 4; 4;Cbf_Cb;0
BlockStat;28; 648; 188; 4; 4;Cbf_Cr;0
BlockStat;28; 652; 188;12; 4;Cbf_Y;0
BlockStat;28; 652; 188;12; 4;TransformSkipFlag_Y;0
BlockStat;28; 652; 188;12; 4;Cbf_Cb;0
BlockStat;28; 652; 188;12; 4;Cbf_Cr;0
BlockStat;28; 664; 184; 8; 8;Depth;4
BlockStat;28; 664; 184; 8; 8;QT_Depth;2
BlockStat;28; 664; 184; 8; 8;BT_Depth;4
BlockStat;28; 664; 184; 8; 8;MT_Depth;2
BlockStat;28; 664; 184; 8; 8;ChromaQPAdj;0
BlockStat;28; 664; 184; 8; 8;QP;38
BlockStat;28; 664; 184; 8; 8;SplitSeries;167969
BlockStat;28; 664; 184; 8; 8;SkipFlag;0
BlockStat;28; 664; 184; 8; 8;PredMode;0
BlockStat;28; 664; 184; 8; 8;MergeFlag;0
BlockStat;28; 664; 184; 8; 8;InterDir;1
BlockStat;28; 664; 184; 8; 8;MVPIdxL0;0
BlockStat;28; 664; 184; 8; 8;RefIdxL0;0
BlockStat;28; 664; 184; 8; 8;MVDL0;  -4;  -2
BlockStat;28; 664; 184; 8; 8;MVL0;  46;  -6
BlockStat;28; 664; 184; 8; 8;IMVMode;3
BlockStat;28; 664; 184; 8; 8;RootCbf;0
BlockStat;28; 672; 160;16;16;Depth;3
BlockStat;28; 672; 160;16;16;QT_Depth;3
BlockStat;28; 672; 160;16;16;BT_Depth;0
BlockStat;28; 672; 160;16;16;MT_Depth;0
BlockStat;28; 672; 160;16;16;ChromaQPAdj;0
BlockStat;28; 672; 160;16;16;QP;38
BlockStat;28; 672; 160;16;16;SplitSeries;1057
BlockStat;28; 672; 160;16;16;SkipFlag;0
BlockStat;28; 672; 160;16;16;PredMode;0
BlockStat;28; 672; 160;16;16;MergeFlag;0
BlockStat;28; 672; 160;16;16;InterDir;1
BlockStat;28; 672; 160;16;16;AffineFlag;1
BlockStat;28; 672; 160;16;16;AffineType;0
BlockStat;28; 672; 160;16;16;MVPIdxL0;0
BlockStat;28; 672; 160;16;16;RefIdxL0;1
BlockStat;28; 672; 160;16;16;AffineMVL0; 181;  32; 179;  39; 174;  30
BlockStat;28; 672; 160;16;16;RootCbf;0
BlockStat;28; 688; 160;16;16;Depth;3
BlockStat;28; 688; 160;16;16;QT_Depth;3
BlockStat;28; 688; 160;16;16;BT_Depth;0
BlockStat;28; 688; 160;16;16;MT_Depth;0
BlockStat;28; 688; 160;16;16;ChromaQPAdj;0
BlockStat;28; 688; 160;16;16;QP;38
BlockStat;28; 688; 160;16;16;SplitSeries;1057
BlockStat;28; 688; 160;16;16;SkipFlag;1
BlockStat;28; 688; 160;16;16;MMVDSkipFlag;0
BlockStat;28; 688; 160;16;16;PredMode;0
BlockStat;28; 688; 160;16;16;MergeIdx;0
BlockStat;28; 688; 160;16;16;MergeType;0
BlockStat;28; 688; 160;16;16;MMVDMergeFlag;0
BlockStat;28; 688; 160;16;16;AffineFlag;1
BlockStat;28; 688; 160;16;16;MVPIdxL0;0
BlockStat;28; 688; 160;16;16;RefIdxL0;1
BlockStat;28; 688; 160;16;16;AffineMVL0; 178;  42; 176;  49; 171;  40
BlockStat;28; 672; 176;16;16;Depth;3
BlockStat;28; 672; 176;16;16;QT_Depth;3
BlockStat;28; 672; 176;16;16;BT_Depth;0
BlockStat;28; 672; 176;16;16;MT_Depth;0
BlockStat;28; 672; 176;16;16;ChromaQPAdj;0
BlockStat;28; 672; 176;16;16;QP;38
BlockStat;28; 672; 176;16;16;SplitSeries;1057
BlockStat;28; 672; 176;16;16;SkipFlag;0
BlockStat;28; 672; 176;16;16;PredMode;0
BlockStat;28; 672; 176;16;16;MergeFlag;0
BlockStat;28; 672; 176;16;16;InterDir;1
BlockStat;28; 672; 176;16;16;AffineFlag;1
BlockStat;28; 672; 176;16;16;AffineType;0
BlockStat;28; 672; 176;16;16;MVPIdxL0;1
BlockStat;28; 672; 176;16;16;RefIdxL0;0
BlockStat;28; 672; 176;16;16;AffineMVL0;  76; -21;  73; -21;  76; -24
BlockStat;28; 672; 176;16;16;RootCbf;1
BlockStat;28; 672; 176;16;16;Cbf_Y;1
BlockStat;28; 672; 176;16;16;TransformSkipFlag_Y;0
BlockStat;28; 672; 176;16;16;Cbf_Cb;0
BlockStat;28; 672; 176;16;16;Cbf_Cr;0
BlockStat;28; 688; 176;16; 4;Depth;5
BlockStat;28; 688; 176;16; 4;QT_Depth;3
BlockStat;28; 688; 176;16; 4;BT_Depth;2
BlockStat;28; 688; 176;16; 4;MT_Depth;2
BlockStat;28; 688; 176;16; 4;ChromaQPAdj;0
BlockStat;28; 688; 176;16; 4;QP;38
BlockStat;28; 688; 176;16; 4;SplitSeries;2163745
BlockStat;28; 688; 176;16; 4;SkipFlag;1
BlockStat;28; 688; 176;16; 4;MMVDSkipFlag;0
BlockStat;28; 688; 176;16; 4;PredMode;0
BlockStat;28; 688; 176;16; 4;MergeIdx;10
BlockStat;28; 688; 176;16; 4;MergeType;0
BlockStat;28; 688; 176;16; 4;MMVDMergeFlag;1
BlockStat;28; 688; 176;16; 4;MMVDMergeIdx;10
BlockStat;28; 688; 176;16; 4;MVPIdxL0;255
BlockStat;28; 688; 176;16; 4;RefIdxL0;0
BlockStat;28; 688; 176;16; 4;MVDL0;   0;   0
BlockStat;28; 688; 176;16; 4;MVL0;  73; -17
BlockStat;28; 688; 180;16; 4;Depth;5
BlockStat;28; 688; 180;16; 4;QT_Depth;3
BlockStat;28; 688; 180;16; 4;BT_Depth;2
BlockStat;28; 688; 180;16; 4;MT_Depth;2
BlockStat;28; 688; 180;16; 4;ChromaQPAdj;0
BlockStat;28; 688; 180;16; 4;QP;38
BlockStat;28; 688; 180;16; 4;SplitSeries;2163745
BlockStat;28; 688; 180;16; 4;SkipFlag;0
BlockStat;28; 688; 180;16; 4;PredMode;0
BlockStat;28; 688; 180;16; 4;MergeFlag;1
BlockStat;28; 688; 180;16; 4;MergeIdx;5
BlockStat;28; 688; 180;16; 4;MergeType;0
BlockStat;28; 688; 180;16; 4;MMVDMergeFlag;0
BlockStat;28; 688; 180;16; 4;MHIntraFlag;1
BlockStat;28; 688; 180;16; 4;Luma_IntraMode;0
BlockStat;28; 688; 180;16; 4;Chroma_IntraMode;70
BlockStat;28; 688; 180;16; 4;MVPIdxL0;255
BlockStat;28; 688; 180;16; 4;RefIdxL0;0
BlockStat;28; 688; 180;16; 4;MVDL0;   0;   0
BlockStat;28; 688; 180;16; 4;MVL0;  73; -19
BlockStat;28; 688; 180;16; 4;Cbf_Y;1
BlockStat;28; 688; 180;16; 4;TransformSkipFlag_Y;0
BlockStat;28; 688; 180;16; 4;Cbf_Cb;0
BlockStat;28; 688; 180;16; 4;Cbf_Cr;0
BlockStat;28; 688; 184;16; 8;Depth;4
BlockStat;28; 688; 184;16; 8;QT_Depth;3
BlockStat;28; 688; 184;16; 8;BT_Depth;1
BlockStat;28; 688; 184;16; 8;MT_Depth;1
BlockStat;28; 688; 184;16; 8;ChromaQPAdj;0
BlockStat;28; 688; 184;16; 8;QP;38
BlockStat;28; 688; 184;16; 8;SplitSeries;66593
BlockStat;28; 688; 184;16; 8;SkipFlag;0
BlockStat;28; 688; 184;16; 8;PredMode;0
BlockStat;28; 688; 184;16; 8;MergeFlag;1
BlockStat;28; 688; 184;16; 8;MergeIdx;1
BlockStat;28; 688; 184;16; 8;MergeType;0
BlockStat;28; 688; 184;16; 8;MMVDMergeFlag;0
BlockStat;28; 688; 184;16; 8;AffineFlag;0
BlockStat;28; 688; 184;16; 8;MHIntraFlag;1
BlockStat;28; 688; 184;16; 8;Luma_IntraMode;0
BlockStat;28; 688; 184;16; 8;Chroma_IntraMode;70
BlockStat;28; 688; 184;16; 8;MVPIdxL0;255
BlockStat;28; 688; 184;16; 8;RefIdxL0;0
BlockStat;28; 688; 184;16; 8;MVDL0;   0;   0
BlockStat;28; 688; 184;16; 8;MVL0;  73; -19
BlockStat;28; 688; 184;16; 8;Cbf_Y;1
BlockStat;28; 688; 184;16; 8;TransformSkipFlag_Y;0
BlockStat;28; 688; 184;16; 8;Cbf_Cb;0
BlockStat;28; 688; 184;16; 8;Cbf_Cr;0
BlockStat;28; 704; 128; 8;16;Depth;5
BlockStat;28; 704; 128; 8;16;QT_Depth;2
BlockStat;28; 704; 128; 8;16;BT_Depth;3
BlockStat;28; 704; 128; 8;16;MT_Depth;3
BlockStat;28; 704; 128; 8;16;ChromaQPAdj;0
BlockStat;28; 704; 128; 8;16;QP;38
BlockStat;28; 704; 128; 8;16;SplitSeries;3214369
BlockStat;28; 704; 128; 8;16;SkipFlag;1
BlockStat;28; 704; 128; 8;16;MMVDSkipFlag;0
BlockStat;28; 704; 128; 8;16;PredMode;0
BlockStat;28; 704; 128; 8;16;MergeIdx;4
BlockStat;28; 704; 128; 8;16;MergeType;0
BlockStat;28; 704; 128; 8;16;MMVDMergeFlag;1
BlockStat;28; 704; 128; 8;16;MMVDMergeIdx;4
BlockStat;28; 704; 128; 8;16;MVPIdxL0;255
BlockStat;28; 704; 128; 8;16;RefIdxL0;0
BlockStat;28; 704; 128; 8;16;MVDL0;   0;   0
BlockStat;28; 704; 128; 8;16;MVL0;  75; -11
BlockStat;28; 712; 128; 8;16;Depth;5
BlockStat;28; 712; 128; 8;16;QT_Depth;2
BlockStat;28; 712; 128; 8;16;BT_Depth;3
BlockStat;28; 712; 128; 8;16;MT_Depth;3
BlockStat;28; 712; 128; 8;16;ChromaQPAdj;0
BlockStat;28; 712; 128; 8;16;QP;38
BlockStat;28; 712; 128; 8;16;SplitSeries;3214369
BlockStat;28; 712; 128; 8;16;SkipFlag;1
BlockStat;28; 712; 128; 8;16;MMVDSkipFlag;0
BlockStat;28; 712; 128; 8;16;PredMode;0
BlockStat;28; 712; 128; 8;16;MergeIdx;9
BlockStat;28; 712; 128; 8;16;MergeType;0
BlockStat;28; 712; 128; 8;16;MMVDMergeFlag;1
BlockStat;28; 712; 128; 8;16;MMVDMergeIdx;9
BlockStat;28; 712; 128; 8;16;MVPIdxL0;255
BlockStat;28; 712; 128; 8;16;RefIdxL0;0
BlockStat;28; 712; 128; 8;16;MVDL0;   0;   0
BlockStat;28; 712; 128; 8;16;MVL0;  71; -11
BlockStat;28; 704; 144; 8;16;Depth;5
BlockStat;28; 704; 144; 8;16;QT_Depth;2
BlockStat;28; 704; 144; 8;16;BT_Depth;3
BlockStat;28; 704; 144; 8;16;MT_Depth;3
BlockStat;28; 704; 144; 8;16;ChromaQPAdj;0
BlockStat;28; 704; 144; 8;16;QP;38
BlockStat;28; 704; 144; 8;16;SplitSeries;3214369
BlockStat;28; 704; 144; 8;16;SkipFlag;1
BlockStat;28; 704; 144; 8;16;MMVDSkipFlag;0
BlockStat;28; 704; 144; 8;16;PredMode;0
BlockStat;28; 704; 144; 8;16;MergeIdx;36
BlockStat;28; 704; 144; 8;16;MergeType;0
BlockStat;28; 704; 144; 8;16;MMVDMergeFlag;1
BlockStat;28; 704; 144; 8;16;MMVDMergeIdx;36
BlockStat;28; 704; 144; 8;16;MVPIdxL0;255
BlockStat;28; 704; 144; 8;16;RefIdxL0;0
BlockStat;28; 704; 144; 8;16;MVDL0;   0;   0
BlockStat;28; 704; 144; 8;16;MVL0;  77; -11
BlockStat;28; 712; 144; 8;16;Depth;5
BlockStat;28; 712; 144; 8;16;QT_Depth;2
BlockStat;28; 712; 144; 8;16;BT_Depth;3
BlockStat;28; 712; 144; 8;16;MT_Depth;3
BlockStat;28; 712; 144; 8;16;ChromaQPAdj;0
BlockStat;28; 712; 144; 8;16;QP;38
BlockStat;28; 712; 144; 8;16;SplitSeries;3214369
BlockStat;28; 712; 144; 8;16;SkipFlag;1
BlockStat;28; 712; 144; 8;16;MMVDSkipFlag;0
BlockStat;28; 712; 144; 8;16;PredMode;0
BlockStat;28; 712; 144; 8;16;MergeIdx;1
BlockStat;28; 712; 144; 8;16;MergeType;0
BlockStat;28; 712; 144; 8;16;MMVDMergeFlag;0
BlockStat;28; 712; 144; 8;16;AffineFlag;0
BlockStat;28; 712; 144; 8;16;MVPIdxL0;255
BlockStat;28; 712; 144; 8;16;RefIdxL0;0
BlockStat: POC 28 @( 712, 144) [ 8x16] TrianglePartitioning={   0,  16,   8,   0}
BlockStat: POC 28 @[(712, 144)--(720, 144)--(712, 160)--] TriangleMVL0={  77, -11}
BlockStat: POC 28 @[(720, 144)--(712, 160)--(720, 160)--] TriangleMVL0={  71, -11}
BlockStat;28; 720; 128;16; 8;Depth;4
BlockStat;28; 720; 128;16; 8;QT_Depth;2
BlockStat;28; 720; 128;16; 8;BT_Depth;3
BlockStat;28; 720; 128;16; 8;MT_Depth;2
BlockStat;28; 720; 128;16; 8;ChromaQPAdj;0
BlockStat;28; 720; 128;16; 8;QP;38
BlockStat;28; 720; 128;16; 8;SplitSeries;134177
BlockStat;28; 720; 128;16; 8;SkipFlag;1
BlockStat;28; 720; 128;16; 8;MMVDSkipFlag;0
BlockStat;28; 720; 128;16; 8;PredMode;0
BlockStat;28; 720; 128;16; 8;MergeIdx;39
BlockStat;28; 720; 128;16; 8;MergeType;0
BlockStat;28; 720; 128;16; 8;MMVDMergeFlag;1
BlockStat;28; 720; 128;16; 8;MMVDMergeIdx;39
BlockStat;28; 720; 128;16; 8;MVPIdxL0;255
BlockStat;28; 720; 128;16; 8;RefIdxL0;0
BlockStat;28; 720; 128;16; 8;MVDL0;   0;   0
BlockStat;28; 720; 128;16; 8;MVL0;  63; -15
BlockStat;28; 720; 136; 8;16;Depth;5
BlockStat;28; 720; 136; 8;16;QT_Depth;2
BlockStat;28; 720; 136; 8;16;BT_Depth;3
BlockStat;28; 720; 136; 8;16;MT_Depth;3
BlockStat;28; 720; 136; 8;16;ChromaQPAdj;0
BlockStat;28; 720; 136; 8;16;QP;38
BlockStat;28; 720; 136; 8;16;SplitSeries;3279905
BlockStat;28; 720; 136; 8;16;SkipFlag;1
BlockStat;28; 720; 136; 8;16;MMVDSkipFlag;0
BlockStat;28; 720; 136; 8;16;PredMode;0
BlockStat;28; 720; 136; 8;16;MergeIdx;0
BlockStat;28; 720; 136; 8;16;MergeType;0
BlockStat;28; 720; 136; 8;16;MMVDMergeFlag;0
BlockStat;28; 720; 136; 8;16;AffineFlag;0
BlockStat;28; 720; 136; 8;16;MVPIdxL0;255
BlockStat;28; 720; 136; 8;16;RefIdxL0;0
BlockStat;28; 720; 136; 8;16;MVDL0;   0;   0
BlockStat;28; 720; 136; 8;16;MVL0;  71; -11
BlockStat;28; 728; 136; 8;16;Depth;5
BlockStat;28; 728; 136; 8;16;QT_Depth;2
BlockStat;28; 728; 136; 8;16;BT_Depth;3
BlockStat;28; 728; 136; 8;16;MT_Depth;3
BlockStat;28; 728; 136; 8;16;ChromaQPAdj;0
BlockStat;28; 728; 136; 8;16;QP;38
BlockStat;28; 728; 136; 8;16;SplitSeries;3279905
BlockStat;28; 728; 136; 8;16;SkipFlag;1
BlockStat;28; 728; 136; 8;16;MMVDSkipFlag;0
BlockStat;28; 728; 136; 8;16;PredMode;0
BlockStat;28; 728; 136; 8;16;MergeIdx;1
BlockStat;28; 728; 136; 8;16;MergeType;0
BlockStat;28; 728; 136; 8;16;MMVDMergeFlag;0
BlockStat;28; 728; 136; 8;16;AffineFlag;0
BlockStat;28; 728; 136; 8;16;MVPIdxL0;255
BlockStat;28; 728; 136; 8;16;RefIdxL0;0
BlockStat: POC 28 @( 728, 136) [ 8x16] TrianglePartitioning={   0,  16,   8,   0}
BlockStat: POC 28 @[(728, 136)--(736, 136)--(728, 152)--] TriangleMVL0={  71, -11}
BlockStat: POC 28 @[(736, 136)--(728, 152)--(736, 152)--] TriangleMVL0={  63, -15}
BlockStat;28; 720; 152;16; 8;Depth;4
BlockStat;28; 720; 152;16; 8;QT_Depth;2
BlockStat;28; 720; 152;16; 8;BT_Depth;3
BlockStat;28; 720; 152;16; 8;MT_Depth;2
BlockStat;28; 720; 152;16; 8;ChromaQPAdj;0
BlockStat;28; 720; 152;16; 8;QP;38
BlockStat;28; 720; 152;16; 8;SplitSeries;134177
BlockStat;28; 720; 152;16; 8;SkipFlag;0
BlockStat;28; 720; 152;16; 8;PredMode;1
BlockStat;28; 720; 152;16; 8;Luma_IntraMode;18
BlockStat;28; 720; 152;16; 8;Chroma_IntraMode;18
BlockStat;28; 720; 152;16; 8;MultiRefIdx;1
BlockStat;28; 720; 152;16; 8;Cbf_Y;1
BlockStat;28; 720; 152;16; 8;TransformSkipFlag_Y;2
BlockStat;28; 720; 152;16; 8;Cbf_Cb;0
BlockStat;28; 720; 152;16; 8;Cbf_Cr;0
BlockStat;28; 736; 128; 8;16;Depth;5
BlockStat;28; 736; 128; 8;16;QT_Depth;2
BlockStat;28; 736; 128; 8;16;BT_Depth;3
BlockStat;28; 736; 128; 8;16;MT_Depth;3
BlockStat;28; 736; 128; 8;16;ChromaQPAdj;0
BlockStat;28; 736; 128; 8;16;QP;38
BlockStat;28; 736; 128; 8;16;SplitSeries;3214369
BlockStat;28; 736; 128; 8;16;SkipFlag;1
BlockStat;28; 736; 128; 8;16;MMVDSkipFlag;0
BlockStat;28; 736; 128; 8;16;PredMode;0
BlockStat;28; 736; 128; 8;16;MergeIdx;1
BlockStat;28; 736; 128; 8;16;MergeType;0
BlockStat;28; 736; 128; 8;16;MMVDMergeFlag;0
BlockStat;28; 736; 128; 8;16;AffineFlag;1
BlockStat;28; 736; 128; 8;16;MVPIdxL0;0
BlockStat;28; 736; 128; 8;16;RefIdxL0;0
BlockStat;28; 736; 128; 8;16;AffineMVL0;  61; -13;  57; -15;  61; -15
BlockStat;28; 744; 128; 8;16;Depth;5
BlockStat;28; 744; 128; 8;16;QT_Depth;2
BlockStat;28; 744; 128; 8;16;BT_Depth;3
BlockStat;28; 744; 128; 8;16;MT_Depth;3
BlockStat;28; 744; 128; 8;16;ChromaQPAdj;0
BlockStat;28; 744; 128; 8;16;QP;38
BlockStat;28; 744; 128; 8;16;SplitSeries;3214369
BlockStat;28; 744; 128; 8;16;SkipFlag;0
BlockStat;28; 744; 128; 8;16;PredMode;1
BlockStat;28; 744; 128; 8;16;Luma_IntraMode;60
BlockStat;28; 744; 128; 8;16;Chroma_IntraMode;60
BlockStat;28; 744; 128; 8;16;MultiRefIdx;0
BlockStat;28; 744; 128; 8;16;Cbf_Y;1
BlockStat;28; 744; 128; 8;16;TransformSkipFlag_Y;0
BlockStat;28; 744; 128; 8;16;Cbf_Cb;1
BlockStat;28; 744; 128; 8;16;Cbf_Cr;1
BlockStat;28; 736; 144;16;16;Depth;4
BlockStat;28; 736; 144;16;16;QT_Depth;2
BlockStat;28; 736; 144;16;16;BT_Depth;2
BlockStat;28; 736; 144;16;16;MT_Depth;2
BlockStat;28; 736; 144;16;16;ChromaQPAdj;0
BlockStat;28; 736; 144;16;16;QP;38
BlockStat;28; 736; 144;16;16;SplitSeries;68641
BlockStat;28; 736; 144;16;16;SkipFlag;0
BlockStat;28; 736; 144;16;16;PredMode;1
BlockStat;28; 736; 144;16;16;Luma_IntraMode;0
BlockStat;28; 736; 144;16;16;Chroma_IntraMode;66
BlockStat;28; 736; 144;16;16;MultiRefIdx;0
BlockStat;28; 736; 144;16;16;Cbf_Y;1
BlockStat;28; 736; 144;16;16;TransformSkipFlag_Y;0
BlockStat;28; 736; 144;16;16;Cbf_Cb;1
BlockStat;28; 736; 144;16;16;Cbf_Cr;1
BlockStat;28; 752; 128;16; 8;Depth;5
BlockStat;28; 752; 128;16; 8;QT_Depth;2
BlockStat;28; 752; 128;16; 8;BT_Depth;3
BlockStat;28; 752; 128;16; 8;MT_Depth;3
BlockStat;28; 752; 128;16; 8;ChromaQPAdj;0
BlockStat;28; 752; 128;16; 8;QP;38
BlockStat;28; 752; 128;16; 8;SplitSeries;2165793
BlockStat;28; 752; 128;16; 8;SkipFlag;0
BlockStat;28; 752; 128;16; 8;PredMode;1
BlockStat;28; 752; 128;16; 8;Luma_IntraMode;3
BlockStat;28; 752; 128;16; 8;Chroma_IntraMode;18
BlockStat;28; 752; 128;16; 8;MultiRefIdx;0
BlockStat;28; 752; 128;16; 8;Cbf_Y;1
BlockStat;28; 752; 128;16; 8;TransformSkipFlag_Y;0
BlockStat;28; 752; 128;16; 8;Cbf_Cb;1
BlockStat;28; 752; 128;16; 8;Cbf_Cr;0
BlockStat;28; 752; 136;16; 8;Depth;5
BlockStat;28; 752; 136;16; 8;QT_Depth;2
BlockStat;28; 752; 136;16; 8;BT_Depth;3
BlockStat;28; 752; 136;16; 8;MT_Depth;3
BlockStat;28; 752; 136;16; 8;ChromaQPAdj;0
BlockStat;28; 752; 136;16; 8;QP;38
BlockStat;28; 752; 136;16; 8;SplitSeries;2165793
BlockStat;28; 752; 136;16; 8;SkipFlag;0
BlockStat;28; 752; 136;16; 8;PredMode;1
BlockStat;28; 752; 136;16; 8;Luma_IntraMode;9
BlockStat;28; 752; 136;16; 8;Chroma_IntraMode;67
BlockStat;28; 752; 136;16; 8;MultiRefIdx;0
BlockStat;28; 752; 136;16; 8;Cbf_Y;1
BlockStat;28; 752; 136;16; 8;TransformSkipFlag_Y;2
BlockStat;28; 752; 136;16; 8;Cbf_Cb;1
BlockStat;28; 752; 136;16; 8;Cbf_Cr;0
BlockStat;28; 752; 144;16;16;Depth;4
BlockStat;28; 752; 144;16;16;QT_Depth;2
BlockStat;28; 752; 144;16;16;BT_Depth;2
BlockStat;28; 752; 144;16;16;MT_Depth;2
BlockStat;28; 752; 144;16;16;ChromaQPAdj;0
BlockStat;28; 752; 144;16;16;QP;38
BlockStat;28; 752; 144;16;16;SplitSeries;68641
BlockStat;28; 752; 144;16;16;SkipFlag;0
BlockStat;28; 752; 144;16;16;PredMode;1
BlockStat;28; 752; 144;16;16;Luma_IntraMode;46
BlockStat;28; 752; 144;16;16;Chroma_IntraMode;67
BlockStat;28; 752; 144;16;16;MultiRefIdx;1
BlockStat;28; 752; 144;16;16;Cbf_Y;0
BlockStat;28; 752; 144;16;16;TransformSkipFlag_Y;0
BlockStat;28; 752; 144;16;16;Cbf_Cb;0
BlockStat;28; 752; 144;16;16;Cbf_Cr;0
BlockStat;28; 704; 160;16;16;Depth;4
BlockStat;28; 704; 160;16;16;QT_Depth;2
BlockStat;28; 704; 160;16;16;BT_Depth;2
BlockStat;28; 704; 160;16;16;MT_Depth;2
BlockStat;28; 704; 160;16;16;ChromaQPAdj;0
BlockStat;28; 704; 160;16;16;QP;38
BlockStat;28; 704; 160;16;16;SplitSeries;68641
BlockStat;28; 704; 160;16;16;SkipFlag;0
BlockStat;28; 704; 160;16;16;PredMode;0
BlockStat;28; 704; 160;16;16;MergeFlag;0
BlockStat;28; 704; 160;16;16;InterDir;1
BlockStat;28; 704; 160;16;16;AffineFlag;1
BlockStat;28; 704; 160;16;16;AffineType;1
BlockStat;28; 704; 160;16;16;MVPIdxL0;0
BlockStat;28; 704; 160;16;16;RefIdxL0;0
BlockStat;28; 704; 160;16;16;AffineMVL0; -11;  29; -11;  20;  -5;  17
BlockStat;28; 704; 160;16;16;RootCbf;1
BlockStat;28; 704; 160;16;16;Cbf_Y;1
BlockStat;28; 704; 160;16;16;TransformSkipFlag_Y;0
BlockStat;28; 704; 160;16;16;Cbf_Cb;0
BlockStat;28; 704; 160;16;16;Cbf_Cr;0
BlockStat;28; 704; 176; 8;16;Depth;5
BlockStat;28; 704; 176; 8;16;QT_Depth;2
BlockStat;28; 704; 176; 8;16;BT_Depth;3
BlockStat;28; 704; 176; 8;16;MT_Depth;3
BlockStat;28; 704; 176; 8;16;ChromaQPAdj;0
BlockStat;28; 704; 176; 8;16;QP;38
BlockStat;28; 704; 176; 8;16;SplitSeries;3214369
BlockStat;28; 704; 176; 8;16;SkipFlag;0
BlockStat;28; 704; 176; 8;16;PredMode;1
BlockStat;28; 704; 176; 8;16;Luma_IntraMode;10
BlockStat;28; 704; 176; 8;16;Chroma_IntraMode;0
BlockStat;28; 704; 176; 8;16;MultiRefIdx;0
BlockStat;28; 704; 176; 8;16;Cbf_Y;1
BlockStat;28; 704; 176; 8;16;TransformSkipFlag_Y;0
BlockStat;28; 704; 176; 8;16;Cbf_Cb;0
BlockStat;28; 704; 176; 8;16;Cbf_Cr;0
BlockStat;28; 712; 176; 8;16;Depth;5
BlockStat;28; 712; 176; 8;16;QT_Depth;2
BlockStat;28; 712; 176; 8;16;BT_Depth;3
BlockStat;28; 712; 176; 8;16;MT_Depth;3
BlockStat;28; 712; 176; 8;16;ChromaQPAdj;0
BlockStat;28; 712; 176; 8;16;QP;38
BlockStat;28; 712; 176; 8;16;SplitSeries;3214369
BlockStat;28; 712; 176; 8;16;SkipFlag;0
BlockStat;28; 712; 176; 8;16;PredMode;1
BlockStat;28; 712; 176; 8;16;Luma_IntraMode;40
BlockStat;28; 712; 176; 8;16;Chroma_IntraMode;40
BlockStat;28; 712; 176; 8;16;MultiRefIdx;0
BlockStat;28; 712; 176; 8;16;Cbf_Y;1
BlockStat;28; 712; 176; 8;16;TransformSkipFlag_Y;0
BlockStat;28; 712; 176; 8;16;Cbf_Cb;0
BlockStat;28; 712; 176; 8;16;Cbf_Cr;1
BlockStat;28; 720; 160;16;32;Depth;3
BlockStat;28; 720; 160;16;32;QT_Depth;2
BlockStat;28; 720; 160;16;32;BT_Depth;1
BlockStat;28; 720; 160;16;32;MT_Depth;1
BlockStat;28; 720; 160;16;32;ChromaQPAdj;0
BlockStat;28; 720; 160;16;32;QP;38
BlockStat;28; 720; 160;16;32;SplitSeries;3105
BlockStat;28; 720; 160;16;32;SkipFlag;0
BlockStat;28; 720; 160;16;32;PredMode;1
BlockStat;28; 720; 160;16;32;Luma_IntraMode;46
BlockStat;28; 720; 160;16;32;Chroma_IntraMode;46
BlockStat;28; 720; 160;16;32;MultiRefIdx;0
BlockStat;28; 720; 160;16;32;Cbf_Y;1
BlockStat;28; 720; 160;16;32;TransformSkipFlag_Y;2
BlockStat;28; 720; 160;16;32;Cbf_Cb;0
BlockStat;28; 720; 160;16;32;Cbf_Cr;1
BlockStat;28; 736; 160;32;16;Depth;3
BlockStat;28; 736; 160;32;16;QT_Depth;2
BlockStat;28; 736; 160;32;16;BT_Depth;1
BlockStat;28; 736; 160;32;16;MT_Depth;1
BlockStat;28; 736; 160;32;16;ChromaQPAdj;0
BlockStat;28; 736; 160;32;16;QP;38
BlockStat;28; 736; 160;32;16;SplitSeries;2081
BlockStat;28; 736; 160;32;16;SkipFlag;0
BlockStat;28; 736; 160;32;16;PredMode;1
BlockStat;28; 736; 160;32;16;Luma_IntraMode;9
BlockStat;28; 736; 160;32;16;Chroma_IntraMode;69
BlockStat;28; 736; 160;32;16;MultiRefIdx;0
BlockStat;28; 736; 160;32;16;Cbf_Y;1
BlockStat;28; 736; 160;32;16;TransformSkipFlag_Y;2
BlockStat;28; 736; 160;32;16;Cbf_Cb;0
BlockStat;28; 736; 160;32;16;Cbf_Cr;0
BlockStat;28; 736; 176;32;16;Depth;3
BlockStat;28; 736; 176;32;16;QT_Depth;2
BlockStat;28; 736; 176;32;16;BT_Depth;1
BlockStat;28; 736; 176;32;16;MT_Depth;1
BlockStat;28; 736; 176;32;16;ChromaQPAdj;0
BlockStat;28; 736; 176;32;16;QP;38
BlockStat;28; 736; 176;32;16;SplitSeries;2081
BlockStat;28; 736; 176;32;16;SkipFlag;0
BlockStat;28; 736; 176;32;16;PredMode;1
BlockStat;28; 736; 176;32;16;Luma_IntraMode;0
BlockStat;28; 736; 176;32;16;Chroma_IntraMode;67
BlockStat;28; 736; 176;32;16;MultiRefIdx;0
BlockStat;28; 736; 176;32;16;Cbf_Y;1
BlockStat;28; 736; 176;32;16;TransformSkipFlag_Y;0
BlockStat;28; 736; 176;32;16;Cbf_Cb;0
BlockStat;28; 736; 176;32;16;Cbf_Cr;0
BlockStat;28; 640; 192; 4;16;Depth;4
BlockStat;28; 640; 192; 4;16;QT_Depth;3
BlockStat;28; 640; 192; 4;16;BT_Depth;2
BlockStat;28; 640; 192; 4;16;MT_Depth;1
BlockStat;28; 640; 192; 4;16;ChromaQPAdj;0
BlockStat;28; 640; 192; 4;16;QP;38
BlockStat;28; 640; 192; 4;16;SplitSeries;164897
BlockStat;28; 640; 192; 4;16;SkipFlag;1
BlockStat;28; 640; 192; 4;16;MMVDSkipFlag;0
BlockStat;28; 640; 192; 4;16;PredMode;0
BlockStat;28; 640; 192; 4;16;MergeIdx;22
BlockStat;28; 640; 192; 4;16;MergeType;0
BlockStat;28; 640; 192; 4;16;MMVDMergeFlag;1
BlockStat;28; 640; 192; 4;16;MMVDMergeIdx;22
BlockStat;28; 640; 192; 4;16;MVPIdxL0;255
BlockStat;28; 640; 192; 4;16;RefIdxL0;0
BlockStat;28; 640; 192; 4;16;MVDL0;   0;   0
BlockStat;28; 640; 192; 4;16;MVL0;  71;  21
BlockStat;28; 644; 192; 8;16;Depth;4
BlockStat;28; 644; 192; 8;16;QT_Depth;3
BlockStat;28; 644; 192; 8;16;BT_Depth;1
BlockStat;28; 644; 192; 8;16;MT_Depth;1
BlockStat;28; 644; 192; 8;16;ChromaQPAdj;0
BlockStat;28; 644; 192; 8;16;QP;38
BlockStat;28; 644; 192; 8;16;SplitSeries;164897
BlockStat;28; 644; 192; 8;16;SkipFlag;0
BlockStat;28; 644; 192; 8;16;PredMode;0
BlockStat;28; 644; 192; 8;16;MergeFlag;0
BlockStat;28; 644; 192; 8;16;InterDir;1
BlockStat;28; 644; 192; 8;16;MVPIdxL0;0
BlockStat;28; 644; 192; 8;16;RefIdxL0;0
BlockStat;28; 644; 192; 8;16;MVDL0;  -8;   0
BlockStat;28; 644; 192; 8;16;MVL0;  64;  20
BlockStat;28; 644; 192; 8;16;IMVMode;1
BlockStat;28; 644; 192; 8;16;RootCbf;0
BlockStat;28; 652; 192; 4; 8;Depth;5
BlockStat;28; 652; 192; 4; 8;QT_Depth;3
BlockStat;28; 652; 192; 4; 8;BT_Depth;3
BlockStat;28; 652; 192; 4; 8;MT_Depth;2
BlockStat;28; 652; 192; 4; 8;ChromaQPAdj;0
BlockStat;28; 652; 192; 4; 8;QP;38
BlockStat;28; 652; 192; 4; 8;SplitSeries;2262049
BlockStat;28; 652; 192; 4; 8;SkipFlag;0
BlockStat;28; 652; 192; 4; 8;PredMode;0
BlockStat;28; 652; 192; 4; 8;MergeFlag;1
BlockStat;28; 652; 192; 4; 8;MergeIdx;39
BlockStat;28; 652; 192; 4; 8;MergeType;0
BlockStat;28; 652; 192; 4; 8;MMVDMergeFlag;1
BlockStat;28; 652; 192; 4; 8;MMVDMergeIdx;39
BlockStat;28; 652; 192; 4; 8;MVPIdxL0;255
BlockStat;28; 652; 192; 4; 8;RefIdxL0;0
BlockStat;28; 652; 192; 4; 8;MVDL0;   0;   0
BlockStat;28; 652; 192; 4; 8;MVL0;  50;  -7
BlockStat;28; 652; 192; 4; 8;Cbf_Y;1
BlockStat;28; 652; 192; 4; 8;TransformSkipFlag_Y;0
BlockStat;28; 652; 192; 4; 8;Cbf_Cb;0
BlockStat;28; 652; 192; 4; 8;Cbf_Cr;0
BlockStat;28; 652; 200; 4; 8;Depth;5
BlockStat;28; 652; 200; 4; 8;QT_Depth;3
BlockStat;28; 652; 200; 4; 8;BT_Depth;3
BlockStat;28; 652; 200; 4; 8;MT_Depth;2
BlockStat;28; 652; 200; 4; 8;ChromaQPAdj;0
BlockStat;28; 652; 200; 4; 8;QP;38
BlockStat;28; 652; 200; 4; 8;SplitSeries;2262049
BlockStat;28; 652; 200; 4; 8;SkipFlag;1
BlockStat;28; 652; 200; 4; 8;MMVDSkipFlag;0
BlockStat;28; 652; 200; 4; 8;PredMode;0
BlockStat;28; 652; 200; 4; 8;MergeIdx;0
BlockStat;28; 652; 200; 4; 8;MergeType;0
BlockStat;28; 652; 200; 4; 8;MMVDMergeFlag;0
BlockStat;28; 652; 200; 4; 8;MVPIdxL0;255
BlockStat;28; 652; 200; 4; 8;RefIdxL0;0
BlockStat;28; 652; 200; 4; 8;MVDL0;   0;   0
BlockStat;28; 652; 200; 4; 8;MVL0;  64;  20
BlockStat;28; 656; 192; 8;16;Depth;4
BlockStat;28; 656; 192; 8;16;QT_Depth;3
BlockStat;28; 656; 192; 8;16;BT_Depth;1
BlockStat;28; 656; 192; 8;16;MT_Depth;1
BlockStat;28; 656; 192; 8;16;ChromaQPAdj;0
BlockStat;28; 656; 192; 8;16;QP;38
BlockStat;28; 656; 192; 8;16;SplitSeries;99361
BlockStat;28; 656; 192; 8;16;SkipFlag;0
BlockStat;28; 656; 192; 8;16;PredMode;0
BlockStat;28; 656; 192; 8;16;MergeFlag;0
BlockStat;28; 656; 192; 8;16;InterDir;3
BlockStat;28; 656; 192; 8;16;MVPIdxL0;1
BlockStat;28; 656; 192; 8;16;RefIdxL0;0
BlockStat;28; 656; 192; 8;16;MVPIdxL1;1
BlockStat;28; 656; 192; 8;16;RefIdxL1;0
BlockStat;28; 656; 192; 8;16;MVDL0;  12;   8
BlockStat;28; 656; 192; 8;16;MVL0;  56;   4
BlockStat;28; 656; 192; 8;16;MVDL1;   0;   0
BlockStat;28; 656; 192; 8;16;MVL1;  44;  -4
BlockStat;28; 656; 192; 8;16;IMVMode;1
BlockStat;28; 656; 192; 8;16;RootCbf;1
BlockStat;28; 656; 192; 8;16;Cbf_Y;1
BlockStat;28; 656; 192; 8;16;TransformSkipFlag_Y;0
BlockStat;28; 656; 192; 8;16;Cbf_Cb;0
BlockStat;28; 656; 192; 8;16;Cbf_Cr;0
BlockStat;28; 664; 192; 4;16;Depth;5
BlockStat;28; 664; 192; 4;16;QT_Depth;3
BlockStat;28; 664; 192; 4;16;BT_Depth;2
BlockStat;28; 664; 192; 4;16;MT_Depth;2
BlockStat;28; 664; 192; 4;16;ChromaQPAdj;0
BlockStat;28; 664; 192; 4;16;QP;38
BlockStat;28; 664; 192; 4;16;SplitSeries;3245089
BlockStat;28; 664; 192; 4;16;SkipFlag;0
BlockStat;28; 664; 192; 4;16;PredMode;0
BlockStat;28; 664; 192; 4;16;MergeFlag;1
BlockStat;28; 664; 192; 4;16;MergeIdx;5
BlockStat;28; 664; 192; 4;16;MergeType;0
BlockStat;28; 664; 192; 4;16;MMVDMergeFlag;0
BlockStat;28; 664; 192; 4;16;MHIntraFlag;1
BlockStat;28; 664; 192; 4;16;Luma_IntraMode;0
BlockStat;28; 664; 192; 4;16;Chroma_IntraMode;70
BlockStat;28; 664; 192; 4;16;MVPIdxL0;255
BlockStat;28; 664; 192; 4;16;RefIdxL0;0
BlockStat;28; 664; 192; 4;16;MVPIdxL1;255
BlockStat;28; 664; 192; 4;16;RefIdxL1;0
BlockStat;28; 664; 192; 4;16;MVDL0;   0;   0
BlockStat;28; 664; 192; 4;16;MVL0;  51;  -1
BlockStat;28; 664; 192; 4;16;MVDL1;   0;   0
BlockStat;28; 664; 192; 4;16;MVL1;  44;  -4
BlockStat;28; 664; 192; 4;16;Cbf_Y;1
BlockStat;28; 664; 192; 4;16;TransformSkipFlag_Y;0
BlockStat;28; 664; 192; 4;16;Cbf_Cb;0
BlockStat;28; 664; 192; 4;16;Cbf_Cr;0
BlockStat;28; 668; 192; 4;16;Depth;5
BlockStat;28; 668; 192; 4;16;QT_Depth;3
BlockStat;28; 668; 192; 4;16;BT_Depth;2
BlockStat;28; 668; 192; 4;16;MT_Depth;2
BlockStat;28; 668; 192; 4;16;ChromaQPAdj;0
BlockStat;28; 668; 192; 4;16;QP;38
BlockStat;28; 668; 192; 4;16;SplitSeries;3245089
BlockStat;28; 668; 192; 4;16;SkipFlag;0
BlockStat;28; 668; 192; 4;16;PredMode;0
BlockStat;28; 668; 192; 4;16;MergeFlag;0
BlockStat;28; 668; 192; 4;16;InterDir;1
BlockStat;28; 668; 192; 4;16;MVPIdxL0;0
BlockStat;28; 668; 192; 4;16;RefIdxL0;0
BlockStat;28; 668; 192; 4;16;MVDL0;   0;  20
BlockStat;28; 668; 192; 4;16;MVL0;  50;  20
BlockStat;28; 668; 192; 4;16;IMVMode;3
BlockStat;28; 668; 192; 4;16;RootCbf;1
BlockStat;28; 668; 192; 4;16;Cbf_Y;1
BlockStat;28; 668; 192; 4;16;TransformSkipFlag_Y;0
BlockStat;28; 668; 192; 4;16;Cbf_Cb;0
BlockStat;28; 668; 192; 4;16;Cbf_Cr;0
BlockStat;28; 640; 208;16;16;Depth;3
BlockStat;28; 640; 208;16;16;QT_Depth;3
BlockStat;28; 640; 208;16;16;BT_Depth;0
BlockStat;28; 640; 208;16;16;MT_Depth;0
BlockStat;28; 640; 208;16;16;ChromaQPAdj;0
BlockStat;28; 640; 208;16;16;QP;38
BlockStat;28; 640; 208;16;16;SplitSeries;1057
BlockStat;28; 640; 208;16;16;SkipFlag;0
BlockStat;28; 640; 208;16;16;PredMode;1
BlockStat;28; 640; 208;16;16;Luma_IntraMode;33
BlockStat;28; 640; 208;16;16;Chroma_IntraMode;67
BlockStat;28; 640; 208;16;16;MultiRefIdx;0
BlockStat;28; 640; 208;16;16;Cbf_Y;1
BlockStat;28; 640; 208;16;16;TransformSkipFlag_Y;2
BlockStat;28; 640; 208;16;16;Cbf_Cb;0
BlockStat;28; 640; 208;16;16;Cbf_Cr;0
BlockStat;28; 656; 208; 8; 8;Depth;5
BlockStat;28; 656; 208; 8; 8;QT_Depth;3
BlockStat;28; 656; 208; 8; 8;BT_Depth;2
BlockStat;28; 656; 208; 8; 8;MT_Depth;2
BlockStat;28; 656; 208; 8; 8;ChromaQPAdj;0
BlockStat;28; 656; 208; 8; 8;QP;38
BlockStat;28; 656; 208; 8; 8;SplitSeries;3212321
BlockStat;28; 656; 208; 8; 8;SkipFlag;1
BlockStat;28; 656; 208; 8; 8;MMVDSkipFlag;0
BlockStat;28; 656; 208; 8; 8;PredMode;0
BlockStat;28; 656; 208; 8; 8;MergeIdx;6
BlockStat;28; 656; 208; 8; 8;MergeType;0
BlockStat;28; 656; 208; 8; 8;MMVDMergeFlag;1
BlockStat;28; 656; 208; 8; 8;MMVDMergeIdx;6
BlockStat;28; 656; 208; 8; 8;MVPIdxL0;255
BlockStat;28; 656; 208; 8; 8;RefIdxL0;0
BlockStat;28; 656; 208; 8; 8;MVPIdxL1;255
BlockStat;28; 656; 208; 8; 8;RefIdxL1;0
BlockStat;28; 656; 208; 8; 8;MVDL0;   0;   0
BlockStat;28; 656; 208; 8; 8;MVL0;  56;   6
BlockStat;28; 656; 208; 8; 8;MVDL1;   0;   0
BlockStat;28; 656; 208; 8; 8;MVL1;  44;  -2
BlockStat;28; 664; 208; 8; 8;Depth;5
BlockStat;28; 664; 208; 8; 8;QT_Depth;3
BlockStat;28; 664; 208; 8; 8;BT_Depth;2
BlockStat;28; 664; 208; 8; 8;MT_Depth;2
BlockStat;28; 664; 208; 8; 8;ChromaQPAdj;0
BlockStat;28; 664; 208; 8; 8;QP;38
BlockStat;28; 664; 208; 8; 8;SplitSeries;3212321
BlockStat;28; 664; 208; 8; 8;SkipFlag;0
BlockStat;28; 664; 208; 8; 8;PredMode;0
BlockStat;28; 664; 208; 8; 8;MergeFlag;0
BlockStat;28; 664; 208; 8; 8;InterDir;3
BlockStat;28; 664; 208; 8; 8;MVPIdxL0;0
BlockStat;28; 664; 208; 8; 8;RefIdxL0;1
BlockStat;28; 664; 208; 8; 8;MVPIdxL1;0
BlockStat;28; 664; 208; 8; 8;RefIdxL1;0
BlockStat;28; 664; 208; 8; 8;MVDL0;  12;  12
BlockStat;28; 664; 208; 8; 8;MVL0; 184;  88
BlockStat;28; 664; 208; 8; 8;MVDL1;   0;   0
BlockStat;28; 664; 208; 8; 8;MVL1;  44;   0
BlockStat;28; 664; 208; 8; 8;IMVMode;1
BlockStat;28; 664; 208; 8; 8;RootCbf;0
BlockStat;28; 656; 216;16; 8;Depth;4
BlockStat;28; 656; 216;16; 8;QT_Depth;3
BlockStat;28; 656; 216;16; 8;BT_Depth;1
BlockStat;28; 656; 216;16; 8;MT_Depth;1
BlockStat;28; 656; 216;16; 8;ChromaQPAdj;0
BlockStat;28; 656; 216;16; 8;QP;38
BlockStat;28; 656; 216;16; 8;SplitSeries;66593
BlockStat;28; 656; 216;16; 8;SkipFlag;0
BlockStat;28; 656; 216;16; 8;PredMode;0
BlockStat;28; 656; 216;16; 8;MergeFlag;0
BlockStat;28; 656; 216;16; 8;InterDir;1
BlockStat;28; 656; 216;16; 8;MVPIdxL0;0
BlockStat;28; 656; 216;16; 8;RefIdxL0;1
BlockStat;28; 656; 216;16; 8;MVDL0;   0;  -8
BlockStat;28; 656; 216;16; 8;MVL0; 184;  80
BlockStat;28; 656; 216;16; 8;IMVMode;1
BlockStat;28; 656; 216;16; 8;RootCbf;1
BlockStat;28; 656; 216;16; 8;Cbf_Y;1
BlockStat;28; 656; 216;16; 8;TransformSkipFlag_Y;0
BlockStat;28; 656; 216;16; 8;Cbf_Cb;0
BlockStat;28; 656; 216;16; 8;Cbf_Cr;0
BlockStat;28; 672; 192;16;32;Depth;3
BlockStat;28; 672; 192;16;32;QT_Depth;2
BlockStat;28; 672; 192;16;32;BT_Depth;1
BlockStat;28; 672; 192;16;32;MT_Depth;1
BlockStat;28; 672; 192;16;32;ChromaQPAdj;0
BlockStat;28; 672; 192;16;32;QP;38
BlockStat;28; 672; 192;16;32;SplitSeries;3105
BlockStat;28; 672; 192;16;32;SkipFlag;0
BlockStat;28; 672; 192;16;32;PredMode;0
BlockStat;28; 672; 192;16;32;MergeFlag;0
BlockStat;28; 672; 192;16;32;InterDir;1
BlockStat;28; 672; 192;16;32;AffineFlag;1
BlockStat;28; 672; 192;16;32;AffineType;1
BlockStat;28; 672; 192;16;32;MVPIdxL0;0
BlockStat;28; 672; 192;16;32;RefIdxL0;1
BlockStat;28; 672; 192;16;32;AffineMVL0; 175;  66; 187;  45; 185;  80
BlockStat;28; 672; 192;16;32;RootCbf;1
BlockStat;28; 672; 192;16;32;Cbf_Y;1
BlockStat;28; 672; 192;16;32;TransformSkipFlag_Y;0
BlockStat;28; 672; 192;16;32;Cbf_Cb;0
BlockStat;28; 672; 192;16;32;Cbf_Cr;0
BlockStat;28; 688; 192;16;16;Depth;4
BlockStat;28; 688; 192;16;16;QT_Depth;2
BlockStat;28; 688; 192;16;16;BT_Depth;2
BlockStat;28; 688; 192;16;16;MT_Depth;2
BlockStat;28; 688; 192;16;16;ChromaQPAdj;0
BlockStat;28; 688; 192;16;16;QP;38
BlockStat;28; 688; 192;16;16;SplitSeries;68641
BlockStat;28; 688; 192;16;16;SkipFlag;0
BlockStat;28; 688; 192;16;16;PredMode;0
BlockStat;28; 688; 192;16;16;MergeFlag;0
BlockStat;28; 688; 192;16;16;InterDir;1
BlockStat;28; 688; 192;16;16;AffineFlag;0
BlockStat;28; 688; 192;16;16;MVPIdxL0;0
BlockStat;28; 688; 192;16;16;RefIdxL0;1
BlockStat;28; 688; 192;16;16;MVDL0;  -6;  -4
BlockStat;28; 688; 192;16;16;MVL0; 186;  48
BlockStat;28; 688; 192;16;16;IMVMode;3
BlockStat;28; 688; 192;16;16;RootCbf;1
BlockStat;28; 688; 192;16;16;Cbf_Y;1
BlockStat;28; 688; 192;16;16;TransformSkipFlag_Y;0
BlockStat;28; 688; 192;16;16;Cbf_Cb;0
BlockStat;28; 688; 192;16;16;Cbf_Cr;0
BlockStat;28; 688; 208;16;16;Depth;4
BlockStat;28; 688; 208;16;16;QT_Depth;2
BlockStat;28; 688; 208;16;16;BT_Depth;2
BlockStat;28; 688; 208;16;16;MT_Depth;2
BlockStat;28; 688; 208;16;16;ChromaQPAdj;0
BlockStat;28; 688; 208;16;16;QP;38
BlockStat;28; 688; 208;16;16;SplitSeries;68641
BlockStat;28; 688; 208;16;16;SkipFlag;0
BlockStat;28; 688; 208;16;16;PredMode;0
BlockStat;28; 688; 208;16;16;MergeFlag;0
BlockStat;28; 688; 208;16;16;InterDir;1
BlockStat;28; 688; 208;16;16;AffineFlag;1
BlockStat;28; 688; 208;16;16;AffineType;0
BlockStat;28; 688; 208;16;16;MVPIdxL0;0
BlockStat;28; 688; 208;16;16;RefIdxL0;0
BlockStat;28; 688; 208;16;16;AffineMVL0;  59;  35;  50;  35;  59;  26
BlockStat;28; 688; 208;16;16;RootCbf;0
BlockStat;28; 640; 224;32; 8;Depth;3
BlockStat;28; 640; 224;32; 8;QT_Depth;2
BlockStat;28; 640; 224;32; 8;BT_Depth;2
BlockStat;28; 640; 224;32; 8;MT_Depth;1
BlockStat;28; 640; 224;32; 8;ChromaQPAdj;0
BlockStat;28; 640; 224;32; 8;QP;38
BlockStat;28; 640; 224;32; 8;SplitSeries;4129
BlockStat;28; 640; 224;32; 8;SkipFlag;0
BlockStat;28; 640; 224;32; 8;PredMode;0
BlockStat;28; 640; 224;32; 8;MergeFlag;0
BlockStat;28; 640; 224;32; 8;InterDir;1
BlockStat;28; 640; 224;32; 8;MVPIdxL0;0
BlockStat;28; 640; 224;32; 8;RefIdxL0;1
BlockStat;28; 640; 224;32; 8;MVDL0;   8;  -8
BlockStat;28; 640; 224;32; 8;MVL0; 192;  72
BlockStat;28; 640; 224;32; 8;IMVMode;1
BlockStat;28; 640; 224;32; 8;RootCbf;1
BlockStat;28; 640; 224;32; 8;Cbf_Y;1
BlockStat;28; 640; 224;32; 8;TransformSkipFlag_Y;0
BlockStat;28; 640; 224;32; 8;Cbf_Cb;0
BlockStat;28; 640; 224;32; 8;Cbf_Cr;0
BlockStat;28; 640; 232;16;16;Depth;4
BlockStat;28; 640; 232;16;16;QT_Depth;2
BlockStat;28; 640; 232;16;16;BT_Depth;2
BlockStat;28; 640; 232;16;16;MT_Depth;2
BlockStat;28; 640; 232;16;16;ChromaQPAdj;0
BlockStat;28; 640; 232;16;16;QP;38
BlockStat;28; 640; 232;16;16;SplitSeries;102433
BlockStat;28; 640; 232;16;16;SkipFlag;0
BlockStat;28; 640; 232;16;16;PredMode;0
BlockStat;28; 640; 232;16;16;MergeFlag;0
BlockStat;28; 640; 232;16;16;InterDir;1
BlockStat;28; 640; 232;16;16;AffineFlag;1
BlockStat;28; 640; 232;16;16;AffineType;0
BlockStat;28; 640; 232;16;16;MVPIdxL0;0
BlockStat;28; 640; 232;16;16;RefIdxL0;1
BlockStat;28; 640; 232;16;16;AffineMVL0; 200;  70; 200;  67; 203;  70
BlockStat;28; 640; 232;16;16;RootCbf;1
BlockStat;28; 640; 232;16;16;Cbf_Y;1
BlockStat;28; 640; 232;16;16;TransformSkipFlag_Y;0
BlockStat;28; 640; 232;16;16;Cbf_Cb;0
BlockStat;28; 640; 232;16;16;Cbf_Cr;0
BlockStat;28; 656; 232;16;16;Depth;4
BlockStat;28; 656; 232;16;16;QT_Depth;2
BlockStat;28; 656; 232;16;16;BT_Depth;2
BlockStat;28; 656; 232;16;16;MT_Depth;2
BlockStat;28; 656; 232;16;16;ChromaQPAdj;0
BlockStat;28; 656; 232;16;16;QP;38
BlockStat;28; 656; 232;16;16;SplitSeries;102433
BlockStat;28; 656; 232;16;16;SkipFlag;0
BlockStat;28; 656; 232;16;16;PredMode;0
BlockStat;28; 656; 232;16;16;MergeFlag;0
BlockStat;28; 656; 232;16;16;InterDir;1
BlockStat;28; 656; 232;16;16;AffineFlag;1
BlockStat;28; 656; 232;16;16;AffineType;0
BlockStat;28; 656; 232;16;16;MVPIdxL0;1
BlockStat;28; 656; 232;16;16;RefIdxL0;1
BlockStat;28; 656; 232;16;16;AffineMVL0; 195;  72; 199;  69; 198;  76
BlockStat;28; 656; 232;16;16;RootCbf;1
BlockStat;28; 656; 232;16;16;Cbf_Y;1
BlockStat;28; 656; 232;16;16;TransformSkipFlag_Y;0
BlockStat;28; 656; 232;16;16;Cbf_Cb;0
BlockStat;28; 656; 232;16;16;Cbf_Cr;0
BlockStat;28; 640; 248;16; 8;Depth;4
BlockStat;28; 640; 248;16; 8;QT_Depth;2
BlockStat;28; 640; 248;16; 8;BT_Depth;3
BlockStat;28; 640; 248;16; 8;MT_Depth;2
BlockStat;28; 640; 248;16; 8;ChromaQPAdj;0
BlockStat;28; 640; 248;16; 8;QP;38
BlockStat;28; 640; 248;16; 8;SplitSeries;102433
BlockStat;28; 640; 248;16; 8;SkipFlag;0
BlockStat;28; 640; 248;16; 8;PredMode;1
BlockStat;28; 640; 248;16; 8;Luma_IntraMode;64
BlockStat;28; 640; 248;16; 8;Chroma_IntraMode;64
BlockStat;28; 640; 248;16; 8;MultiRefIdx;0
BlockStat;28; 640; 248;16; 8;Cbf_Y;0
BlockStat;28; 640; 248;16; 8;TransformSkipFlag_Y;0
BlockStat;28; 640; 248;16; 8;Cbf_Cb;0
BlockStat;28; 640; 248;16; 8;Cbf_Cr;0
BlockStat;28; 656; 248; 8; 8;Depth;5
BlockStat;28; 656; 248; 8; 8;QT_Depth;2
BlockStat;28; 656; 248; 8; 8;BT_Depth;4
BlockStat;28; 656; 248; 8; 8;MT_Depth;3
BlockStat;28; 656; 248; 8; 8;ChromaQPAdj;0
BlockStat;28; 656; 248; 8; 8;QP;38
BlockStat;28; 656; 248; 8; 8;SplitSeries;3248161
BlockStat;28; 656; 248; 8; 8;SkipFlag;0
BlockStat;28; 656; 248; 8; 8;PredMode;1
BlockStat;28; 656; 248; 8; 8;Luma_IntraMode;64
BlockStat;28; 656; 248; 8; 8;Chroma_IntraMode;64
BlockStat;28; 656; 248; 8; 8;MultiRefIdx;1
BlockStat;28; 656; 248; 8; 8;Cbf_Y;1
BlockStat;28; 656; 248; 8; 8;TransformSkipFlag_Y;2
BlockStat;28; 656; 248; 8; 8;Cbf_Cb;0
BlockStat;28; 656; 248; 8; 8;Cbf_Cr;0
BlockStat;28; 664; 248; 8; 8;Depth;5
BlockStat;28; 664; 248; 8; 8;QT_Depth;2
BlockStat;28; 664; 248; 8; 8;BT_Depth;4
BlockStat;28; 664; 248; 8; 8;MT_Depth;3
BlockStat;28; 664; 248; 8; 8;ChromaQPAdj;0
BlockStat;28; 664; 248; 8; 8;QP;38
BlockStat;28; 664; 248; 8; 8;SplitSeries;3248161
BlockStat;28; 664; 248; 8; 8;SkipFlag;0
BlockStat;28; 664; 248; 8; 8;PredMode;0
BlockStat;28; 664; 248; 8; 8;MergeFlag;0
BlockStat;28; 664; 248; 8; 8;InterDir;1
BlockStat;28; 664; 248; 8; 8;MVPIdxL0;0
BlockStat;28; 664; 248; 8; 8;RefIdxL0;0
BlockStat;28; 664; 248; 8; 8;MVDL0;   0;   0
BlockStat;28; 664; 248; 8; 8;MVL0;  56;   6
BlockStat;28; 664; 248; 8; 8;RootCbf;0
BlockStat;28; 672; 224; 8; 8;Depth;5
BlockStat;28; 672; 224; 8; 8;QT_Depth;2
BlockStat;28; 672; 224; 8; 8;BT_Depth;4
BlockStat;28; 672; 224; 8; 8;MT_Depth;3
BlockStat;28; 672; 224; 8; 8;ChromaQPAdj;0
BlockStat;28; 672; 224; 8; 8;QP;38
BlockStat;28; 672; 224; 8; 8;SplitSeries;2167841
BlockStat;28; 672; 224; 8; 8;SkipFlag;0
BlockStat;28; 672; 224; 8; 8;PredMode;0
BlockStat;28; 672; 224; 8; 8;MergeFlag;1
BlockStat;28; 672; 224; 8; 8;MergeIdx;2
BlockStat;28; 672; 224; 8; 8;MergeType;0
BlockStat;28; 672; 224; 8; 8;MMVDMergeFlag;0
BlockStat;28; 672; 224; 8; 8;AffineFlag;1
BlockStat;28; 672; 224; 8; 8;MVPIdxL0;0
BlockStat;28; 672; 224; 8; 8;RefIdxL0;1
BlockStat;28; 672; 224; 8; 8;AffineMVL0; 187;  82; 191;  75; 188;  84
BlockStat;28; 672; 224; 4; 8;Cbf_Y;0
BlockStat;28; 672; 224; 4; 8;TransformSkipFlag_Y;0
BlockStat;28; 672; 224; 4; 8;Cbf_Cb;0
BlockStat;28; 672; 224; 4; 8;Cbf_Cr;0
BlockStat;28; 676; 224; 4; 8;Cbf_Y;2
BlockStat;28; 676; 224; 4; 8;TransformSkipFlag_Y;0
BlockStat;28; 676; 224; 4; 8;Cbf_Cb;0
BlockStat;28; 676; 224; 4; 8;Cbf_Cr;0
BlockStat;28; 672; 232; 8; 8;Depth;5
BlockStat;28; 672; 232; 8; 8;QT_Depth;2
BlockStat;28; 672; 232; 8; 8;BT_Depth;4
BlockStat;28; 672; 232; 8; 8;MT_Depth;3
BlockStat;28; 672; 232; 8; 8;ChromaQPAdj;0
BlockStat;28; 672; 232; 8; 8;QP;38
BlockStat;28; 672; 232; 8; 8;SplitSeries;2167841
BlockStat;28; 672; 232; 8; 8;SkipFlag;0
BlockStat;28; 672; 232; 8; 8;PredMode;0
BlockStat;28; 672; 232; 8; 8;MergeFlag;1
BlockStat;28; 672; 232; 8; 8;MergeIdx;38
BlockStat;28; 672; 232; 8; 8;MergeType;0
BlockStat;28; 672; 232; 8; 8;MMVDMergeFlag;1
BlockStat;28; 672; 232; 8; 8;MMVDMergeIdx;38
BlockStat;28; 672; 232; 8; 8;MVPIdxL0;255
BlockStat;28; 672; 232; 8; 8;RefIdxL0;1
BlockStat;28; 672; 232; 8; 8;MVDL0;   0;   0
BlockStat;28; 672; 232; 8; 8;MVL0; 192;  79
BlockStat;28; 672; 232; 8; 8;Cbf_Y;1
BlockStat;28; 672; 232; 8; 8;TransformSkipFlag_Y;0
BlockStat;28; 672; 232; 8; 8;Cbf_Cb;0
BlockStat;28; 672; 232; 8; 8;Cbf_Cr;0
BlockStat;28; 672; 240; 8;16;Depth;4
BlockStat;28; 672; 240; 8;16;QT_Depth;2
BlockStat;28; 672; 240; 8;16;BT_Depth;3
BlockStat;28; 672; 240; 8;16;MT_Depth;2
BlockStat;28; 672; 240; 8;16;ChromaQPAdj;0
BlockStat;28; 672; 240; 8;16;QP;38
BlockStat;28; 672; 240; 8;16;SplitSeries;70689
BlockStat;28; 672; 240; 8;16;SkipFlag;0
BlockStat;28; 672; 240; 8;16;PredMode;0
BlockStat;28; 672; 240; 8;16;MergeFlag;1
BlockStat;28; 672; 240; 8;16;MergeIdx;0
BlockStat;28; 672; 240; 8;16;MergeType;0
BlockStat;28; 672; 240; 8;16;MMVDMergeFlag;0
BlockStat;28; 672; 240; 8;16;AffineFlag;0
BlockStat;28; 672; 240; 8;16;MHIntraFlag;1
BlockStat;28; 672; 240; 8;16;Luma_IntraMode;0
BlockStat;28; 672; 240; 8;16;Chroma_IntraMode;70
BlockStat;28; 672; 240; 8;16;MVPIdxL0;255
BlockStat;28; 672; 240; 8;16;RefIdxL0;0
BlockStat;28; 672; 240; 8;16;MVDL0;   0;   0
BlockStat;28; 672; 240; 8;16;MVL0;  56;   6
BlockStat;28; 672; 240; 8;16;Cbf_Y;1
BlockStat;28; 672; 240; 8;16;TransformSkipFlag_Y;0
BlockStat;28; 672; 240; 8;16;Cbf_Cb;0
BlockStat;28; 672; 240; 8;16;Cbf_Cr;0
BlockStat;28; 680; 224;16;32;Depth;3
BlockStat;28; 680; 224;16;32;QT_Depth;2
BlockStat;28; 680; 224;16;32;BT_Depth;1
BlockStat;28; 680; 224;16;32;MT_Depth;1
BlockStat;28; 680; 224;16;32;ChromaQPAdj;0
BlockStat;28; 680; 224;16;32;QP;38
BlockStat;28; 680; 224;16;32;SplitSeries;5153
BlockStat;28; 680; 224;16;32;SkipFlag;0
BlockStat;28; 680; 224;16;32;PredMode;0
BlockStat;28; 680; 224;16;32;MergeFlag;1
BlockStat;28; 680; 224;16;32;MergeIdx;42
BlockStat;28; 680; 224;16;32;MergeType;0
BlockStat;28; 680; 224;16;32;MMVDMergeFlag;1
BlockStat;28; 680; 224;16;32;MMVDMergeIdx;42
BlockStat;28; 680; 224;16;32;MVPIdxL0;255
BlockStat;28; 680; 224;16;32;RefIdxL0;0
BlockStat;28; 680; 224;16;32;MVDL0;   0;   0
BlockStat;28; 680; 224;16;32;MVL0;  56;  30
BlockStat;28; 680; 224;16;32;Cbf_Y;1
BlockStat;28; 680; 224;16;32;TransformSkipFlag_Y;0
BlockStat;28; 680; 224;16;32;Cbf_Cb;0
BlockStat;28; 680; 224;16;32;Cbf_Cr;0
BlockStat;28; 696; 224; 8;32;Depth;3
BlockStat;28; 696; 224; 8;32;QT_Depth;2
BlockStat;28; 696; 224; 8;32;BT_Depth;2
BlockStat;28; 696; 224; 8;32;MT_Depth;1
BlockStat;28; 696; 224; 8;32;ChromaQPAdj;0
BlockStat;28; 696; 224; 8;32;QP;38
BlockStat;28; 696; 224; 8;32;SplitSeries;5153
BlockStat;28; 696; 224; 8;32;SkipFlag;1
BlockStat;28; 696; 224; 8;32;MMVDSkipFlag;0
BlockStat;28; 696; 224; 8;32;PredMode;0
BlockStat;28; 696; 224; 8;32;MergeIdx;2
BlockStat;28; 696; 224; 8;32;MergeType;0
BlockStat;28; 696; 224; 8;32;MMVDMergeFlag;0
BlockStat;28; 696; 224; 8;32;AffineFlag;0
BlockStat;28; 696; 224; 8;32;MVPIdxL0;255
BlockStat;28; 696; 224; 8;32;RefIdxL0;0
BlockStat;28; 696; 224; 8;32;MVDL0;   0;   0
BlockStat;28; 696; 224; 8;32;MVL0;  56;  26
BlockStat;28; 704; 192; 4;16;Depth;4
BlockStat;28; 704; 192; 4;16;QT_Depth;3
BlockStat;28; 704; 192; 4;16;BT_Depth;2
BlockStat;28; 704; 192; 4;16;MT_Depth;1
BlockStat;28; 704; 192; 4;16;ChromaQPAdj;0
BlockStat;28; 704; 192; 4;16;QP;38
BlockStat;28; 704; 192; 4;16;SplitSeries;164897
BlockStat;28; 704; 192; 4;16;SkipFlag;1
BlockStat;28; 704; 192; 4;16;MMVDSkipFlag;0
BlockStat;28; 704; 192; 4;16;PredMode;0
BlockStat;28; 704; 192; 4;16;MergeIdx;1
BlockStat;28; 704; 192; 4;16;MergeType;0
BlockStat;28; 704; 192; 4;16;MMVDMergeFlag;0
BlockStat;28; 704; 192; 4;16;MVPIdxL0;255
BlockStat;28; 704; 192; 4;16;RefIdxL0;0
BlockStat;28; 704; 192; 4;16;MVDL0;   0;   0
BlockStat;28; 704; 192; 4;16;MVL0;  50;  35
BlockStat;28; 708; 192; 8;16;Depth;4
BlockStat;28; 708; 192; 8;16;QT_Depth;3
BlockStat;28; 708; 192; 8;16;BT_Depth;1
BlockStat;28; 708; 192; 8;16;MT_Depth;1
BlockStat;28; 708; 192; 8;16;ChromaQPAdj;0
BlockStat;28; 708; 192; 8;16;QP;38
BlockStat;28; 708; 192; 8;16;SplitSeries;164897
BlockStat;28; 708; 192; 8;16;SkipFlag;1
BlockStat;28; 708; 192; 8;16;MMVDSkipFlag;0
BlockStat;28; 708; 192; 8;16;PredMode;0
BlockStat;28; 708; 192; 8;16;MergeIdx;0
BlockStat;28; 708; 192; 8;16;MergeType;0
BlockStat;28; 708; 192; 8;16;MMVDMergeFlag;0
BlockStat;28; 708; 192; 8;16;AffineFlag;0
BlockStat;28; 708; 192; 8;16;MVPIdxL0;255
BlockStat;28; 708; 192; 8;16;RefIdxL0;0
BlockStat;28; 708; 192; 8;16;MVDL0;   0;   0
BlockStat;28; 708; 192; 8;16;MVL0;  50;  35
BlockStat;28; 716; 192; 4; 4;Depth;5
BlockStat;28; 716; 192; 4; 4;QT_Depth;3
BlockStat;28; 716; 192; 4; 4;BT_Depth;4
BlockStat;28; 716; 192; 4; 4;MT_Depth;2
BlockStat;28; 716; 192; 4; 4;ChromaQPAdj;0
BlockStat;28; 716; 192; 4; 4;QP;38
BlockStat;28; 716; 192; 4; 4;SplitSeries;4359201
BlockStat;28; 716; 192; 4; 4;SkipFlag;0
BlockStat;28; 716; 192; 4; 4;PredMode;1
BlockStat;28; 716; 192; 4; 4;Luma_IntraMode;40
BlockStat;28; 716; 192; 4; 4;MultiRefIdx;0
BlockStat;28; 716; 192; 4; 4;Cbf_Y;1
BlockStat;28; 716; 192; 4; 4;TransformSkipFlag_Y;2
BlockStat;28; 716; 196; 4; 8;Depth;5
BlockStat;28; 716; 196; 4; 8;QT_Depth;3
BlockStat;28; 716; 196; 4; 8;BT_Depth;3
BlockStat;28; 716; 196; 4; 8;MT_Depth;2
BlockStat;28; 716; 196; 4; 8;ChromaQPAdj;0
BlockStat;28; 716; 196; 4; 8;QP;38
BlockStat;28; 716; 196; 4; 8;SplitSeries;4359201
BlockStat;28; 716; 196; 4; 8;SkipFlag;0
BlockStat;28; 716; 196; 4; 8;PredMode;1
BlockStat;28; 716; 196; 4; 8;Luma_IntraMode;3
BlockStat;28; 716; 196; 4; 8;MultiRefIdx;0
BlockStat;28; 716; 196; 4; 8;Cbf_Y;1
BlockStat;28; 716; 196; 4; 8;TransformSkipFlag_Y;2
BlockStat;28; 716; 204; 4; 4;Depth;5
BlockStat;28; 716; 204; 4; 4;QT_Depth;3
BlockStat;28; 716; 204; 4; 4;BT_Depth;4
BlockStat;28; 716; 204; 4; 4;MT_Depth;2
BlockStat;28; 716; 204; 4; 4;ChromaQPAdj;0
BlockStat;28; 716; 204; 4; 4;QP;38
BlockStat;28; 716; 204; 4; 4;SplitSeries;4359201
BlockStat;28; 716; 204; 4; 4;SkipFlag;0
BlockStat;28; 716; 204; 4; 4;PredMode;1
BlockStat;28; 716; 204; 4; 4;Luma_IntraMode;0
BlockStat;28; 716; 204; 4; 4;MultiRefIdx;0
BlockStat;28; 716; 204; 4; 4;Cbf_Y;1
BlockStat;28; 716; 204; 4; 4;TransformSkipFlag_Y;2
BlockStat;28;   0;   0; 0; 0;Depth;4
BlockStat;28;   0;   0; 0; 0;QT_Depth;3
BlockStat;28;   0;   0; 0; 0;BT_Depth;2
BlockStat;28;   0;   0; 0; 0;MT_Depth;1
BlockStat;28;   0;   0; 0; 0;ChromaQPAdj;0
BlockStat;28;   0;   0; 0; 0;QP;38
BlockStat;28;   0;   0; 0; 0;SplitSeries;164897
BlockStat;28;   0;   0; 0; 0;PredMode;1
BlockStat;28; 716; 192; 4;16;Chroma_IntraMode;0
BlockStat;28; 716; 192; 4;16;Cbf_Cb;0
BlockStat;28; 716; 192; 4;16;Cbf_Cr;0
BlockStat;28; 720; 192; 8; 4;Depth;5
BlockStat;28; 720; 192; 8; 4;QT_Depth;3
BlockStat;28; 720; 192; 8; 4;BT_Depth;3
BlockStat;28; 720; 192; 8; 4;MT_Depth;2
BlockStat;28; 720; 192; 8; 4;ChromaQPAdj;0
BlockStat;28; 720; 192; 8; 4;QP;38
BlockStat;28; 720; 192; 8; 4;SplitSeries;4293665
BlockStat;28; 720; 192; 8; 4;SkipFlag;0
BlockStat;28; 720; 192; 8; 4;PredMode;1
BlockStat;28; 720; 192; 8; 4;Luma_IntraMode;54
BlockStat;28; 720; 192; 8; 4;MultiRefIdx;0
BlockStat;28; 720; 192; 8; 4;Cbf_Y;0
BlockStat;28; 720; 192; 8; 4;TransformSkipFlag_Y;0
BlockStat;28; 720; 196; 8; 8;Depth;5
BlockStat;28; 720; 196; 8; 8;QT_Depth;3
BlockStat;28; 720; 196; 8; 8;BT_Depth;2
BlockStat;28; 720; 196; 8; 8;MT_Depth;2
BlockStat;28; 720; 196; 8; 8;ChromaQPAdj;0
BlockStat;28; 720; 196; 8; 8;QP;38
BlockStat;28; 720; 196; 8; 8;SplitSeries;4293665
BlockStat;28; 720; 196; 8; 8;SkipFlag;0
BlockStat;28; 720; 196; 8; 8;PredMode;1
BlockStat;28; 720; 196; 8; 8;Luma_IntraMode;56
BlockStat;28; 720; 196; 8; 8;MultiRefIdx;0
BlockStat;28; 720; 196; 8; 8;Cbf_Y;1
BlockStat;28; 720; 196; 8; 8;TransformSkipFlag_Y;2
BlockStat;28; 720; 204; 8; 4;Depth;5
BlockStat;28; 720; 204; 8; 4;QT_Depth;3
BlockStat;28; 720; 204; 8; 4;BT_Depth;3
BlockStat;28; 720; 204; 8; 4;MT_Depth;2
BlockStat;28; 720; 204; 8; 4;ChromaQPAdj;0
BlockStat;28; 720; 204; 8; 4;QP;38
BlockStat;28; 720; 204; 8; 4;SplitSeries;4293665
BlockStat;28; 720; 204; 8; 4;SkipFlag;0
BlockStat;28; 720; 204; 8; 4;PredMode;1
BlockStat;28; 720; 204; 8; 4;Luma_IntraMode;50
BlockStat;28; 720; 204; 8; 4;MultiRefIdx;0
BlockStat;28; 720; 204; 8; 4;Cbf_Y;0
BlockStat;28; 720; 204; 8; 4;TransformSkipFlag_Y;0
BlockStat;28;   0;   0; 0; 0;Depth;4
BlockStat;28;   0;   0; 0; 0;QT_Depth;3
BlockStat;28;   0;   0; 0; 0;BT_Depth;1
BlockStat;28;   0;   0; 0; 0;MT_Depth;1
BlockStat;28;   0;   0; 0; 0;ChromaQPAdj;0
BlockStat;28;   0;   0; 0; 0;QP;38
BlockStat;28;   0;   0; 0; 0;SplitSeries;99361
BlockStat;28;   0;   0; 0; 0;PredMode;1
BlockStat;28; 720; 192; 8;16;Chroma_IntraMode;56
BlockStat;28; 720; 192; 8;16;Cbf_Cb;0
BlockStat;28; 720; 192; 8;16;Cbf_Cr;0
BlockStat;28; 728; 192; 8;16;Depth;4
BlockStat;28; 728; 192; 8;16;QT_Depth;3
BlockStat;28; 728; 192; 8;16;BT_Depth;1
BlockStat;28; 728; 192; 8;16;MT_Depth;1
BlockStat;28; 728; 192; 8;16;ChromaQPAdj;0
BlockStat;28; 728; 192; 8;16;QP;38
BlockStat;28; 728; 192; 8;16;SplitSeries;99361
BlockStat;28; 728; 192; 8;16;SkipFlag;0
BlockStat;28; 728; 192; 8;16;PredMode;1
BlockStat;28; 728; 192; 8;16;Luma_IntraMode;0
BlockStat;28; 728; 192; 8;16;Chroma_IntraMode;0
BlockStat;28; 728; 192; 8;16;MultiRefIdx;0
BlockStat;28; 728; 192; 8;16;Cbf_Y;0
BlockStat;28; 728; 192; 8;16;TransformSkipFlag_Y;0
BlockStat;28; 728; 192; 8;16;Cbf_Cb;0
BlockStat;28; 728; 192; 8;16;Cbf_Cr;0
BlockStat;28; 704; 208;16; 4;Depth;4
BlockStat;28; 704; 208;16; 4;QT_Depth;3
BlockStat;28; 704; 208;16; 4;BT_Depth;2
BlockStat;28; 704; 208;16; 4;MT_Depth;1
BlockStat;28; 704; 208;16; 4;ChromaQPAdj;0
BlockStat;28; 704; 208;16; 4;QP;38
BlockStat;28; 704; 208;16; 4;SplitSeries;132129
BlockStat;28; 704; 208;16; 4;SkipFlag;1
BlockStat;28; 704; 208;16; 4;MMVDSkipFlag;0
BlockStat;28; 704; 208;16; 4;PredMode;0
BlockStat;28; 704; 208;16; 4;MergeIdx;1
BlockStat;28; 704; 208;16; 4;MergeType;0
BlockStat;28; 704; 208;16; 4;MMVDMergeFlag;0
BlockStat;28; 704; 208;16; 4;MVPIdxL0;255
BlockStat;28; 704; 208;16; 4;RefIdxL0;0
BlockStat;28; 704; 208;16; 4;MVDL0;   0;   0
BlockStat;28; 704; 208;16; 4;MVL0;  50;  32
BlockStat;28; 704; 212;16; 8;Depth;4
BlockStat;28; 704; 212;16; 8;QT_Depth;3
BlockStat;28; 704; 212;16; 8;BT_Depth;1
BlockStat;28; 704; 212;16; 8;MT_Depth;1
BlockStat;28; 704; 212;16; 8;ChromaQPAdj;0
BlockStat;28; 704; 212;16; 8;QP;38
BlockStat;28; 704; 212;16; 8;SplitSeries;132129
BlockStat;28; 704; 212;16; 8;SkipFlag;0
BlockStat;28; 704; 212;16; 8;PredMode;0
BlockStat;28; 704; 212;16; 8;MergeFlag;0
BlockStat;28; 704; 212;16; 8;InterDir;1
BlockStat;28; 704; 212;16; 8;MVPIdxL0;1
BlockStat;28; 704; 212;16; 8;RefIdxL0;0
BlockStat;28; 704; 212;16; 8;MVDL0;   0;   0
BlockStat;28; 704; 212;16; 8;MVL0;  49;  31
BlockStat;28; 704; 212;16; 8;RootCbf;1
BlockStat;28; 704; 212;16; 8;Cbf_Y;1
BlockStat;28; 704; 212;16; 8;TransformSkipFlag_Y;0
BlockStat;28; 704; 212;16; 8;Cbf_Cb;0
BlockStat;28; 704; 212;16; 8;Cbf_Cr;0
BlockStat;28; 704; 220;16; 4;Depth;4
BlockStat;28; 704; 220;16; 4;QT_Depth;3
BlockStat;28; 704; 220;16; 4;BT_Depth;2
BlockStat;28; 704; 220;16; 4;MT_Depth;1
BlockStat;28; 704; 220;16; 4;ChromaQPAdj;0
BlockStat;28; 704; 220;16; 4;QP;38
BlockStat;28; 704; 220;16; 4;SplitSeries;132129
BlockStat;28; 704; 220;16; 4;SkipFlag;1
BlockStat;28; 704; 220;16; 4;MMVDSkipFlag;0
BlockStat;28; 704; 220;16; 4;PredMode;0
BlockStat;28; 704; 220;16; 4;MergeIdx;2
BlockStat;28; 704; 220;16; 4;MergeType;0
BlockStat;28; 704; 220;16; 4;MMVDMergeFlag;0
BlockStat;28; 704; 220;16; 4;MVPIdxL0;255
BlockStat;28; 704; 220;16; 4;RefIdxL0;0
BlockStat;28; 704; 220;16; 4;MVDL0;   0;   0
BlockStat;28; 704; 220;16; 4;MVL0;  56;  26
BlockStat;28; 720; 208; 4; 8;Depth;6
BlockStat;28; 720; 208; 4; 8;QT_Depth;3
BlockStat;28; 720; 208; 4; 8;BT_Depth;3
BlockStat;28; 720; 208; 4; 8;MT_Depth;3
BlockStat;28; 720; 208; 4; 8;ChromaQPAdj;0
BlockStat;28; 720; 208; 4; 8;QP;38
BlockStat;28; 720; 208; 4; 8;SplitSeries;102859809
BlockStat;28; 720; 208; 4; 8;SkipFlag;0
BlockStat;28; 720; 208; 4; 8;PredMode;1
BlockStat;28; 720; 208; 4; 8;Luma_IntraMode;35
BlockStat;28; 720; 208; 4; 8;MultiRefIdx;0
BlockStat;28; 720; 208; 4; 8;Cbf_Y;0
BlockStat;28; 720; 208; 4; 8;TransformSkipFlag_Y;0
BlockStat;28; 724; 208; 4; 8;Depth;6
BlockStat;28; 724; 208; 4; 8;QT_Depth;3
BlockStat;28; 724; 208; 4; 8;BT_Depth;3
BlockStat;28; 724; 208; 4; 8;MT_Depth;3
BlockStat;28; 724; 208; 4; 8;ChromaQPAdj;0
BlockStat;28; 724; 208; 4; 8;QP;38
BlockStat;28; 724; 208; 4; 8;SplitSeries;102859809
BlockStat;28; 724; 208; 4; 8;SkipFlag;0
BlockStat;28; 724; 208; 4; 8;PredMode;1
BlockStat;28; 724; 208; 4; 8;Luma_IntraMode;39
BlockStat;28; 724; 208; 4; 8;MultiRefIdx;0
BlockStat;28; 724; 208; 4; 8;Cbf_Y;1
BlockStat;28; 724; 208; 4; 8;TransformSkipFlag_Y;1
BlockStat;28;   0;   0; 0; 0;Depth;5
BlockStat;28;   0;   0; 0; 0;QT_Depth;3
BlockStat;28;   0;   0; 0; 0;BT_Depth;2
BlockStat;28;   0;   0; 0; 0;MT_Depth;2
BlockStat;28;   0;   0; 0; 0;ChromaQPAdj;0
BlockStat;28;   0;   0; 0; 0;QP;38
BlockStat;28;   0;   0; 0; 0;SplitSeries;2196513
BlockStat;28;   0;   0; 0; 0;PredMode;1
BlockStat;28; 720; 208; 8; 8;Chroma_IntraMode;39
BlockStat;28; 720; 208; 8; 8;Cbf_Cb;0
BlockStat;28; 720; 208; 8; 8;Cbf_Cr;0
BlockStat;28; 720; 216; 4; 8;Depth;6
BlockStat;28; 720; 216; 4; 8;QT_Depth;3
BlockStat;28; 720; 216; 4; 8;BT_Depth;3
BlockStat;28; 720; 216; 4; 8;MT_Depth;3
BlockStat;28; 720; 216; 4; 8;ChromaQPAdj;0
BlockStat;28; 720; 216; 4; 8;QP;38
BlockStat;28; 720; 216; 4; 8;SplitSeries;102859809
BlockStat;28; 720; 216; 4; 8;SkipFlag;1
BlockStat;28; 720; 216; 4; 8;MMVDSkipFlag;0
BlockStat;28; 720; 216; 4; 8;PredMode;0
BlockStat;28; 720; 216; 4; 8;MergeIdx;39
BlockStat;28; 720; 216; 4; 8;MergeType;0
BlockStat;28; 720; 216; 4; 8;MMVDMergeFlag;1
BlockStat;28; 720; 216; 4; 8;MMVDMergeIdx;39
BlockStat;28; 720; 216; 4; 8;MVPIdxL0;255
BlockStat;28; 720; 216; 4; 8;RefIdxL0;0
BlockStat;28; 720; 216; 4; 8;MVDL0;   0;   0
BlockStat;28; 720; 216; 4; 8;MVL0;  49;  29
BlockStat;28; 724; 216; 4; 8;Depth;6
BlockStat;28; 724; 216; 4; 8;QT_Depth;3
BlockStat;28; 724; 216; 4; 8;BT_Depth;3
BlockStat;28; 724; 216; 4; 8;MT_Depth;3
BlockStat;28; 724; 216; 4; 8;ChromaQPAdj;0
BlockStat;28; 724; 216; 4; 8;QP;38
BlockStat;28; 724; 216; 4; 8;SplitSeries;102859809
BlockStat;28; 724; 216; 4; 8;SkipFlag;0
BlockStat;28; 724; 216; 4; 8;PredMode;0
BlockStat;28; 724; 216; 4; 8;MergeFlag;1
BlockStat;28; 724; 216; 4; 8;MergeIdx;41
BlockStat;28; 724; 216; 4; 8;MergeType;0
BlockStat;28; 724; 216; 4; 8;MMVDMergeFlag;1
BlockStat;28; 724; 216; 4; 8;MMVDMergeIdx;41
BlockStat;28; 724; 216; 4; 8;MVPIdxL0;255
BlockStat;28; 724; 216; 4; 8;RefIdxL0;0
BlockStat;28; 724; 216; 4; 8;MVDL0;   0;   0
BlockStat;28; 724; 216; 4; 8;MVL0;  52;  26
BlockStat;28; 724; 216; 4; 4;Cbf_Y;2
BlockStat;28; 724; 216; 4; 4;TransformSkipFlag_Y;0
BlockStat;28; 724; 216; 4; 4;Cbf_Cb;0
BlockStat;28; 724; 216; 4; 4;Cbf_Cr;0
BlockStat;28; 724; 220; 4; 4;Cbf_Y;0
BlockStat;28; 724; 220; 4; 4;TransformSkipFlag_Y;0
BlockStat;28; 724; 220; 4; 4;Cbf_Cb;0
BlockStat;28; 724; 220; 4; 4;Cbf_Cr;0
BlockStat;28; 728; 208; 8; 4;Depth;5
BlockStat;28; 728; 208; 8; 4;QT_Depth;3
BlockStat;28; 728; 208; 8; 4;BT_Depth;3
BlockStat;28; 728; 208; 8; 4;MT_Depth;2
BlockStat;28; 728; 208; 8; 4;ChromaQPAdj;0
BlockStat;28; 728; 208; 8; 4;QP;38
BlockStat;28; 728; 208; 8; 4;SplitSeries;4293665
BlockStat;28; 728; 208; 8; 4;SkipFlag;0
BlockStat;28; 728; 208; 8; 4;PredMode;1
BlockStat;28; 728; 208; 8; 4;Luma_IntraMode;9
BlockStat;28; 728; 208; 8; 4;MultiRefIdx;0
BlockStat;28; 728; 208; 8; 4;Cbf_Y;0
BlockStat;28; 728; 208; 8; 4;TransformSkipFlag_Y;0
BlockStat;28; 728; 212; 8; 8;Depth;5
BlockStat;28; 728; 212; 8; 8;QT_Depth;3
BlockStat;28; 728; 212; 8; 8;BT_Depth;2
BlockStat;28; 728; 212; 8; 8;MT_Depth;2
BlockStat;28; 728; 212; 8; 8;ChromaQPAdj;0
BlockStat;28; 728; 212; 8; 8;QP;38
BlockStat;28; 728; 212; 8; 8;SplitSeries;4293665
BlockStat;28; 728; 212; 8; 8;SkipFlag;0
BlockStat;28; 728; 212; 8; 8;PredMode;1
BlockStat;28; 728; 212; 8; 8;Luma_IntraMode;34
BlockStat;28; 728; 212; 8; 8;MultiRefIdx;0
BlockStat;28; 728; 212; 8; 8;Cbf_Y;0
BlockStat;28; 728; 212; 8; 8;TransformSkipFlag_Y;0
BlockStat;28; 728; 220; 8; 4;Depth;5
BlockStat;28; 728; 220; 8; 4;QT_Depth;3
BlockStat;28; 728; 220; 8; 4;BT_Depth;3
BlockStat;28; 728; 220; 8; 4;MT_Depth;2
BlockStat;28; 728; 220; 8; 4;ChromaQPAdj;0
BlockStat;28; 728; 220; 8; 4;QP;38
BlockStat;28; 728; 220; 8; 4;SplitSeries;4293665
BlockStat;28; 728; 220; 8; 4;SkipFlag;0
BlockStat;28; 728; 220; 8; 4;PredMode;1
BlockStat;28; 728; 220; 8; 4;Luma_IntraMode;15
BlockStat;28; 728; 220; 8; 4;MultiRefIdx;0
BlockStat;28; 728; 220; 8; 4;Cbf_Y;1
BlockStat;28; 728; 220; 8; 4;TransformSkipFlag_Y;2
BlockStat;28;   0;   0; 0; 0;Depth;4
BlockStat;28;   0;   0; 0; 0;QT_Depth;3
BlockStat;28;   0;   0; 0; 0;BT_Depth;1
BlockStat;28;   0;   0; 0; 0;MT_Depth;1
BlockStat;28;   0;   0; 0; 0;ChromaQPAdj;0
BlockStat;28;   0;   0; 0; 0;QP;38
BlockStat;28;   0;   0; 0; 0;SplitSeries;99361
BlockStat;28;   0;   0; 0; 0;PredMode;1
BlockStat;28; 728; 208; 8;16;Chroma_IntraMode;34
BlockStat;28; 728; 208; 8;16;Cbf_Cb;0
BlockStat;28; 728; 208; 8;16;Cbf_Cr;0
BlockStat;28; 736; 192;32;32;Depth;2
BlockStat;28; 736; 192;32;32;QT_Depth;2
BlockStat;28; 736; 192;32;32;BT_Depth;0
BlockStat;28; 736; 192;32;32;MT_Depth;0
BlockStat;28; 736; 192;32;32;ChromaQPAdj;0
BlockStat;28; 736; 192;32;32;QP;38
BlockStat;28; 736; 192;32;32;SplitSeries;33
BlockStat;28; 736; 192;32;32;SkipFlag;0
BlockStat;28; 736; 192;32;32;PredMode;1
BlockStat;28; 736; 192;32;32;Luma_IntraMode;0
BlockStat;28; 736; 192;32;32;Chroma_IntraMode;67
BlockStat;28; 736; 192;32;32;MultiRefIdx;0
BlockStat;28; 736; 192;32;32;Cbf_Y;1
BlockStat;28; 736; 192;32;32;TransformSkipFlag_Y;0
BlockStat;28; 736; 192;32;32;Cbf_Cb;0
BlockStat;28; 736; 192;32;32;Cbf_Cr;0
BlockStat;28; 704; 224; 8;16;Depth;5
BlockStat;28; 704; 224; 8;16;QT_Depth;2
BlockStat;28; 704; 224; 8;16;BT_Depth;3
BlockStat;28; 704; 224; 8;16;MT_Depth;3
BlockStat;28; 704; 224; 8;16;ChromaQPAdj;0
BlockStat;28; 704; 224; 8;16;QP;38
BlockStat;28; 704; 224; 8;16;SplitSeries;3246113
BlockStat;28; 704; 224; 8;16;SkipFlag;1
BlockStat;28; 704; 224; 8;16;MMVDSkipFlag;0
BlockStat;28; 704; 224; 8;16;PredMode;0
BlockStat;28; 704; 224; 8;16;MergeIdx;0
BlockStat;28; 704; 224; 8;16;MergeType;0
BlockStat;28; 704; 224; 8;16;MMVDMergeFlag;0
BlockStat;28; 704; 224; 8;16;AffineFlag;0
BlockStat;28; 704; 224; 8;16;MVPIdxL0;255
BlockStat;28; 704; 224; 8;16;RefIdxL0;0
BlockStat: POC 28 @( 704, 224) [ 8x16] TrianglePartitioning={   0,   0,   8,  16}
BlockStat: POC 28 @[(704, 224)--(712, 224)--(712, 240)--] TriangleMVL0={  50,  26}
BlockStat: POC 28 @[(704, 224)--(704, 240)--(712, 240)--] TriangleMVL0={  56,  26}
BlockStat;28; 712; 224; 8;16;Depth;5
BlockStat;28; 712; 224; 8;16;QT_Depth;2
BlockStat;28; 712; 224; 8;16;BT_Depth;3
BlockStat;28; 712; 224; 8;16;MT_Depth;3
BlockStat;28; 712; 224; 8;16;ChromaQPAdj;0
BlockStat;28; 712; 224; 8;16;QP;38
BlockStat;28; 712; 224; 8;16;SplitSeries;3246113
BlockStat;28; 712; 224; 8;16;SkipFlag;0
BlockStat;28; 712; 224; 8;16;PredMode;0
BlockStat;28; 712; 224; 8;16;MergeFlag;1
BlockStat;28; 712; 224; 8;16;MergeIdx;38
BlockStat;28; 712; 224; 8;16;MergeType;0
BlockStat;28; 712; 224; 8;16;MMVDMergeFlag;1
BlockStat;28; 712; 224; 8;16;MMVDMergeIdx;38
BlockStat;28; 712; 224; 8;16;MVPIdxL0;255
BlockStat;28; 712; 224; 8;16;RefIdxL0;0
BlockStat;28; 712; 224; 8;16;MVDL0;   0;   0
BlockStat;28; 712; 224; 8;16;MVL0;  49;  31
BlockStat;28; 712; 224; 8;16;Cbf_Y;1
BlockStat;28; 712; 224; 8;16;TransformSkipFlag_Y;0
BlockStat;28; 712; 224; 8;16;Cbf_Cb;0
BlockStat;28; 712; 224; 8;16;Cbf_Cr;0
BlockStat;28; 720; 224; 4;16;Depth;5
BlockStat;28; 720; 224; 4;16;QT_Depth;2
BlockStat;28; 720; 224; 4;16;BT_Depth;4
BlockStat;28; 720; 224; 4;16;MT_Depth;3
BlockStat;28; 720; 224; 4;16;ChromaQPAdj;0
BlockStat;28; 720; 224; 4;16;QP;38
BlockStat;28; 720; 224; 4;16;SplitSeries;5343265
BlockStat;28; 720; 224; 4;16;SkipFlag;1
BlockStat;28; 720; 224; 4;16;MMVDSkipFlag;0
BlockStat;28; 720; 224; 4;16;PredMode;0
BlockStat;28; 720; 224; 4;16;MergeIdx;0
BlockStat;28; 720; 224; 4;16;MergeType;0
BlockStat;28; 720; 224; 4;16;MMVDMergeFlag;0
BlockStat;28; 720; 224; 4;16;MVPIdxL0;255
BlockStat;28; 720; 224; 4;16;RefIdxL0;0
BlockStat: POC 28 @( 720, 224) [ 4x16] TrianglePartitioning={   0,   0,   4,  16}
BlockStat;28; 724; 224; 8;16;Depth;5
BlockStat;28; 724; 224; 8;16;QT_Depth;2
BlockStat;28; 724; 224; 8;16;BT_Depth;3
BlockStat;28; 724; 224; 8;16;MT_Depth;3
BlockStat;28; 724; 224; 8;16;ChromaQPAdj;0
BlockStat;28; 724; 224; 8;16;QP;38
BlockStat;28; 724; 224; 8;16;SplitSeries;5343265
BlockStat;28; 724; 224; 8;16;SkipFlag;0
BlockStat;28; 724; 224; 8;16;PredMode;0
BlockStat;28; 724; 224; 8;16;MergeFlag;0
BlockStat;28; 724; 224; 8;16;InterDir;3
BlockStat;28; 724; 224; 8;16;MVPIdxL0;0
BlockStat;28; 724; 224; 8;16;RefIdxL0;1
BlockStat;28; 724; 224; 8;16;MVPIdxL1;1
BlockStat;28; 724; 224; 8;16;RefIdxL1;0
BlockStat;28; 724; 224; 8;16;MVDL0; -16;   6
BlockStat;28; 724; 224; 8;16;MVL0; 166;  54
BlockStat;28; 724; 224; 8;16;MVDL1;   0;   0
BlockStat;28; 724; 224; 8;16;MVL1;  48;  28
BlockStat;28; 724; 224; 8;16;IMVMode;3
BlockStat;28; 724; 224; 8;16;RootCbf;1
BlockStat;28; 724; 224; 8;16;Cbf_Y;1
BlockStat;28; 724; 224; 8;16;TransformSkipFlag_Y;0
BlockStat;28; 724; 224; 8;16;Cbf_Cb;0
BlockStat;28; 724; 224; 8;16;Cbf_Cr;0
BlockStat;28; 732; 224; 4;16;Depth;5
BlockStat;28; 732; 224; 4;16;QT_Depth;2
BlockStat;28; 732; 224; 4;16;BT_Depth;4
BlockStat;28; 732; 224; 4;16;MT_Depth;3
BlockStat;28; 732; 224; 4;16;ChromaQPAdj;0
BlockStat;28; 732; 224; 4;16;QP;38
BlockStat;28; 732; 224; 4;16;SplitSeries;5343265
BlockStat;28; 732; 224; 4;16;SkipFlag;0
BlockStat;28; 732; 224; 4;16;PredMode;1
BlockStat;28; 732; 224; 4;16;Luma_IntraMode;24
BlockStat;28; 732; 224; 4;16;Chroma_IntraMode;0
BlockStat;28; 732; 224; 4;16;MultiRefIdx;0
BlockStat;28; 732; 224; 4;16;Cbf_Y;1
BlockStat;28; 732; 224; 4;16;TransformSkipFlag_Y;0
BlockStat;28; 732; 224; 4;16;Cbf_Cb;0
BlockStat;28; 732; 224; 4;16;Cbf_Cr;0
BlockStat;28; 704; 240;32; 8;Depth;4
BlockStat;28; 704; 240;32; 8;QT_Depth;2
BlockStat;28; 704; 240;32; 8;BT_Depth;2
BlockStat;28; 704; 240;32; 8;MT_Depth;2
BlockStat;28; 704; 240;32; 8;ChromaQPAdj;0
BlockStat;28; 704; 240;32; 8;QP;38
BlockStat;28; 704; 240;32; 8;SplitSeries;67617
BlockStat;28; 704; 240;32; 8;SkipFlag;0
BlockStat;28; 704; 240;32; 8;PredMode;0
BlockStat;28; 704; 240;32; 8;MergeFlag;0
BlockStat;28; 704; 240;32; 8;InterDir;1
BlockStat;28; 704; 240;32; 8;MVPIdxL0;0
BlockStat;28; 704; 240;32; 8;RefIdxL0;0
BlockStat;28; 704; 240;32; 8;MVDL0; -12;   4
BlockStat;28; 704; 240;32; 8;MVL0;  44;  28
BlockStat;28; 704; 240;32; 8;IMVMode;1
BlockStat;28; 704; 240;32; 8;RootCbf;1
BlockStat;28; 704; 240;32; 8;Cbf_Y;1
BlockStat;28; 704; 240;32; 8;TransformSkipFlag_Y;0
BlockStat;28; 704; 240;32; 8;Cbf_Cb;0
BlockStat;28; 704; 240;32; 8;Cbf_Cr;0
BlockStat;28; 704; 248;32; 8;Depth;4
BlockStat;28; 704; 248;32; 8;QT_Depth;2
BlockStat;28; 704; 248;32; 8;BT_Depth;2
BlockStat;28; 704; 248;32; 8;MT_Depth;2
BlockStat;28; 704; 248;32; 8;ChromaQPAdj;0
BlockStat;28; 704; 248;32; 8;QP;38
BlockStat;28; 704; 248;32; 8;SplitSeries;67617
BlockStat;28; 704; 248;32; 8;SkipFlag;0
BlockStat;28; 704; 248;32; 8;PredMode;0
BlockStat;28; 704; 248;32; 8;MergeFlag;0
BlockStat;28; 704; 248;32; 8;InterDir;1
BlockStat;28; 704; 248;32; 8;MVPIdxL0;0
BlockStat;28; 704; 248;32; 8;RefIdxL0;0
BlockStat;28; 704; 248;32; 8;MVDL0;  -8;   0
BlockStat;28; 704; 248;32; 8;MVL0;  48;  24
BlockStat;28; 704; 248;32; 8;IMVMode;1
BlockStat;28; 704; 248;32; 8;RootCbf;1
BlockStat;28; 704; 248;32; 8;Cbf_Y;1
BlockStat;28; 704; 248;32; 8;TransformSkipFlag_Y;0
BlockStat;28; 704; 248;32; 8;Cbf_Cb;0
BlockStat;28; 704; 248;32; 8;Cbf_Cr;0
BlockStat;28; 736; 224;16; 8;Depth;5
BlockStat;28; 736; 224;16; 8;QT_Depth;2
BlockStat;28; 736; 224;16; 8;BT_Depth;3
BlockStat;28; 736; 224;16; 8;MT_Depth;3
BlockStat;28; 736; 224;16; 8;ChromaQPAdj;0
BlockStat;28; 736; 224;16; 8;QP;38
BlockStat;28; 736; 224;16; 8;SplitSeries;2197537
BlockStat;28; 736; 224;16; 8;SkipFlag;0
BlockStat;28; 736; 224;16; 8;PredMode;1
BlockStat;28; 736; 224;16; 8;Luma_IntraMode;25
BlockStat;28; 736; 224;16; 8;Chroma_IntraMode;25
BlockStat;28; 736; 224;16; 8;MultiRefIdx;0
BlockStat;28; 736; 224;16; 8;Cbf_Y;1
BlockStat;28; 736; 224;16; 8;TransformSkipFlag_Y;2
BlockStat;28; 736; 224;16; 8;Cbf_Cb;0
BlockStat;28; 736; 224;16; 8;Cbf_Cr;0
BlockStat;28; 736; 232;16; 8;Depth;5
BlockStat;28; 736; 232;16; 8;QT_Depth;2
BlockStat;28; 736; 232;16; 8;BT_Depth;3
BlockStat;28; 736; 232;16; 8;MT_Depth;3
BlockStat;28; 736; 232;16; 8;ChromaQPAdj;0
BlockStat;28; 736; 232;16; 8;QP;38
BlockStat;28; 736; 232;16; 8;SplitSeries;2197537
BlockStat;28; 736; 232;16; 8;SkipFlag;0
BlockStat;28; 736; 232;16; 8;PredMode;1
BlockStat;28; 736; 232;16; 8;Luma_IntraMode;9
BlockStat;28; 736; 232;16; 8;Chroma_IntraMode;1
BlockStat;28; 736; 232;16; 8;MultiRefIdx;0
BlockStat;28; 736; 232;16; 8;Cbf_Y;1
BlockStat;28; 736; 232;16; 8;TransformSkipFlag_Y;0
BlockStat;28; 736; 232;16; 8;Cbf_Cb;0
BlockStat;28; 736; 232;16; 8;Cbf_Cr;0
BlockStat;28; 752; 224;16;16;Depth;4
BlockStat;28; 752; 224;16;16;QT_Depth;2
BlockStat;28; 752; 224;16;16;BT_Depth;2
BlockStat;28; 752; 224;16;16;MT_Depth;2
BlockStat;28; 752; 224;16;16;ChromaQPAdj;0
BlockStat;28; 752; 224;16;16;QP;38
BlockStat;28; 752; 224;16;16;SplitSeries;100385
BlockStat;28; 752; 224;16;16;SkipFlag;0
BlockStat;28; 752; 224;16;16;PredMode;1
BlockStat;28; 752; 224;16;16;Luma_IntraMode;32
BlockStat;28; 752; 224;16;16;Chroma_IntraMode;67
BlockStat;28; 752; 224;16;16;MultiRefIdx;0
BlockStat;28; 752; 224;16;16;Cbf_Y;1
BlockStat;28; 752; 224;16;16;TransformSkipFlag_Y;0
BlockStat;28; 752; 224;16;16;Cbf_Cb;0
BlockStat;28; 752; 224;16;16;Cbf_Cr;0
BlockStat;28; 736; 240; 8;16;Depth;4
BlockStat;28; 736; 240; 8;16;QT_Depth;2
BlockStat;28; 736; 240; 8;16;BT_Depth;3
BlockStat;28; 736; 240; 8;16;MT_Depth;2
BlockStat;28; 736; 240; 8;16;ChromaQPAdj;0
BlockStat;28; 736; 240; 8;16;QP;38
BlockStat;28; 736; 240; 8;16;SplitSeries;165921
BlockStat;28; 736; 240; 8;16;SkipFlag;0
BlockStat;28; 736; 240; 8;16;PredMode;0
BlockStat;28; 736; 240; 8;16;MergeFlag;0
BlockStat;28; 736; 240; 8;16;InterDir;1
BlockStat;28; 736; 240; 8;16;MVPIdxL0;1
BlockStat;28; 736; 240; 8;16;RefIdxL0;0
BlockStat;28; 736; 240; 8;16;MVDL0; -15;   0
BlockStat;28; 736; 240; 8;16;MVL0;  46;  15
BlockStat;28; 736; 240; 8;16;IMVMode;0
BlockStat;28; 736; 240; 8;16;RootCbf;1
BlockStat;28; 736; 240; 8;16;Cbf_Y;1
BlockStat;28; 736; 240; 8;16;TransformSkipFlag_Y;0
BlockStat;28; 736; 240; 8;16;Cbf_Cb;0
BlockStat;28; 736; 240; 8;16;Cbf_Cr;0
BlockStat;28; 744; 240;16;16;Depth;4
BlockStat;28; 744; 240;16;16;QT_Depth;2
BlockStat;28; 744; 240;16;16;BT_Depth;2
BlockStat;28; 744; 240;16;16;MT_Depth;2
BlockStat;28; 744; 240;16;16;ChromaQPAdj;0
BlockStat;28; 744; 240;16;16;QP;38
BlockStat;28; 744; 240;16;16;SplitSeries;165921
BlockStat;28; 744; 240;16;16;SkipFlag;0
BlockStat;28; 744; 240;16;16;PredMode;1
BlockStat;28; 744; 240;16;16;Luma_IntraMode;4
BlockStat;28; 744; 240;16;16;Chroma_IntraMode;67
BlockStat;28; 744; 240;16;16;MultiRefIdx;0
BlockStat;28; 744; 240;16;16;Cbf_Y;0
BlockStat;28; 744; 240;16;16;TransformSkipFlag_Y;0
BlockStat;28; 744; 240;16;16;Cbf_Cb;0
BlockStat;28; 744; 240;16;16;Cbf_Cr;0
BlockStat;28; 760; 240; 8;16;Depth;4
BlockStat;28; 760; 240; 8;16;QT_Depth;2
BlockStat;28; 760; 240; 8;16;BT_Depth;3
BlockStat;28; 760; 240; 8;16;MT_Depth;2
BlockStat;28; 760; 240; 8;16;ChromaQPAdj;0
BlockStat;28; 760; 240; 8;16;QP;38
BlockStat;28; 760; 240; 8;16;SplitSeries;165921
BlockStat;28; 760; 240; 8;16;SkipFlag;0
BlockStat;28; 760; 240; 8;16;PredMode;1
BlockStat;28; 760; 240; 8;16;Luma_IntraMode;4
BlockStat;28; 760; 240; 8;16;Chroma_IntraMode;0
BlockStat;28; 760; 240; 8;16;MultiRefIdx;0
BlockStat;28; 760; 240; 8;16;Cbf_Y;1
BlockStat;28; 760; 240; 8;16;TransformSkipFlag_Y;2
BlockStat;28; 760; 240; 8;16;Cbf_Cb;0
BlockStat;28; 760; 240; 8;16;Cbf_Cr;0
BlockStat;28; 768; 128; 8;32;Depth;3
BlockStat;28; 768; 128; 8;32;QT_Depth;2
BlockStat;28; 768; 128; 8;32;BT_Depth;2
BlockStat;28; 768; 128; 8;32;MT_Depth;1
BlockStat;28; 768; 128; 8;32;ChromaQPAdj;0
BlockStat;28; 768; 128; 8;32;QP;38
BlockStat;28; 768; 128; 8;32;SplitSeries;5153
BlockStat;28; 768; 128; 8;32;SkipFlag;0
BlockStat;28; 768; 128; 8;32;PredMode;0
BlockStat;28; 768; 128; 8;32;MergeFlag;0
BlockStat;28; 768; 128; 8;32;InterDir;1
BlockStat;28; 768; 128; 8;32;MVPIdxL0;0
BlockStat;28; 768; 128; 8;32;RefIdxL0;0
BlockStat;28; 768; 128; 8;32;MVDL0; -60;  86
BlockStat;28; 768; 128; 8;32;MVL0; -78; 110
BlockStat;28; 768; 128; 8;32;IMVMode;3
BlockStat;28; 768; 128; 8;32;RootCbf;1
BlockStat;28; 768; 128; 8;16;Cbf_Y;2
BlockStat;28; 768; 128; 8;16;TransformSkipFlag_Y;0
BlockStat;28; 768; 128; 8;16;Cbf_Cb;0
BlockStat;28; 768; 128; 8;16;Cbf_Cr;0
BlockStat;28; 768; 144; 8;16;Cbf_Y;0
BlockStat;28; 768; 144; 8;16;TransformSkipFlag_Y;0
BlockStat;28; 768; 144; 8;16;Cbf_Cb;0
BlockStat;28; 768; 144; 8;16;Cbf_Cr;0
BlockStat;28; 776; 128;16; 8;Depth;4
BlockStat;28; 776; 128;16; 8;QT_Depth;2
BlockStat;28; 776; 128;16; 8;BT_Depth;3
BlockStat;28; 776; 128;16; 8;MT_Depth;2
BlockStat;28; 776; 128;16; 8;ChromaQPAdj;0
BlockStat;28; 776; 128;16; 8;QP;38
BlockStat;28; 776; 128;16; 8;SplitSeries;136225
BlockStat;28; 776; 128;16; 8;SkipFlag;1
BlockStat;28; 776; 128;16; 8;MMVDSkipFlag;0
BlockStat;28; 776; 128;16; 8;PredMode;0
BlockStat;28; 776; 128;16; 8;MergeIdx;1
BlockStat;28; 776; 128;16; 8;MergeType;0
BlockStat;28; 776; 128;16; 8;MMVDMergeFlag;0
BlockStat;28; 776; 128;16; 8;AffineFlag;0
BlockStat;28; 776; 128;16; 8;MVPIdxL0;255
BlockStat;28; 776; 128;16; 8;RefIdxL0;0
BlockStat;28; 776; 128;16; 8;MVDL0;   0;   0
BlockStat;28; 776; 128;16; 8;MVL0; -18;  25
BlockStat;28; 776; 136;16;16;Depth;4
BlockStat;28; 776; 136;16;16;QT_Depth;2
BlockStat;28; 776; 136;16;16;BT_Depth;2
BlockStat;28; 776; 136;16;16;MT_Depth;2
BlockStat;28; 776; 136;16;16;ChromaQPAdj;0
BlockStat;28; 776; 136;16;16;QP;38
BlockStat;28; 776; 136;16;16;SplitSeries;136225
BlockStat;28; 776; 136;16;16;SkipFlag;0
BlockStat;28; 776; 136;16;16;PredMode;0
BlockStat;28; 776; 136;16;16;MergeFlag;0
BlockStat;28; 776; 136;16;16;InterDir;1
BlockStat;28; 776; 136;16;16;AffineFlag;0
BlockStat;28; 776; 136;16;16;MVPIdxL0;0
BlockStat;28; 776; 136;16;16;RefIdxL0;0
BlockStat;28; 776; 136;16;16;MVDL0; -12;   0
BlockStat;28; 776; 136;16;16;MVL0; -88; 108
BlockStat;28; 776; 136;16;16;IMVMode;1
BlockStat;28; 776; 136;16;16;RootCbf;1
BlockStat;28; 776; 136;16;16;Cbf_Y;1
BlockStat;28; 776; 136;16;16;TransformSkipFlag_Y;0
BlockStat;28; 776; 136;16;16;Cbf_Cb;0
BlockStat;28; 776; 136;16;16;Cbf_Cr;0
BlockStat;28; 776; 152;16; 8;Depth;4
BlockStat;28; 776; 152;16; 8;QT_Depth;2
BlockStat;28; 776; 152;16; 8;BT_Depth;3
BlockStat;28; 776; 152;16; 8;MT_Depth;2
BlockStat;28; 776; 152;16; 8;ChromaQPAdj;0
BlockStat;28; 776; 152;16; 8;QP;38
BlockStat;28; 776; 152;16; 8;SplitSeries;136225
BlockStat;28; 776; 152;16; 8;SkipFlag;0
BlockStat;28; 776; 152;16; 8;PredMode;0
BlockStat;28; 776; 152;16; 8;MergeFlag;0
BlockStat;28; 776; 152;16; 8;InterDir;3
BlockStat;28; 776; 152;16; 8;MVPIdxL0;0
BlockStat;28; 776; 152;16; 8;RefIdxL0;0
BlockStat;28; 776; 152;16; 8;MVPIdxL1;1
BlockStat;28; 776; 152;16; 8;RefIdxL1;0
BlockStat;28; 776; 152;16; 8;MVDL0;   0;  -8
BlockStat;28; 776; 152;16; 8;MVL0; -76; 100
BlockStat;28; 776; 152;16; 8;MVDL1;   0;   0
BlockStat;28; 776; 152;16; 8;MVL1; -88; 108
BlockStat;28; 776; 152;16; 8;IMVMode;1
BlockStat;28; 776; 152;16; 8;RootCbf;0
BlockStat;28; 792; 128; 8;32;Depth;3
BlockStat;28; 792; 128; 8;32;QT_Depth;2
BlockStat;28; 792; 128; 8;32;BT_Depth;2
BlockStat;28; 792; 128; 8;32;MT_Depth;1
BlockStat;28; 792; 128; 8;32;ChromaQPAdj;0
BlockStat;28; 792; 128; 8;32;QP;38
BlockStat;28; 792; 128; 8;32;SplitSeries;5153
BlockStat;28; 792; 128; 8;32;SkipFlag;1
BlockStat;28; 792; 128; 8;32;MMVDSkipFlag;0
BlockStat;28; 792; 128; 8;32;PredMode;0
BlockStat;28; 792; 128; 8;32;MergeIdx;0
BlockStat;28; 792; 128; 8;32;MergeType;0
BlockStat;28; 792; 128; 8;32;MMVDMergeFlag;0
BlockStat;28; 792; 128; 8;32;AffineFlag;0
BlockStat;28; 792; 128; 8;32;MVPIdxL0;255
BlockStat;28; 792; 128; 8;32;RefIdxL0;0
BlockStat;28; 792; 128; 8;32;MVPIdxL1;255
BlockStat;28; 792; 128; 8;32;RefIdxL1;0
BlockStat;28; 792; 128; 8;32;MVDL0;   0;   0
BlockStat;28; 792; 128; 8;32;MVL0; -76; 100
BlockStat;28; 792; 128; 8;32;MVDL1;   0;   0
BlockStat;28; 792; 128; 8;32;MVL1; -88; 108
BlockStat;28; 800; 128;16;16;Depth;4
BlockStat;28; 800; 128;16;16;QT_Depth;2
BlockStat;28; 800; 128;16;16;BT_Depth;2
BlockStat;28; 800; 128;16;16;MT_Depth;2
BlockStat;28; 800; 128;16;16;ChromaQPAdj;0
BlockStat;28; 800; 128;16;16;QP;38
BlockStat;28; 800; 128;16;16;SplitSeries;68641
BlockStat;28; 800; 128;16;16;SkipFlag;1
BlockStat;28; 800; 128;16;16;MMVDSkipFlag;0
BlockStat;28; 800; 128;16;16;PredMode;0
BlockStat;28; 800; 128;16;16;MergeIdx;4
BlockStat;28; 800; 128;16;16;MergeType;0
BlockStat;28; 800; 128;16;16;MMVDMergeFlag;1
BlockStat;28; 800; 128;16;16;MMVDMergeIdx;4
BlockStat;28; 800; 128;16;16;MVPIdxL0;255
BlockStat;28; 800; 128;16;16;RefIdxL0;0
BlockStat;28; 800; 128;16;16;MVPIdxL1;255
BlockStat;28; 800; 128;16;16;RefIdxL1;0
BlockStat;28; 800; 128;16;16;MVDL0;   0;   0
BlockStat;28; 800; 128;16;16;MVL0; -74; 100
BlockStat;28; 800; 128;16;16;MVDL1;   0;   0
BlockStat;28; 800; 128;16;16;MVL1; -86; 108
BlockStat;28; 800; 144; 4;16;Depth;5
BlockStat;28; 800; 144; 4;16;QT_Depth;2
BlockStat;28; 800; 144; 4;16;BT_Depth;4
BlockStat;28; 800; 144; 4;16;MT_Depth;3
BlockStat;28; 800; 144; 4;16;ChromaQPAdj;0
BlockStat;28; 800; 144; 4;16;QP;38
BlockStat;28; 800; 144; 4;16;SplitSeries;5311521
BlockStat;28; 800; 144; 4;16;SkipFlag;1
BlockStat;28; 800; 144; 4;16;MMVDSkipFlag;0
BlockStat;28; 800; 144; 4;16;PredMode;0
BlockStat;28; 800; 144; 4;16;MergeIdx;4
BlockStat;28; 800; 144; 4;16;MergeType;0
BlockStat;28; 800; 144; 4;16;MMVDMergeFlag;0
BlockStat;28; 800; 144; 4;16;MVPIdxL0;255
BlockStat;28; 800; 144; 4;16;RefIdxL0;0
BlockStat: POC 28 @( 800, 144) [ 4x16] TrianglePartitioning={   0,  16,   4,   0}
BlockStat;28; 804; 144; 8;16;Depth;5
BlockStat;28; 804; 144; 8;16;QT_Depth;2
BlockStat;28; 804; 144; 8;16;BT_Depth;3
BlockStat;28; 804; 144; 8;16;MT_Depth;3
BlockStat;28; 804; 144; 8;16;ChromaQPAdj;0
BlockStat;28; 804; 144; 8;16;QP;38
BlockStat;28; 804; 144; 8;16;SplitSeries;5311521
BlockStat;28; 804; 144; 8;16;SkipFlag;1
BlockStat;28; 804; 144; 8;16;MMVDSkipFlag;0
BlockStat;28; 804; 144; 8;16;PredMode;0
BlockStat;28; 804; 144; 8;16;MergeIdx;0
BlockStat;28; 804; 144; 8;16;MergeType;0
BlockStat;28; 804; 144; 8;16;MMVDMergeFlag;0
BlockStat;28; 804; 144; 8;16;AffineFlag;0
BlockStat;28; 804; 144; 8;16;MVPIdxL0;255
BlockStat;28; 804; 144; 8;16;RefIdxL0;0
BlockStat;28; 804; 144; 8;16;MVDL0;   0;   0
BlockStat;28; 804; 144; 8;16;MVL0; -18;  25
BlockStat;28; 812; 144; 4;16;Depth;5
BlockStat;28; 812; 144; 4;16;QT_Depth;2
BlockStat;28; 812; 144; 4;16;BT_Depth;4
BlockStat;28; 812; 144; 4;16;MT_Depth;3
BlockStat;28; 812; 144; 4;16;ChromaQPAdj;0
BlockStat;28; 812; 144; 4;16;QP;38
BlockStat;28; 812; 144; 4;16;SplitSeries;5311521
BlockStat;28; 812; 144; 4;16;SkipFlag;1
BlockStat;28; 812; 144; 4;16;MMVDSkipFlag;0
BlockStat;28; 812; 144; 4;16;PredMode;0
BlockStat;28; 812; 144; 4;16;MergeIdx;0
BlockStat;28; 812; 144; 4;16;MergeType;0
BlockStat;28; 812; 144; 4;16;MMVDMergeFlag;0
BlockStat;28; 812; 144; 4;16;MVPIdxL0;255
BlockStat;28; 812; 144; 4;16;RefIdxL0;0
BlockStat;28; 812; 144; 4;16;MVDL0;   0;   0
BlockStat;28; 812; 144; 4;16;MVL0; -18;  25
BlockStat;28; 816; 128;16;32;Depth;3
BlockStat;28; 816; 128;16;32;QT_Depth;2
BlockStat;28; 816; 128;16;32;BT_Depth;1
BlockStat;28; 816; 128;16;32;MT_Depth;1
BlockStat;28; 816; 128;16;32;ChromaQPAdj;0
BlockStat;28; 816; 128;16;32;QP;38
BlockStat;28; 816; 128;16;32;SplitSeries;3105
BlockStat;28; 816; 128;16;32;SkipFlag;0
BlockStat;28; 816; 128;16;32;PredMode;0
BlockStat;28; 816; 128;16;32;MergeFlag;1
BlockStat;28; 816; 128;16;32;MergeIdx;0
BlockStat;28; 816; 128;16;32;MergeType;0
BlockStat;28; 816; 128;16;32;MMVDMergeFlag;0
BlockStat;28; 816; 128;16;32;AffineFlag;0
BlockStat;28; 816; 128;16;32;MHIntraFlag;0
BlockStat;28; 816; 128;16;32;MVPIdxL0;255
BlockStat;28; 816; 128;16;32;RefIdxL0;0
BlockStat;28; 816; 128;16;32;MVDL0;   0;   0
BlockStat;28; 816; 128;16;32;MVL0; -18;  25
BlockStat;28; 816; 128;16;32;Cbf_Y;1
BlockStat;28; 816; 128;16;32;TransformSkipFlag_Y;1
BlockStat;28; 816; 128;16;32;Cbf_Cb;0
BlockStat;28; 816; 128;16;32;Cbf_Cr;0
BlockStat;28; 768; 160; 4;32;Depth;4
BlockStat;28; 768; 160; 4;32;QT_Depth;2
BlockStat;28; 768; 160; 4;32;BT_Depth;3
BlockStat;28; 768; 160; 4;32;MT_Depth;2
BlockStat;28; 768; 160; 4;32;ChromaQPAdj;0
BlockStat;28; 768; 160; 4;32;QP;38
BlockStat;28; 768; 160; 4;32;SplitSeries;166945
BlockStat;28; 768; 160; 4;32;SkipFlag;0
BlockStat;28; 768; 160; 4;32;PredMode;0
BlockStat;28; 768; 160; 4;32;MergeFlag;1
BlockStat;28; 768; 160; 4;32;MergeIdx;0
BlockStat;28; 768; 160; 4;32;MergeType;0
BlockStat;28; 768; 160; 4;32;MMVDMergeFlag;0
BlockStat;28; 768; 160; 4;32;MHIntraFlag;0
BlockStat;28; 768; 160; 4;32;MVPIdxL0;255
BlockStat;28; 768; 160; 4;32;RefIdxL0;0
BlockStat;28; 768; 160; 4;32;MVDL0;   0;   0
BlockStat;28; 768; 160; 4;32;MVL0; -78; 110
BlockStat;28; 768; 160; 4;24;Cbf_Y;0
BlockStat;28; 768; 160; 4;24;TransformSkipFlag_Y;0
BlockStat;28; 768; 160; 4;24;Cbf_Cb;0
BlockStat;28; 768; 160; 4;24;Cbf_Cr;0
BlockStat;28; 768; 184; 4; 8;Cbf_Y;2
BlockStat;28; 768; 184; 4; 8;TransformSkipFlag_Y;0
BlockStat;28; 768; 184; 4; 8;Cbf_Cb;0
BlockStat;28; 768; 184; 4; 8;Cbf_Cr;0
BlockStat;28; 772; 160; 8;32;Depth;4
BlockStat;28; 772; 160; 8;32;QT_Depth;2
BlockStat;28; 772; 160; 8;32;BT_Depth;2
BlockStat;28; 772; 160; 8;32;MT_Depth;2
BlockStat;28; 772; 160; 8;32;ChromaQPAdj;0
BlockStat;28; 772; 160; 8;32;QP;38
BlockStat;28; 772; 160; 8;32;SplitSeries;166945
BlockStat;28; 772; 160; 8;32;SkipFlag;0
BlockStat;28; 772; 160; 8;32;PredMode;0
BlockStat;28; 772; 160; 8;32;MergeFlag;1
BlockStat;28; 772; 160; 8;32;MergeIdx;50
BlockStat;28; 772; 160; 8;32;MergeType;0
BlockStat;28; 772; 160; 8;32;MMVDMergeFlag;1
BlockStat;28; 772; 160; 8;32;MMVDMergeIdx;50
BlockStat;28; 772; 160; 8;32;MVPIdxL0;255
BlockStat;28; 772; 160; 8;32;RefIdxL0;0
BlockStat;28; 772; 160; 8;32;MVPIdxL1;255
BlockStat;28; 772; 160; 8;32;RefIdxL1;0
BlockStat;28; 772; 160; 8;32;MVDL0;   0;   0
BlockStat;28; 772; 160; 8;32;MVL0; -76; 116
BlockStat;28; 772; 160; 8;32;MVDL1;   0;   0
BlockStat;28; 772; 160; 8;32;MVL1; -88; 124
BlockStat;28; 772; 160; 8;32;Cbf_Y;1
BlockStat;28; 772; 160; 8;32;TransformSkipFlag_Y;0
BlockStat;28; 772; 160; 8;32;Cbf_Cb;0
BlockStat;28; 772; 160; 8;32;Cbf_Cr;0
BlockStat;28; 780; 160; 4;32;Depth;4
BlockStat;28; 780; 160; 4;32;QT_Depth;2
BlockStat;28; 780; 160; 4;32;BT_Depth;3
BlockStat;28; 780; 160; 4;32;MT_Depth;2
BlockStat;28; 780; 160; 4;32;ChromaQPAdj;0
BlockStat;28; 780; 160; 4;32;QP;38
BlockStat;28; 780; 160; 4;32;SplitSeries;166945
BlockStat;28; 780; 160; 4;32;SkipFlag;0
BlockStat;28; 780; 160; 4;32;PredMode;0
BlockStat;28; 780; 160; 4;32;MergeFlag;1
BlockStat;28; 780; 160; 4;32;MergeIdx;0
BlockStat;28; 780; 160; 4;32;MergeType;0
BlockStat;28; 780; 160; 4;32;MMVDMergeFlag;0
BlockStat;28; 780; 160; 4;32;MHIntraFlag;0
BlockStat;28; 780; 160; 4;32;MVPIdxL0;255
BlockStat;28; 780; 160; 4;32;RefIdxL0;0
BlockStat;28; 780; 160; 4;32;MVPIdxL1;255
BlockStat;28; 780; 160; 4;32;RefIdxL1;0
BlockStat;28; 780; 160; 4;32;MVDL0;   0;   0
BlockStat;28; 780; 160; 4;32;MVL0; -76; 116
BlockStat;28; 780; 160; 4;32;MVDL1;   0;   0
BlockStat;28; 780; 160; 4;32;MVL1; -88; 124
BlockStat;28; 780; 160; 4;32;Cbf_Y;1
BlockStat;28; 780; 160; 4;32;TransformSkipFlag_Y;0
BlockStat;28; 780; 160; 4;32;Cbf_Cb;0
BlockStat;28; 780; 160; 4;32;Cbf_Cr;0
BlockStat;28; 784; 160; 8;32;Depth;4
BlockStat;28; 784; 160; 8;32;QT_Depth;2
BlockStat;28; 784; 160; 8;32;BT_Depth;2
BlockStat;28; 784; 160; 8;32;MT_Depth;2
BlockStat;28; 784; 160; 8;32;ChromaQPAdj;0
BlockStat;28; 784; 160; 8;32;QP;38
BlockStat;28; 784; 160; 8;32;SplitSeries;101409
BlockStat;28; 784; 160; 8;32;SkipFlag;0
BlockStat;28; 784; 160; 8;32;PredMode;1
BlockStat;28; 784; 160; 8;32;Luma_IntraMode;47
BlockStat;28; 784; 160; 8;32;Chroma_IntraMode;47
BlockStat;28; 784; 160; 8;32;MultiRefIdx;0
BlockStat;28; 784; 160; 8;32;Cbf_Y;1
BlockStat;28; 784; 160; 8;32;TransformSkipFlag_Y;2
BlockStat;28; 784; 160; 8;32;Cbf_Cb;0
BlockStat;28; 784; 160; 8;32;Cbf_Cr;0
BlockStat;28; 792; 160; 8;32;Depth;4
BlockStat;28; 792; 160; 8;32;QT_Depth;2
BlockStat;28; 792; 160; 8;32;BT_Depth;2
BlockStat;28; 792; 160; 8;32;MT_Depth;2
BlockStat;28; 792; 160; 8;32;ChromaQPAdj;0
BlockStat;28; 792; 160; 8;32;QP;38
BlockStat;28; 792; 160; 8;32;SplitSeries;101409
BlockStat;28; 792; 160; 8;32;SkipFlag;0
BlockStat;28; 792; 160; 8;32;PredMode;0
BlockStat;28; 792; 160; 8;32;MergeFlag;0
BlockStat;28; 792; 160; 8;32;InterDir;1
BlockStat;28; 792; 160; 8;32;MVPIdxL0;0
BlockStat;28; 792; 160; 8;32;RefIdxL0;1
BlockStat;28; 792; 160; 8;32;MVDL0;  -2;   9
BlockStat;28; 792; 160; 8;32;MVL0; -51;  58
BlockStat;28; 792; 160; 8;32;IMVMode;0
BlockStat;28; 792; 160; 8;32;RootCbf;1
BlockStat;28; 792; 160; 4;32;Cbf_Y;2
BlockStat;28; 792; 160; 4;32;TransformSkipFlag_Y;0
BlockStat;28; 792; 160; 4;32;Cbf_Cb;0
BlockStat;28; 792; 160; 4;32;Cbf_Cr;0
BlockStat;28; 796; 160; 4;32;Cbf_Y;0
BlockStat;28; 796; 160; 4;32;TransformSkipFlag_Y;0
BlockStat;28; 796; 160; 4;32;Cbf_Cb;0
BlockStat;28; 796; 160; 4;32;Cbf_Cr;0
BlockStat;28; 800; 160;32;32;Depth;2
BlockStat;28; 800; 160;32;32;QT_Depth;2
BlockStat;28; 800; 160;32;32;BT_Depth;0
BlockStat;28; 800; 160;32;32;MT_Depth;0
BlockStat;28; 800; 160;32;32;ChromaQPAdj;0
BlockStat;28; 800; 160;32;32;QP;38
BlockStat;28; 800; 160;32;32;SplitSeries;33
BlockStat;28; 800; 160;32;32;SkipFlag;1
BlockStat;28; 800; 160;32;32;MMVDSkipFlag;0
BlockStat;28; 800; 160;32;32;PredMode;0
BlockStat;28; 800; 160;32;32;MergeIdx;1
BlockStat;28; 800; 160;32;32;MergeType;0
BlockStat;28; 800; 160;32;32;MMVDMergeFlag;0
BlockStat;28; 800; 160;32;32;AffineFlag;0
BlockStat;28; 800; 160;32;32;MVPIdxL0;255
BlockStat;28; 800; 160;32;32;RefIdxL0;0
BlockStat: POC 28 @( 800, 160) [32x32] TrianglePartitioning={   0,   0,  32,  32}
BlockStat: POC 28 @[(800, 160)--(832, 160)--(832, 192)--] TriangleMVL0={ -51,  58}
BlockStat: POC 28 @[(800, 160)--(800, 192)--(832, 192)--] TriangleMVL0={ -18,  25}
BlockStat;28; 768; 192; 8;16;Depth;4
BlockStat;28; 768; 192; 8;16;QT_Depth;3
BlockStat;28; 768; 192; 8;16;BT_Depth;1
BlockStat;28; 768; 192; 8;16;MT_Depth;1
BlockStat;28; 768; 192; 8;16;ChromaQPAdj;0
BlockStat;28; 768; 192; 8;16;QP;38
BlockStat;28; 768; 192; 8;16;SplitSeries;99361
BlockStat;28; 768; 192; 8;16;SkipFlag;0
BlockStat;28; 768; 192; 8;16;PredMode;1
BlockStat;28; 768; 192; 8;16;Luma_IntraMode;10
BlockStat;28; 768; 192; 8;16;Chroma_IntraMode;1
BlockStat;28; 768; 192; 8;16;MultiRefIdx;0
BlockStat;28; 768; 192; 8;16;Cbf_Y;1
BlockStat;28; 768; 192; 8;16;TransformSkipFlag_Y;2
BlockStat;28; 768; 192; 8;16;Cbf_Cb;0
BlockStat;28; 768; 192; 8;16;Cbf_Cr;0
BlockStat;28; 776; 192; 8;16;Depth;4
BlockStat;28; 776; 192; 8;16;QT_Depth;3
BlockStat;28; 776; 192; 8;16;BT_Depth;1
BlockStat;28; 776; 192; 8;16;MT_Depth;1
BlockStat;28; 776; 192; 8;16;ChromaQPAdj;0
BlockStat;28; 776; 192; 8;16;QP;38
BlockStat;28; 776; 192; 8;16;SplitSeries;99361
BlockStat;28; 776; 192; 8;16;SkipFlag;0
BlockStat;28; 776; 192; 8;16;PredMode;1
BlockStat;28; 776; 192; 8;16;Luma_IntraMode;7
BlockStat;28; 776; 192; 8;16;Chroma_IntraMode;0
BlockStat;28; 776; 192; 8;16;MultiRefIdx;0
BlockStat;28; 776; 192; 8;16;Cbf_Y;1
BlockStat;28; 776; 192; 8;16;TransformSkipFlag_Y;0
BlockStat;28; 776; 192; 8;16;Cbf_Cb;0
BlockStat;28; 776; 192; 8;16;Cbf_Cr;0
BlockStat;28; 784; 192; 8;16;Depth;4
BlockStat;28; 784; 192; 8;16;QT_Depth;3
BlockStat;28; 784; 192; 8;16;BT_Depth;1
BlockStat;28; 784; 192; 8;16;MT_Depth;1
BlockStat;28; 784; 192; 8;16;ChromaQPAdj;0
BlockStat;28; 784; 192; 8;16;QP;38
BlockStat;28; 784; 192; 8;16;SplitSeries;99361
BlockStat;28; 784; 192; 8;16;SkipFlag;0
BlockStat;28; 784; 192; 8;16;PredMode;1
BlockStat;28; 784; 192; 8;16;Luma_IntraMode;4
BlockStat;28; 784; 192; 8;16;Chroma_IntraMode;1
BlockStat;28; 784; 192; 8;16;MultiRefIdx;0
BlockStat;28; 784; 192; 8;16;Cbf_Y;1
BlockStat;28; 784; 192; 8;16;TransformSkipFlag_Y;2
BlockStat;28; 784; 192; 8;16;Cbf_Cb;0
BlockStat;28; 784; 192; 8;16;Cbf_Cr;0
BlockStat;28; 792; 192; 4;16;Depth;5
BlockStat;28; 792; 192; 4;16;QT_Depth;3
BlockStat;28; 792; 192; 4;16;BT_Depth;2
BlockStat;28; 792; 192; 4;16;MT_Depth;2
BlockStat;28; 792; 192; 4;16;ChromaQPAdj;0
BlockStat;28; 792; 192; 4;16;QP;38
BlockStat;28; 792; 192; 4;16;SplitSeries;3245089
BlockStat;28; 792; 192; 4;16;SkipFlag;0
BlockStat;28; 792; 192; 4;16;PredMode;1
BlockStat;28; 792; 192; 4;16;Luma_IntraMode;0
BlockStat;28; 792; 192; 4;16;Chroma_IntraMode;0
BlockStat;28; 792; 192; 4;16;MultiRefIdx;0
BlockStat;28; 792; 192; 4;16;Cbf_Y;1
BlockStat;28; 792; 192; 4;16;TransformSkipFlag_Y;2
BlockStat;28; 792; 192; 4;16;Cbf_Cb;0
BlockStat;28; 792; 192; 4;16;Cbf_Cr;0
BlockStat;28; 796; 192; 4;16;Depth;5
BlockStat;28; 796; 192; 4;16;QT_Depth;3
BlockStat;28; 796; 192; 4;16;BT_Depth;2
BlockStat;28; 796; 192; 4;16;MT_Depth;2
BlockStat;28; 796; 192; 4;16;ChromaQPAdj;0
BlockStat;28; 796; 192; 4;16;QP;38
BlockStat;28; 796; 192; 4;16;SplitSeries;3245089
BlockStat;28; 796; 192; 4;16;SkipFlag;1
BlockStat;28; 796; 192; 4;16;MMVDSkipFlag;0
BlockStat;28; 796; 192; 4;16;PredMode;0
BlockStat;28; 796; 192; 4;16;MergeIdx;0
BlockStat;28; 796; 192; 4;16;MergeType;0
BlockStat;28; 796; 192; 4;16;MMVDMergeFlag;0
BlockStat;28; 796; 192; 4;16;MVPIdxL0;255
BlockStat;28; 796; 192; 4;16;RefIdxL0;1
BlockStat;28; 796; 192; 4;16;MVDL0;   0;   0
BlockStat;28; 796; 192; 4;16;MVL0; -51;  58
BlockStat;28; 768; 208; 8;16;Depth;4
BlockStat;28; 768; 208; 8;16;QT_Depth;3
BlockStat;28; 768; 208; 8;16;BT_Depth;1
BlockStat;28; 768; 208; 8;16;MT_Depth;1
BlockStat;28; 768; 208; 8;16;ChromaQPAdj;0
BlockStat;28; 768; 208; 8;16;QP;38
BlockStat;28; 768; 208; 8;16;SplitSeries;99361
BlockStat;28; 768; 208; 8;16;SkipFlag;0
BlockStat;28; 768; 208; 8;16;PredMode;1
BlockStat;28; 768; 208; 8;16;Luma_IntraMode;4
BlockStat;28; 768; 208; 8;16;Chroma_IntraMode;0
BlockStat;28; 768; 208; 8;16;MultiRefIdx;0
BlockStat;28; 768; 208; 8;16;Cbf_Y;1
BlockStat;28; 768; 208; 8;16;TransformSkipFlag_Y;0
BlockStat;28; 768; 208; 8;16;Cbf_Cb;0
BlockStat;28; 768; 208; 8;16;Cbf_Cr;0
BlockStat;28; 776; 208; 4;16;Depth;5
BlockStat;28; 776; 208; 4;16;QT_Depth;3
BlockStat;28; 776; 208; 4;16;BT_Depth;2
BlockStat;28; 776; 208; 4;16;MT_Depth;2
BlockStat;28; 776; 208; 4;16;ChromaQPAdj;0
BlockStat;28; 776; 208; 4;16;QP;38
BlockStat;28; 776; 208; 4;16;SplitSeries;3245089
BlockStat;28; 776; 208; 4;16;SkipFlag;0
BlockStat;28; 776; 208; 4;16;PredMode;1
BlockStat;28; 776; 208; 4;16;Luma_IntraMode;0
BlockStat;28; 776; 208; 4;16;Chroma_IntraMode;0
BlockStat;28; 776; 208; 4;16;MultiRefIdx;0
BlockStat;28; 776; 208; 4;16;Cbf_Y;1
BlockStat;28; 776; 208; 4;16;TransformSkipFlag_Y;0
BlockStat;28; 776; 208; 4;16;Cbf_Cb;0
BlockStat;28; 776; 208; 4;16;Cbf_Cr;0
BlockStat;28; 780; 208; 4;16;Depth;5
BlockStat;28; 780; 208; 4;16;QT_Depth;3
BlockStat;28; 780; 208; 4;16;BT_Depth;2
BlockStat;28; 780; 208; 4;16;MT_Depth;2
BlockStat;28; 780; 208; 4;16;ChromaQPAdj;0
BlockStat;28; 780; 208; 4;16;QP;38
BlockStat;28; 780; 208; 4;16;SplitSeries;3245089
BlockStat;28; 780; 208; 4;16;SkipFlag;0
BlockStat;28; 780; 208; 4;16;PredMode;1
BlockStat;28; 780; 208; 4;16;Luma_IntraMode;1
BlockStat;28; 780; 208; 4;16;Chroma_IntraMode;1
BlockStat;28; 780; 208; 4;16;MultiRefIdx;0
BlockStat;28; 780; 208; 4;16;Cbf_Y;1
BlockStat;28; 780; 208; 4;16;TransformSkipFlag_Y;2
BlockStat;28; 780; 208; 4;16;Cbf_Cb;0
BlockStat;28; 780; 208; 4;16;Cbf_Cr;0
BlockStat;28; 784; 208; 8;16;Depth;4
BlockStat;28; 784; 208; 8;16;QT_Depth;3
BlockStat;28; 784; 208; 8;16;BT_Depth;1
BlockStat;28; 784; 208; 8;16;MT_Depth;1
BlockStat;28; 784; 208; 8;16;ChromaQPAdj;0
BlockStat;28; 784; 208; 8;16;QP;38
BlockStat;28; 784; 208; 8;16;SplitSeries;99361
BlockStat;28; 784; 208; 8;16;SkipFlag;0
BlockStat;28; 784; 208; 8;16;PredMode;1
BlockStat;28; 784; 208; 8;16;Luma_IntraMode;59
BlockStat;28; 784; 208; 8;16;Chroma_IntraMode;59
BlockStat;28; 784; 208; 8;16;MultiRefIdx;0
BlockStat;28; 784; 208; 8;16;Cbf_Y;1
BlockStat;28; 784; 208; 8;16;TransformSkipFlag_Y;2
BlockStat;28; 784; 208; 8;16;Cbf_Cb;0
BlockStat;28; 784; 208; 8;16;Cbf_Cr;0
BlockStat;28; 792; 208; 4; 8;Depth;6
BlockStat;28; 792; 208; 4; 8;QT_Depth;3
BlockStat;28; 792; 208; 4; 8;BT_Depth;3
BlockStat;28; 792; 208; 4; 8;MT_Depth;3
BlockStat;28; 792; 208; 4; 8;ChromaQPAdj;0
BlockStat;28; 792; 208; 4; 8;QP;38
BlockStat;28; 792; 208; 4; 8;SplitSeries;70353953
BlockStat;28; 792; 208; 4; 8;SkipFlag;0
BlockStat;28; 792; 208; 4; 8;PredMode;0
BlockStat;28; 792; 208; 4; 8;MergeFlag;1
BlockStat;28; 792; 208; 4; 8;MergeIdx;0
BlockStat;28; 792; 208; 4; 8;MergeType;0
BlockStat;28; 792; 208; 4; 8;MMVDMergeFlag;0
BlockStat;28; 792; 208; 4; 8;MVPIdxL0;255
BlockStat;28; 792; 208; 4; 8;RefIdxL0;1
BlockStat;28; 792; 208; 4; 8;MVDL0;   0;   0
BlockStat;28; 792; 208; 4; 8;MVL0; -51;  58
BlockStat;28; 792; 208; 4; 8;Cbf_Y;1
BlockStat;28; 792; 208; 4; 8;TransformSkipFlag_Y;0
BlockStat;28; 792; 208; 4; 8;Cbf_Cb;0
BlockStat;28; 792; 208; 4; 8;Cbf_Cr;0
BlockStat;28; 792; 216; 4; 8;Depth;6
BlockStat;28; 792; 216; 4; 8;QT_Depth;3
BlockStat;28; 792; 216; 4; 8;BT_Depth;3
BlockStat;28; 792; 216; 4; 8;MT_Depth;3
BlockStat;28; 792; 216; 4; 8;ChromaQPAdj;0
BlockStat;28; 792; 216; 4; 8;QP;38
BlockStat;28; 792; 216; 4; 8;SplitSeries;70353953
BlockStat;28; 792; 216; 4; 8;SkipFlag;1
BlockStat;28; 792; 216; 4; 8;MMVDSkipFlag;0
BlockStat;28; 792; 216; 4; 8;PredMode;0
BlockStat;28; 792; 216; 4; 8;MergeIdx;3
BlockStat;28; 792; 216; 4; 8;MergeType;0
BlockStat;28; 792; 216; 4; 8;MMVDMergeFlag;0
BlockStat;28; 792; 216; 4; 8;MVPIdxL0;255
BlockStat;28; 792; 216; 4; 8;RefIdxL0;0
BlockStat;28; 792; 216; 4; 8;MVDL0;   0;   0
BlockStat;28; 792; 216; 4; 8;MVL0; -18;  25
BlockStat;28; 796; 208; 4;16;Depth;5
BlockStat;28; 796; 208; 4;16;QT_Depth;3
BlockStat;28; 796; 208; 4;16;BT_Depth;2
BlockStat;28; 796; 208; 4;16;MT_Depth;2
BlockStat;28; 796; 208; 4;16;ChromaQPAdj;0
BlockStat;28; 796; 208; 4;16;QP;38
BlockStat;28; 796; 208; 4;16;SplitSeries;3245089
BlockStat;28; 796; 208; 4;16;SkipFlag;1
BlockStat;28; 796; 208; 4;16;MMVDSkipFlag;0
BlockStat;28; 796; 208; 4;16;PredMode;0
BlockStat;28; 796; 208; 4;16;MergeIdx;0
BlockStat;28; 796; 208; 4;16;MergeType;0
BlockStat;28; 796; 208; 4;16;MMVDMergeFlag;0
BlockStat;28; 796; 208; 4;16;MVPIdxL0;255
BlockStat;28; 796; 208; 4;16;RefIdxL0;0
BlockStat;28; 796; 208; 4;16;MVDL0;   0;   0
BlockStat;28; 796; 208; 4;16;MVL0; -18;  25
BlockStat;28; 800; 192;32;32;Depth;2
BlockStat;28; 800; 192;32;32;QT_Depth;2
BlockStat;28; 800; 192;32;32;BT_Depth;0
BlockStat;28; 800; 192;32;32;MT_Depth;0
BlockStat;28; 800; 192;32;32;ChromaQPAdj;0
BlockStat;28; 800; 192;32;32;QP;38
BlockStat;28; 800; 192;32;32;SplitSeries;33
BlockStat;28; 800; 192;32;32;SkipFlag;1
BlockStat;28; 800; 192;32;32;MMVDSkipFlag;0
BlockStat;28; 800; 192;32;32;PredMode;0
BlockStat;28; 800; 192;32;32;MergeIdx;3
BlockStat;28; 800; 192;32;32;MergeType;0
BlockStat;28; 800; 192;32;32;MMVDMergeFlag;1
BlockStat;28; 800; 192;32;32;MMVDMergeIdx;3
BlockStat;28; 800; 192;32;32;MVPIdxL0;255
BlockStat;28; 800; 192;32;32;RefIdxL0;0
BlockStat;28; 800; 192;32;32;MVDL0;   0;   0
BlockStat;28; 800; 192;32;32;MVL0; -18;  24
BlockStat;28; 768; 224; 8;32;Depth;3
BlockStat;28; 768; 224; 8;32;QT_Depth;2
BlockStat;28; 768; 224; 8;32;BT_Depth;2
BlockStat;28; 768; 224; 8;32;MT_Depth;1
BlockStat;28; 768; 224; 8;32;ChromaQPAdj;0
BlockStat;28; 768; 224; 8;32;QP;38
BlockStat;28; 768; 224; 8;32;SplitSeries;5153
BlockStat;28; 768; 224; 8;32;SkipFlag;0
BlockStat;28; 768; 224; 8;32;PredMode;1
BlockStat;28; 768; 224; 8;32;Luma_IntraMode;36
BlockStat;28; 768; 224; 8;32;Chroma_IntraMode;36
BlockStat;28; 768; 224; 8;32;MultiRefIdx;0
BlockStat;28; 768; 224; 8;32;Cbf_Y;1
BlockStat;28; 768; 224; 8;32;TransformSkipFlag_Y;2
BlockStat;28; 768; 224; 8;32;Cbf_Cb;0
BlockStat;28; 768; 224; 8;32;Cbf_Cr;0
BlockStat;28; 776; 224; 4;32;Depth;4
BlockStat;28; 776; 224; 4;32;QT_Depth;2
BlockStat;28; 776; 224; 4;32;BT_Depth;3
BlockStat;28; 776; 224; 4;32;MT_Depth;2
BlockStat;28; 776; 224; 4;32;ChromaQPAdj;0
BlockStat;28; 776; 224; 4;32;QP;38
BlockStat;28; 776; 224; 4;32;SplitSeries;168993
BlockStat;28; 776; 224; 4;32;SkipFlag;0
BlockStat;28; 776; 224; 4;32;PredMode;1
BlockStat;28; 776; 224; 4;32;Luma_IntraMode;44
BlockStat;28; 776; 224; 4;32;Chroma_IntraMode;44
BlockStat;28; 776; 224; 4;32;MultiRefIdx;0
BlockStat;28; 776; 224; 4;32;Cbf_Y;1
BlockStat;28; 776; 224; 4;32;TransformSkipFlag_Y;0
BlockStat;28; 776; 224; 4;32;Cbf_Cb;0
BlockStat;28; 776; 224; 4;32;Cbf_Cr;0
BlockStat;28; 780; 224; 8;32;Depth;4
BlockStat;28; 780; 224; 8;32;QT_Depth;2
BlockStat;28; 780; 224; 8;32;BT_Depth;2
BlockStat;28; 780; 224; 8;32;MT_Depth;2
BlockStat;28; 780; 224; 8;32;ChromaQPAdj;0
BlockStat;28; 780; 224; 8;32;QP;38
BlockStat;28; 780; 224; 8;32;SplitSeries;168993
BlockStat;28; 780; 224; 8;32;SkipFlag;0
BlockStat;28; 780; 224; 8;32;PredMode;1
BlockStat;28; 780; 224; 8;32;Luma_IntraMode;55
BlockStat;28; 780; 224; 8;32;Chroma_IntraMode;55
BlockStat;28; 780; 224; 8;32;MultiRefIdx;0
BlockStat;28; 780; 224; 8;32;Cbf_Y;1
BlockStat;28; 780; 224; 8;32;TransformSkipFlag_Y;0
BlockStat;28; 780; 224; 8;32;Cbf_Cb;0
BlockStat;28; 780; 224; 8;32;Cbf_Cr;0
BlockStat;28; 788; 224; 4;32;Depth;4
BlockStat;28; 788; 224; 4;32;QT_Depth;2
BlockStat;28; 788; 224; 4;32;BT_Depth;3
BlockStat;28; 788; 224; 4;32;MT_Depth;2
BlockStat;28; 788; 224; 4;32;ChromaQPAdj;0
BlockStat;28; 788; 224; 4;32;QP;38
BlockStat;28; 788; 224; 4;32;SplitSeries;168993
BlockStat;28; 788; 224; 4;32;SkipFlag;1
BlockStat;28; 788; 224; 4;32;MMVDSkipFlag;0
BlockStat;28; 788; 224; 4;32;PredMode;0
BlockStat;28; 788; 224; 4;32;MergeIdx;0
BlockStat;28; 788; 224; 4;32;MergeType;0
BlockStat;28; 788; 224; 4;32;MMVDMergeFlag;0
BlockStat;28; 788; 224; 4;32;MVPIdxL0;255
BlockStat;28; 788; 224; 4;32;RefIdxL0;0
BlockStat;28; 788; 224; 4;32;MVDL0;   0;   0
BlockStat;28; 788; 224; 4;32;MVL0; -18;  25
BlockStat;28; 792; 224; 8;32;Depth;3
BlockStat;28; 792; 224; 8;32;QT_Depth;2
BlockStat;28; 792; 224; 8;32;BT_Depth;2
BlockStat;28; 792; 224; 8;32;MT_Depth;1
BlockStat;28; 792; 224; 8;32;ChromaQPAdj;0
BlockStat;28; 792; 224; 8;32;QP;38
BlockStat;28; 792; 224; 8;32;SplitSeries;5153
BlockStat;28; 792; 224; 8;32;SkipFlag;1
BlockStat;28; 792; 224; 8;32;MMVDSkipFlag;0
BlockStat;28; 792; 224; 8;32;PredMode;0
BlockStat;28; 792; 224; 8;32;MergeIdx;0
BlockStat;28; 792; 224; 8;32;MergeType;0
BlockStat;28; 792; 224; 8;32;MMVDMergeFlag;0
BlockStat;28; 792; 224; 8;32;AffineFlag;0
BlockStat;28; 792; 224; 8;32;MVPIdxL0;255
BlockStat;28; 792; 224; 8;32;RefIdxL0;0
BlockStat;28; 792; 224; 8;32;MVDL0;   0;   0
BlockStat;28; 792; 224; 8;32;MVL0; -18;  25
BlockStat;28; 800; 224;32;32;Depth;2
BlockStat;28; 800; 224;32;32;QT_Depth;2
BlockStat;28; 800; 224;32;32;BT_Depth;0
BlockStat;28; 800; 224;32;32;MT_Depth;0
BlockStat;28; 800; 224;32;32;ChromaQPAdj;0
BlockStat;28; 800; 224;32;32;QP;38
BlockStat;28; 800; 224;32;32;SplitSeries;33
BlockStat;28; 800; 224;32;32;SkipFlag;1
BlockStat;28; 800; 224;32;32;MMVDSkipFlag;0
BlockStat;28; 800; 224;32;32;PredMode;0
BlockStat;28; 800; 224;32;32;MergeIdx;1
BlockStat;28; 800; 224;32;32;MergeType;0
BlockStat;28; 800; 224;32;32;MMVDMergeFlag;0
BlockStat;28; 800; 224;32;32;AffineFlag;1
BlockStat;28; 800; 224;32;32;MVPIdxL0;0
BlockStat;28; 800; 224;32;32;RefIdxL0;0
BlockStat;28; 800; 224;32;32;AffineMVL0; -18;  25; -18;  24; -18;  25
BlockStat;28;   0; 256;32; 4;Depth;4
BlockStat;28;   0; 256;32; 4;QT_Depth;2
BlockStat;28;   0; 256;32; 4;BT_Depth;3
BlockStat;28;   0; 256;32; 4;MT_Depth;2
BlockStat;28;   0; 256;32; 4;ChromaQPAdj;0
BlockStat;28;   0; 256;32; 4;QP;38
BlockStat;28;   0; 256;32; 4;SplitSeries;69665
BlockStat;28;   0; 256;32; 4;SkipFlag;0
BlockStat;28;   0; 256;32; 4;PredMode;1
BlockStat;28;   0; 256;32; 4;Luma_IntraMode;3
BlockStat;28;   0; 256;32; 4;Chroma_IntraMode;3
BlockStat;28;   0; 256;32; 4;MultiRefIdx;0
BlockStat;28;   0; 256;32; 4;Cbf_Y;1
BlockStat;28;   0; 256;32; 4;TransformSkipFlag_Y;2
BlockStat;28;   0; 256;32; 4;Cbf_Cb;0
BlockStat;28;   0; 256;32; 4;Cbf_Cr;0
BlockStat;28;   0; 260;16; 4;Depth;5
BlockStat;28;   0; 260;16; 4;QT_Depth;2
BlockStat;28;   0; 260;16; 4;BT_Depth;4
BlockStat;28;   0; 260;16; 4;MT_Depth;3
BlockStat;28;   0; 260;16; 4;ChromaQPAdj;0
BlockStat;28;   0; 260;16; 4;QP;38
BlockStat;28;   0; 260;16; 4;SplitSeries;3215393
BlockStat;28;   0; 260;16; 4;SkipFlag;0
BlockStat;28;   0; 260;16; 4;PredMode;0
BlockStat;28;   0; 260;16; 4;MergeFlag;0
BlockStat;28;   0; 260;16; 4;InterDir;1
BlockStat;28;   0; 260;16; 4;MVPIdxL0;0
BlockStat;28;   0; 260;16; 4;RefIdxL0;0
BlockStat;28;   0; 260;16; 4;MVDL0;   0; -48
BlockStat;28;   0; 260;16; 4;MVL0; 176; -32
BlockStat;28;   0; 260;16; 4;IMVMode;2
BlockStat;28;   0; 260;16; 4;RootCbf;1
BlockStat;28;   0; 260;16; 4;Cbf_Y;1
BlockStat;28;   0; 260;16; 4;TransformSkipFlag_Y;0
BlockStat;28;   0; 260;16; 4;Cbf_Cb;0
BlockStat;28;   0; 260;16; 4;Cbf_Cr;0
BlockStat;28;  16; 260;16; 4;Depth;5
BlockStat;28;  16; 260;16; 4;QT_Depth;2
BlockStat;28;  16; 260;16; 4;BT_Depth;4
BlockStat;28;  16; 260;16; 4;MT_Depth;3
BlockStat;28;  16; 260;16; 4;ChromaQPAdj;0
BlockStat;28;  16; 260;16; 4;QP;38
BlockStat;28;  16; 260;16; 4;SplitSeries;3215393
BlockStat;28;  16; 260;16; 4;SkipFlag;0
BlockStat;28;  16; 260;16; 4;PredMode;0
BlockStat;28;  16; 260;16; 4;MergeFlag;0
BlockStat;28;  16; 260;16; 4;InterDir;1
BlockStat;28;  16; 260;16; 4;MVPIdxL0;0
BlockStat;28;  16; 260;16; 4;RefIdxL0;0
BlockStat;28;  16; 260;16; 4;MVDL0;  48;   0
BlockStat;28;  16; 260;16; 4;MVL0; 224; -32
BlockStat;28;  16; 260;16; 4;IMVMode;2
BlockStat;28;  16; 260;16; 4;RootCbf;0
BlockStat;28;   0; 264;32;16;Depth;3
BlockStat;28;   0; 264;32;16;QT_Depth;2
BlockStat;28;   0; 264;32;16;BT_Depth;1
BlockStat;28;   0; 264;32;16;MT_Depth;1
BlockStat;28;   0; 264;32;16;ChromaQPAdj;0
BlockStat;28;   0; 264;32;16;QP;38
BlockStat;28;   0; 264;32;16;SplitSeries;4129
BlockStat;28;   0; 264;32;16;SkipFlag;0
BlockStat;28;   0; 264;32;16;PredMode;0
BlockStat;28;   0; 264;32;16;MergeFlag;0
BlockStat;28;   0; 264;32;16;InterDir;3
BlockStat;28;   0; 264;32;16;AffineFlag;0
BlockStat;28;   0; 264;32;16;MVPIdxL0;0
BlockStat;28;   0; 264;32;16;RefIdxL0;0
BlockStat;28;   0; 264;32;16;MVPIdxL1;0
BlockStat;28;   0; 264;32;16;RefIdxL1;0
BlockStat;28;   0; 264;32;16;MVDL0; -12;  -4
BlockStat;28;   0; 264;32;16;MVL0; 212; -36
BlockStat;28;   0; 264;32;16;MVDL1;   0;   0
BlockStat;28;   0; 264;32;16;MVL1; 224; -32
BlockStat;28;   0; 264;32;16;IMVMode;1
BlockStat;28;   0; 264;32;16;RootCbf;0
BlockStat;28;   0; 280; 8; 8;Depth;4
BlockStat;28;   0; 280; 8; 8;QT_Depth;2
BlockStat;28;   0; 280; 8; 8;BT_Depth;4
BlockStat;28;   0; 280; 8; 8;MT_Depth;2
BlockStat;28;   0; 280; 8; 8;ChromaQPAdj;0
BlockStat;28;   0; 280; 8; 8;QP;38
BlockStat;28;   0; 280; 8; 8;SplitSeries;167969
BlockStat;28;   0; 280; 8; 8;SkipFlag;1
BlockStat;28;   0; 280; 8; 8;MMVDSkipFlag;0
BlockStat;28;   0; 280; 8; 8;PredMode;0
BlockStat;28;   0; 280; 8; 8;MergeIdx;11
BlockStat;28;   0; 280; 8; 8;MergeType;0
BlockStat;28;   0; 280; 8; 8;MMVDMergeFlag;1
BlockStat;28;   0; 280; 8; 8;MMVDMergeIdx;11
BlockStat;28;   0; 280; 8; 8;MVPIdxL0;255
BlockStat;28;   0; 280; 8; 8;RefIdxL0;0
BlockStat;28;   0; 280; 8; 8;MVPIdxL1;255
BlockStat;28;   0; 280; 8; 8;RefIdxL1;0
BlockStat;28;   0; 280; 8; 8;MVDL0;   0;   0
BlockStat;28;   0; 280; 8; 8;MVL0; 212; -40
BlockStat;28;   0; 280; 8; 8;MVDL1;   0;   0
BlockStat;28;   0; 280; 8; 8;MVL1; 224; -36
BlockStat;28;   8; 280;16; 8;Depth;4
BlockStat;28;   8; 280;16; 8;QT_Depth;2
BlockStat;28;   8; 280;16; 8;BT_Depth;3
BlockStat;28;   8; 280;16; 8;MT_Depth;2
BlockStat;28;   8; 280;16; 8;ChromaQPAdj;0
BlockStat;28;   8; 280;16; 8;QP;38
BlockStat;28;   8; 280;16; 8;SplitSeries;167969
BlockStat;28;   8; 280;16; 8;SkipFlag;0
BlockStat;28;   8; 280;16; 8;PredMode;1
BlockStat;28;   8; 280;16; 8;Luma_IntraMode;1
BlockStat;28;   8; 280;16; 8;Chroma_IntraMode;0
BlockStat;28;   8; 280;16; 8;MultiRefIdx;0
BlockStat;28;   8; 280;16; 8;Cbf_Y;1
BlockStat;28;   8; 280;16; 8;TransformSkipFlag_Y;2
BlockStat;28;   8; 280;16; 8;Cbf_Cb;0
BlockStat;28;   8; 280;16; 8;Cbf_Cr;0
BlockStat;28;  24; 280; 8; 8;Depth;4
BlockStat;28;  24; 280; 8; 8;QT_Depth;2
BlockStat;28;  24; 280; 8; 8;BT_Depth;4
BlockStat;28;  24; 280; 8; 8;MT_Depth;2
BlockStat;28;  24; 280; 8; 8;ChromaQPAdj;0
BlockStat;28;  24; 280; 8; 8;QP;38
BlockStat;28;  24; 280; 8; 8;SplitSeries;167969
BlockStat;28;  24; 280; 8; 8;SkipFlag;0
BlockStat;28;  24; 280; 8; 8;PredMode;0
BlockStat;28;  24; 280; 8; 8;MergeFlag;0
BlockStat;28;  24; 280; 8; 8;InterDir;1
BlockStat;28;  24; 280; 8; 8;MVPIdxL0;1
BlockStat;28;  24; 280; 8; 8;RefIdxL0;0
BlockStat;28;  24; 280; 8; 8;MVDL0;   4;  44
BlockStat;28;  24; 280; 8; 8;MVL0; 180;  12
BlockStat;28;  24; 280; 8; 8;IMVMode;1
BlockStat;28;  24; 280; 8; 8;RootCbf;0
BlockStat;28;  32; 256;16;16;Depth;3
BlockStat;28;  32; 256;16;16;QT_Depth;3
BlockStat;28;  32; 256;16;16;BT_Depth;0
BlockStat;28;  32; 256;16;16;MT_Depth;0
BlockStat;28;  32; 256;16;16;ChromaQPAdj;0
BlockStat;28;  32; 256;16;16;QP;38
BlockStat;28;  32; 256;16;16;SplitSeries;1057
BlockStat;28;  32; 256;16;16;SkipFlag;1
BlockStat;28;  32; 256;16;16;MMVDSkipFlag;0
BlockStat;28;  32; 256;16;16;PredMode;0
BlockStat;28;  32; 256;16;16;MergeIdx;1
BlockStat;28;  32; 256;16;16;MergeType;0
BlockStat;28;  32; 256;16;16;MMVDMergeFlag;0
BlockStat;28;  32; 256;16;16;AffineFlag;1
BlockStat;28;  32; 256;16;16;MVPIdxL0;0
BlockStat;28;  32; 256;16;16;RefIdxL0;0
BlockStat;28;  32; 256;16;16;AffineMVL0; 218; -24; 218; -22; 217; -24
BlockStat;28;  48; 256;16;16;Depth;3
BlockStat;28;  48; 256;16;16;QT_Depth;3
BlockStat;28;  48; 256;16;16;BT_Depth;0
BlockStat;28;  48; 256;16;16;MT_Depth;0
BlockStat;28;  48; 256;16;16;ChromaQPAdj;0
BlockStat;28;  48; 256;16;16;QP;38
BlockStat;28;  48; 256;16;16;SplitSeries;1057
BlockStat;28;  48; 256;16;16;SkipFlag;1
BlockStat;28;  48; 256;16;16;MMVDSkipFlag;0
BlockStat;28;  48; 256;16;16;PredMode;0
BlockStat;28;  48; 256;16;16;MergeIdx;0
BlockStat;28;  48; 256;16;16;MergeType;0
BlockStat;28;  48; 256;16;16;MMVDMergeFlag;0
BlockStat;28;  48; 256;16;16;AffineFlag;0
BlockStat;28;  48; 256;16;16;MVPIdxL0;255
BlockStat;28;  48; 256;16;16;RefIdxL0;0
BlockStat;28;  48; 256;16;16;MVDL0;   0;   0
BlockStat;28;  48; 256;16;16;MVL0; 217; -22
BlockStat;28;  32; 272;16; 8;Depth;4
BlockStat;28;  32; 272;16; 8;QT_Depth;3
BlockStat;28;  32; 272;16; 8;BT_Depth;1
BlockStat;28;  32; 272;16; 8;MT_Depth;1
BlockStat;28;  32; 272;16; 8;ChromaQPAdj;0
BlockStat;28;  32; 272;16; 8;QP;38
BlockStat;28;  32; 272;16; 8;SplitSeries;66593
BlockStat;28;  32; 272;16; 8;SkipFlag;0
BlockStat;28;  32; 272;16; 8;PredMode;0
BlockStat;28;  32; 272;16; 8;MergeFlag;1
BlockStat;28;  32; 272;16; 8;MergeIdx;20
BlockStat;28;  32; 272;16; 8;MergeType;0
BlockStat;28;  32; 272;16; 8;MMVDMergeFlag;1
BlockStat;28;  32; 272;16; 8;MMVDMergeIdx;20
BlockStat;28;  32; 272;16; 8;MVPIdxL0;255
BlockStat;28;  32; 272;16; 8;RefIdxL0;0
BlockStat;28;  32; 272;16; 8;MVPIdxL1;255
BlockStat;28;  32; 272;16; 8;RefIdxL1;0
BlockStat;28;  32; 272;16; 8;MVDL0;   0;   0
BlockStat;28;  32; 272;16; 8;MVL0; 244; -36
BlockStat;28;  32; 272;16; 8;MVDL1;   0;   0
BlockStat;28;  32; 272;16; 8;MVL1; 256; -32
BlockStat;28;  32; 272;16; 8;Cbf_Y;1
BlockStat;28;  32; 272;16; 8;TransformSkipFlag_Y;0
BlockStat;28;  32; 272;16; 8;Cbf_Cb;0
BlockStat;28;  32; 272;16; 8;Cbf_Cr;0
BlockStat;28;  32; 280;16; 8;Depth;4
BlockStat;28;  32; 280;16; 8;QT_Depth;3
BlockStat;28;  32; 280;16; 8;BT_Depth;1
BlockStat;28;  32; 280;16; 8;MT_Depth;1
BlockStat;28;  32; 280;16; 8;ChromaQPAdj;0
BlockStat;28;  32; 280;16; 8;QP;38
BlockStat;28;  32; 280;16; 8;SplitSeries;66593
BlockStat;28;  32; 280;16; 8;SkipFlag;0
BlockStat;28;  32; 280;16; 8;PredMode;1
BlockStat;28;  32; 280;16; 8;Luma_IntraMode;0
BlockStat;28;  32; 280;16; 8;Chroma_IntraMode;0
BlockStat;28;  32; 280;16; 8;MultiRefIdx;0
BlockStat;28;  32; 280;16; 8;Cbf_Y;1
BlockStat;28;  32; 280;16; 8;TransformSkipFlag_Y;2
BlockStat;28;  32; 280;16; 8;Cbf_Cb;0
BlockStat;28;  32; 280;16; 8;Cbf_Cr;0
BlockStat;28;  48; 272; 8; 4;Depth;6
BlockStat;28;  48; 272; 8; 4;QT_Depth;3
BlockStat;28;  48; 272; 8; 4;BT_Depth;3
BlockStat;28;  48; 272; 8; 4;MT_Depth;3
BlockStat;28;  48; 272; 8; 4;ChromaQPAdj;0
BlockStat;28;  48; 272; 8; 4;QP;38
BlockStat;28;  48; 272; 8; 4;SplitSeries;70321185
BlockStat;28;  48; 272; 8; 4;SkipFlag;1
BlockStat;28;  48; 272; 8; 4;MMVDSkipFlag;0
BlockStat;28;  48; 272; 8; 4;PredMode;0
BlockStat;28;  48; 272; 8; 4;MergeIdx;6
BlockStat;28;  48; 272; 8; 4;MergeType;0
BlockStat;28;  48; 272; 8; 4;MMVDMergeFlag;1
BlockStat;28;  48; 272; 8; 4;MMVDMergeIdx;6
BlockStat;28;  48; 272; 8; 4;MVPIdxL0;255
BlockStat;28;  48; 272; 8; 4;RefIdxL0;0
BlockStat;28;  48; 272; 8; 4;MVDL0;   0;   0
BlockStat;28;  48; 272; 8; 4;MVL0; 244; -34
BlockStat;28;  48; 276; 8; 4;Depth;6
BlockStat;28;  48; 276; 8; 4;QT_Depth;3
BlockStat;28;  48; 276; 8; 4;BT_Depth;3
BlockStat;28;  48; 276; 8; 4;MT_Depth;3
BlockStat;28;  48; 276; 8; 4;ChromaQPAdj;0
BlockStat;28;  48; 276; 8; 4;QP;38
BlockStat;28;  48; 276; 8; 4;SplitSeries;70321185
BlockStat;28;  48; 276; 8; 4;SkipFlag;0
BlockStat;28;  48; 276; 8; 4;PredMode;0
BlockStat;28;  48; 276; 8; 4;MergeFlag;1
BlockStat;28;  48; 276; 8; 4;MergeIdx;42
BlockStat;28;  48; 276; 8; 4;MergeType;0
BlockStat;28;  48; 276; 8; 4;MMVDMergeFlag;1
BlockStat;28;  48; 276; 8; 4;MMVDMergeIdx;42
BlockStat;28;  48; 276; 8; 4;MVPIdxL0;255
BlockStat;28;  48; 276; 8; 4;RefIdxL0;0
BlockStat;28;  48; 276; 8; 4;MVDL0;   0;   0
BlockStat;28;  48; 276; 8; 4;MVL0; 244; -30
BlockStat;28;  48; 276; 8; 4;Cbf_Y;1
BlockStat;28;  48; 276; 8; 4;TransformSkipFlag_Y;0
BlockStat;28;  48; 276; 8; 4;Cbf_Cb;0
BlockStat;28;  48; 276; 8; 4;Cbf_Cr;0
BlockStat;28;  56; 272; 8; 8;Depth;5
BlockStat;28;  56; 272; 8; 8;QT_Depth;3
BlockStat;28;  56; 272; 8; 8;BT_Depth;2
BlockStat;28;  56; 272; 8; 8;MT_Depth;2
BlockStat;28;  56; 272; 8; 8;ChromaQPAdj;0
BlockStat;28;  56; 272; 8; 8;QP;38
BlockStat;28;  56; 272; 8; 8;SplitSeries;3212321
BlockStat;28;  56; 272; 8; 8;SkipFlag;1
BlockStat;28;  56; 272; 8; 8;MMVDSkipFlag;0
BlockStat;28;  56; 272; 8; 8;PredMode;0
BlockStat;28;  56; 272; 8; 8;MergeIdx;1
BlockStat;28;  56; 272; 8; 8;MergeType;0
BlockStat;28;  56; 272; 8; 8;MMVDMergeFlag;0
BlockStat;28;  56; 272; 8; 8;AffineFlag;0
BlockStat;28;  56; 272; 8; 8;MVPIdxL0;255
BlockStat;28;  56; 272; 8; 8;RefIdxL0;0
BlockStat;28;  56; 272; 8; 8;MVDL0;   0;   0
BlockStat;28;  56; 272; 8; 8;MVL0; 217; -22
BlockStat;28;  48; 280;16; 8;Depth;4
BlockStat;28;  48; 280;16; 8;QT_Depth;3
BlockStat;28;  48; 280;16; 8;BT_Depth;1
BlockStat;28;  48; 280;16; 8;MT_Depth;1
BlockStat;28;  48; 280;16; 8;ChromaQPAdj;0
BlockStat;28;  48; 280;16; 8;QP;38
BlockStat;28;  48; 280;16; 8;SplitSeries;66593
BlockStat;28;  48; 280;16; 8;SkipFlag;0
BlockStat;28;  48; 280;16; 8;PredMode;1
BlockStat;28;  48; 280;16; 8;Luma_IntraMode;0
BlockStat;28;  48; 280;16; 8;Chroma_IntraMode;0
BlockStat;28;  48; 280;16; 8;MultiRefIdx;0
BlockStat;28;  48; 280;16; 8;Cbf_Y;1
BlockStat;28;  48; 280;16; 8;TransformSkipFlag_Y;2
BlockStat;28;  48; 280;16; 8;Cbf_Cb;0
BlockStat;28;  48; 280;16; 8;Cbf_Cr;0
BlockStat;28;   0; 288;16;32;Depth;3
BlockStat;28;   0; 288;16;32;QT_Depth;2
BlockStat;28;   0; 288;16;32;BT_Depth;1
BlockStat;28;   0; 288;16;32;MT_Depth;1
BlockStat;28;   0; 288;16;32;ChromaQPAdj;0
BlockStat;28;   0; 288;16;32;QP;38
BlockStat;28;   0; 288;16;32;SplitSeries;3105
BlockStat;28;   0; 288;16;32;SkipFlag;0
BlockStat;28;   0; 288;16;32;PredMode;0
BlockStat;28;   0; 288;16;32;MergeFlag;1
BlockStat;28;   0; 288;16;32;MergeIdx;22
BlockStat;28;   0; 288;16;32;MergeType;0
BlockStat;28;   0; 288;16;32;MMVDMergeFlag;1
BlockStat;28;   0; 288;16;32;MMVDMergeIdx;22
BlockStat;28;   0; 288;16;32;MVPIdxL0;255
BlockStat;28;   0; 288;16;32;RefIdxL0;0
BlockStat;28;   0; 288;16;32;MVPIdxL1;255
BlockStat;28;   0; 288;16;32;RefIdxL1;0
BlockStat;28;   0; 288;16;32;MVDL0;   0;   0
BlockStat;28;   0; 288;16;32;MVL0; 208;  22
BlockStat;28;   0; 288;16;32;MVDL1;   0;   0
BlockStat;28;   0; 288;16;32;MVL1; 208;  22
BlockStat;28;   0; 288;16;32;Cbf_Y;1
BlockStat;28;   0; 288;16;32;TransformSkipFlag_Y;0
BlockStat;28;   0; 288;16;32;Cbf_Cb;0
BlockStat;28;   0; 288;16;32;Cbf_Cr;0
BlockStat;28;  16; 288;16;32;Depth;3
BlockStat;28;  16; 288;16;32;QT_Depth;2
BlockStat;28;  16; 288;16;32;BT_Depth;1
BlockStat;28;  16; 288;16;32;MT_Depth;1
BlockStat;28;  16; 288;16;32;ChromaQPAdj;0
BlockStat;28;  16; 288;16;32;QP;38
BlockStat;28;  16; 288;16;32;SplitSeries;3105
BlockStat;28;  16; 288;16;32;SkipFlag;0
BlockStat;28;  16; 288;16;32;PredMode;1
BlockStat;28;  16; 288;16;32;Luma_IntraMode;0
BlockStat;28;  16; 288;16;32;Chroma_IntraMode;0
BlockStat;28;  16; 288;16;32;MultiRefIdx;0
BlockStat;28;  16; 288;16;32;Cbf_Y;1
BlockStat;28;  16; 288;16;32;TransformSkipFlag_Y;0
BlockStat;28;  16; 288;16;32;Cbf_Cb;0
BlockStat;28;  16; 288;16;32;Cbf_Cr;0
BlockStat;28;  32; 288;16; 8;Depth;4
BlockStat;28;  32; 288;16; 8;QT_Depth;2
BlockStat;28;  32; 288;16; 8;BT_Depth;3
BlockStat;28;  32; 288;16; 8;MT_Depth;2
BlockStat;28;  32; 288;16; 8;ChromaQPAdj;0
BlockStat;28;  32; 288;16; 8;QP;38
BlockStat;28;  32; 288;16; 8;SplitSeries;102433
BlockStat;28;  32; 288;16; 8;SkipFlag;0
BlockStat;28;  32; 288;16; 8;PredMode;0
BlockStat;28;  32; 288;16; 8;MergeFlag;0
BlockStat;28;  32; 288;16; 8;InterDir;1
BlockStat;28;  32; 288;16; 8;MVPIdxL0;0
BlockStat;28;  32; 288;16; 8;RefIdxL0;0
BlockStat;28;  32; 288;16; 8;MVDL0;   4; -12
BlockStat;28;  32; 288;16; 8;MVL0; 184;   0
BlockStat;28;  32; 288;16; 8;IMVMode;1
BlockStat;28;  32; 288;16; 8;RootCbf;0
BlockStat;28;  48; 288; 8; 8;Depth;5
BlockStat;28;  48; 288; 8; 8;QT_Depth;2
BlockStat;28;  48; 288; 8; 8;BT_Depth;4
BlockStat;28;  48; 288; 8; 8;MT_Depth;3
BlockStat;28;  48; 288; 8; 8;ChromaQPAdj;0
BlockStat;28;  48; 288; 8; 8;QP;38
BlockStat;28;  48; 288; 8; 8;SplitSeries;3248161
BlockStat;28;  48; 288; 8; 8;SkipFlag;0
BlockStat;28;  48; 288; 8; 8;PredMode;1
BlockStat;28;  48; 288; 8; 8;Luma_IntraMode;0
BlockStat;28;  48; 288; 8; 8;Chroma_IntraMode;0
BlockStat;28;  48; 288; 8; 8;MultiRefIdx;0
BlockStat;28;  48; 288; 8; 8;Cbf_Y;1
BlockStat;28;  48; 288; 8; 8;TransformSkipFlag_Y;2
BlockStat;28;  48; 288; 8; 8;Cbf_Cb;0
BlockStat;28;  48; 288; 8; 8;Cbf_Cr;0
BlockStat;28;  56; 288; 8; 8;Depth;5
BlockStat;28;  56; 288; 8; 8;QT_Depth;2
BlockStat;28;  56; 288; 8; 8;BT_Depth;4
BlockStat;28;  56; 288; 8; 8;MT_Depth;3
BlockStat;28;  56; 288; 8; 8;ChromaQPAdj;0
BlockStat;28;  56; 288; 8; 8;QP;38
BlockStat;28;  56; 288; 8; 8;SplitSeries;3248161
BlockStat;28;  56; 288; 8; 8;SkipFlag;1
BlockStat;28;  56; 288; 8; 8;MMVDSkipFlag;0
BlockStat;28;  56; 288; 8; 8;PredMode;0
BlockStat;28;  56; 288; 8; 8;MergeIdx;2
BlockStat;28;  56; 288; 8; 8;MergeType;0
BlockStat;28;  56; 288; 8; 8;MMVDMergeFlag;0
BlockStat;28;  56; 288; 8; 8;AffineFlag;0
BlockStat;28;  56; 288; 8; 8;MVPIdxL0;255
BlockStat;28;  56; 288; 8; 8;RefIdxL0;0
BlockStat;28;  56; 288; 8; 8;MVDL0;   0;   0
BlockStat;28;  56; 288; 8; 8;MVL0; 217; -22
BlockStat;28;  32; 296;32;16;Depth;3
BlockStat;28;  32; 296;32;16;QT_Depth;2
BlockStat;28;  32; 296;32;16;BT_Depth;1
BlockStat;28;  32; 296;32;16;MT_Depth;1
BlockStat;28;  32; 296;32;16;ChromaQPAdj;0
BlockStat;28;  32; 296;32;16;QP;38
BlockStat;28;  32; 296;32;16;SplitSeries;4129
BlockStat;28;  32; 296;32;16;SkipFlag;0
BlockStat;28;  32; 296;32;16;PredMode;0
BlockStat;28;  32; 296;32;16;MergeFlag;0
BlockStat;28;  32; 296;32;16;InterDir;1
BlockStat;28;  32; 296;32;16;AffineFlag;1
BlockStat;28;  32; 296;32;16;AffineType;1
BlockStat;28;  32; 296;32;16;MVPIdxL0;1
BlockStat;28;  32; 296;32;16;RefIdxL0;0
BlockStat;28;  32; 296;32;16;AffineMVL0; 196;   2; 182;  16; 199;   8
BlockStat;28;  32; 296;32;16;RootCbf;1
BlockStat;28;  32; 296;16;16;Cbf_Y;2
BlockStat;28;  32; 296;16;16;TransformSkipFlag_Y;0
BlockStat;28;  32; 296;16;16;Cbf_Cb;0
BlockStat;28;  32; 296;16;16;Cbf_Cr;0
BlockStat;28;  48; 296;16;16;Cbf_Y;0
BlockStat;28;  48; 296;16;16;TransformSkipFlag_Y;0
BlockStat;28;  48; 296;16;16;Cbf_Cb;0
BlockStat;28;  48; 296;16;16;Cbf_Cr;0
BlockStat;28;  32; 312;32; 8;Depth;3
BlockStat;28;  32; 312;32; 8;QT_Depth;2
BlockStat;28;  32; 312;32; 8;BT_Depth;2
BlockStat;28;  32; 312;32; 8;MT_Depth;1
BlockStat;28;  32; 312;32; 8;ChromaQPAdj;0
BlockStat;28;  32; 312;32; 8;QP;38
BlockStat;28;  32; 312;32; 8;SplitSeries;4129
BlockStat;28;  32; 312;32; 8;SkipFlag;1
BlockStat;28;  32; 312;32; 8;MMVDSkipFlag;0
BlockStat;28;  32; 312;32; 8;PredMode;0
BlockStat;28;  32; 312;32; 8;MergeIdx;0
BlockStat;28;  32; 312;32; 8;MergeType;0
BlockStat;28;  32; 312;32; 8;MMVDMergeFlag;0
BlockStat;28;  32; 312;32; 8;AffineFlag;1
BlockStat;28;  32; 312;32; 8;MVPIdxL0;0
BlockStat;28;  32; 312;32; 8;RefIdxL0;0
BlockStat;28;  32; 312;32; 8;AffineMVL0; 200;  10; 186;  24; 201;  12
BlockStat;28;  64; 256;16;64;Depth;2
BlockStat;28;  64; 256;16;64;QT_Depth;1
BlockStat;28;  64; 256;16;64;BT_Depth;2
BlockStat;28;  64; 256;16;64;MT_Depth;1
BlockStat;28;  64; 256;16;64;ChromaQPAdj;0
BlockStat;28;  64; 256;16;64;QP;38
BlockStat;28;  64; 256;16;64;SplitSeries;161
BlockStat;28;  64; 256;16;64;SkipFlag;0
BlockStat;28;  64; 256;16;64;PredMode;0
BlockStat;28;  64; 256;16;64;MergeFlag;0
BlockStat;28;  64; 256;16;64;InterDir;3
BlockStat;28;  64; 256;16;64;AffineFlag;1
BlockStat;28;  64; 256;16;64;AffineType;0
BlockStat;28;  64; 256;16;64;MVPIdxL0;1
BlockStat;28;  64; 256;16;64;RefIdxL0;0
BlockStat;28;  64; 256;16;64;MVPIdxL1;1
BlockStat;28;  64; 256;16;64;RefIdxL1;0
BlockStat;28;  64; 256;16;64;AffineMVL0; 213; -18; 213; -11; 179; -18
BlockStat;28;  64; 256;16;64;AffineMVL1; 218; -18; 220; -16; 211; -10
BlockStat;28;  64; 256;16;64;RootCbf;1
BlockStat;28;  64; 256;16;64;Cbf_Y;1
BlockStat;28;  64; 256;16;64;TransformSkipFlag_Y;0
BlockStat;28;  64; 256;16;64;Cbf_Cb;0
BlockStat;28;  64; 256;16;64;Cbf_Cr;0
BlockStat;28;  80; 256;32;32;Depth;3
BlockStat;28;  80; 256;32;32;QT_Depth;1
BlockStat;28;  80; 256;32;32;BT_Depth;2
BlockStat;28;  80; 256;32;32;MT_Depth;2
BlockStat;28;  80; 256;32;32;ChromaQPAdj;0
BlockStat;28;  80; 256;32;32;QP;38
BlockStat;28;  80; 256;32;32;SplitSeries;2209
BlockStat;28;  80; 256;32;32;SkipFlag;0
BlockStat;28;  80; 256;32;32;PredMode;0
BlockStat;28;  80; 256;32;32;MergeFlag;0
BlockStat;28;  80; 256;32;32;InterDir;1
BlockStat;28;  80; 256;32;32;AffineFlag;1
BlockStat;28;  80; 256;32;32;AffineType;1
BlockStat;28;  80; 256;32;32;MVPIdxL0;0
BlockStat;28;  80; 256;32;32;RefIdxL0;0
BlockStat;28;  80; 256;32;32;AffineMVL0; 203;  -4; 203;   7; 189;  -7
BlockStat;28;  80; 256;32;32;RootCbf;1
BlockStat;28;  80; 256;32;32;Cbf_Y;1
BlockStat;28;  80; 256;32;32;TransformSkipFlag_Y;0
BlockStat;28;  80; 256;32;32;Cbf_Cb;0
BlockStat;28;  80; 256;32;32;Cbf_Cr;0
BlockStat;28;  80; 288;32;32;Depth;3
BlockStat;28;  80; 288;32;32;QT_Depth;1
BlockStat;28;  80; 288;32;32;BT_Depth;2
BlockStat;28;  80; 288;32;32;MT_Depth;2
BlockStat;28;  80; 288;32;32;ChromaQPAdj;0
BlockStat;28;  80; 288;32;32;QP;38
BlockStat;28;  80; 288;32;32;SplitSeries;2209
BlockStat;28;  80; 288;32;32;SkipFlag;1
BlockStat;28;  80; 288;32;32;MMVDSkipFlag;0
BlockStat;28;  80; 288;32;32;PredMode;0
BlockStat;28;  80; 288;32;32;MergeIdx;44
BlockStat;28;  80; 288;32;32;MergeType;0
BlockStat;28;  80; 288;32;32;MMVDMergeFlag;1
BlockStat;28;  80; 288;32;32;MMVDMergeIdx;44
BlockStat;28;  80; 288;32;32;MVPIdxL0;255
BlockStat;28;  80; 288;32;32;RefIdxL0;0
BlockStat;28;  80; 288;32;32;MVDL0;   0;   0
BlockStat;28;  80; 288;32;32;MVL0; 197;   4
BlockStat;28; 112; 256;16;64;Depth;2
BlockStat;28; 112; 256;16;64;QT_Depth;1
BlockStat;28; 112; 256;16;64;BT_Depth;2
BlockStat;28; 112; 256;16;64;MT_Depth;1
BlockStat;28; 112; 256;16;64;ChromaQPAdj;0
BlockStat;28; 112; 256;16;64;QP;38
BlockStat;28; 112; 256;16;64;SplitSeries;161
BlockStat;28; 112; 256;16;64;SkipFlag;0
BlockStat;28; 112; 256;16;64;PredMode;0
BlockStat;28; 112; 256;16;64;MergeFlag;0
BlockStat;28; 112; 256;16;64;InterDir;1
BlockStat;28; 112; 256;16;64;AffineFlag;1
BlockStat;28; 112; 256;16;64;AffineType;1
BlockStat;28; 112; 256;16;64;MVPIdxL0;0
BlockStat;28; 112; 256;16;64;RefIdxL0;0
BlockStat;28; 112; 256;16;64;AffineMVL0; 191;  -1; 184;  -7; 196;   4
BlockStat;28; 112; 256;16;64;RootCbf;1
BlockStat;28; 112; 256;16;64;Cbf_Y;1
BlockStat;28; 112; 256;16;64;TransformSkipFlag_Y;0
BlockStat;28; 112; 256;16;64;Cbf_Cb;0
BlockStat;28; 112; 256;16;64;Cbf_Cr;0
BlockStat;28;   0; 320;16;16;Depth;4
BlockStat;28;   0; 320;16;16;QT_Depth;2
BlockStat;28;   0; 320;16;16;BT_Depth;2
BlockStat;28;   0; 320;16;16;MT_Depth;2
BlockStat;28;   0; 320;16;16;ChromaQPAdj;0
BlockStat;28;   0; 320;16;16;QP;38
BlockStat;28;   0; 320;16;16;SplitSeries;68641
BlockStat;28;   0; 320;16;16;SkipFlag;1
BlockStat;28;   0; 320;16;16;MMVDSkipFlag;0
BlockStat;28;   0; 320;16;16;PredMode;0
BlockStat;28;   0; 320;16;16;MergeIdx;0
BlockStat;28;   0; 320;16;16;MergeType;0
BlockStat;28;   0; 320;16;16;MMVDMergeFlag;0
BlockStat;28;   0; 320;16;16;AffineFlag;0
BlockStat;28;   0; 320;16;16;MVPIdxL0;255
BlockStat;28;   0; 320;16;16;RefIdxL0;0
BlockStat;28;   0; 320;16;16;MVPIdxL1;255
BlockStat;28;   0; 320;16;16;RefIdxL1;0
BlockStat;28;   0; 320;16;16;MVDL0;   0;   0
BlockStat;28;   0; 320;16;16;MVL0; 208;  22
BlockStat;28;   0; 320;16;16;MVDL1;   0;   0
BlockStat;28;   0; 320;16;16;MVL1; 208;  22
BlockStat;28;   0; 336;16;16;Depth;4
BlockStat;28;   0; 336;16;16;QT_Depth;2
BlockStat;28;   0; 336;16;16;BT_Depth;2
BlockStat;28;   0; 336;16;16;MT_Depth;2
BlockStat;28;   0; 336;16;16;ChromaQPAdj;0
BlockStat;28;   0; 336;16;16;QP;38
BlockStat;28;   0; 336;16;16;SplitSeries;68641
BlockStat;28;   0; 336;16;16;SkipFlag;0
BlockStat;28;   0; 336;16;16;PredMode;0
BlockStat;28;   0; 336;16;16;MergeFlag;0
BlockStat;28;   0; 336;16;16;InterDir;1
BlockStat;28;   0; 336;16;16;AffineFlag;1
BlockStat;28;   0; 336;16;16;AffineType;1
BlockStat;28;   0; 336;16;16;MVPIdxL0;0
BlockStat;28;   0; 336;16;16;RefIdxL0;1
BlockStat;28;   0; 336;16;16;AffineMVL0; 647; -21; 644; -18; 644; -51
BlockStat;28;   0; 336;16;16;RootCbf;1
BlockStat;28;   0; 336;16;16;Cbf_Y;1
BlockStat;28;   0; 336;16;16;TransformSkipFlag_Y;0
BlockStat;28;   0; 336;16;16;Cbf_Cb;0
BlockStat;28;   0; 336;16;16;Cbf_Cr;0
BlockStat;28;  16; 320;16;16;Depth;4
BlockStat;28;  16; 320;16;16;QT_Depth;2
BlockStat;28;  16; 320;16;16;BT_Depth;2
BlockStat;28;  16; 320;16;16;MT_Depth;2
BlockStat;28;  16; 320;16;16;ChromaQPAdj;0
BlockStat;28;  16; 320;16;16;QP;38
BlockStat;28;  16; 320;16;16;SplitSeries;68641
BlockStat;28;  16; 320;16;16;SkipFlag;1
BlockStat;28;  16; 320;16;16;MMVDSkipFlag;0
BlockStat;28;  16; 320;16;16;PredMode;0
BlockStat;28;  16; 320;16;16;MergeIdx;0
BlockStat;28;  16; 320;16;16;MergeType;0
BlockStat;28;  16; 320;16;16;MMVDMergeFlag;0
BlockStat;28;  16; 320;16;16;AffineFlag;0
BlockStat;28;  16; 320;16;16;MVPIdxL0;255
BlockStat;28;  16; 320;16;16;RefIdxL0;0
BlockStat;28;  16; 320;16;16;MVPIdxL1;255
BlockStat;28;  16; 320;16;16;RefIdxL1;0
BlockStat;28;  16; 320;16;16;MVDL0;   0;   0
BlockStat;28;  16; 320;16;16;MVL0; 208;  22
BlockStat;28;  16; 320;16;16;MVDL1;   0;   0
BlockStat;28;  16; 320;16;16;MVL1; 208;  22
BlockStat;28;  16; 336;16;16;Depth;4
BlockStat;28;  16; 336;16;16;QT_Depth;2
BlockStat;28;  16; 336;16;16;BT_Depth;2
BlockStat;28;  16; 336;16;16;MT_Depth;2
BlockStat;28;  16; 336;16;16;ChromaQPAdj;0
BlockStat;28;  16; 336;16;16;QP;38
BlockStat;28;  16; 336;16;16;SplitSeries;68641
BlockStat;28;  16; 336;16;16;SkipFlag;0
BlockStat;28;  16; 336;16;16;PredMode;0
BlockStat;28;  16; 336;16;16;MergeFlag;0
BlockStat;28;  16; 336;16;16;InterDir;1
BlockStat;28;  16; 336;16;16;AffineFlag;0
BlockStat;28;  16; 336;16;16;MVPIdxL0;0
BlockStat;28;  16; 336;16;16;RefIdxL0;0
BlockStat;28;  16; 336;16;16;MVDL0;  -4;   4
BlockStat;28;  16; 336;16;16;MVL0; 204;  24
BlockStat;28;  16; 336;16;16;IMVMode;1
BlockStat;28;  16; 336;16;16;RootCbf;1
BlockStat;28;  16; 336;16;16;Cbf_Y;1
BlockStat;28;  16; 336;16;16;TransformSkipFlag_Y;0
BlockStat;28;  16; 336;16;16;Cbf_Cb;0
BlockStat;28;  16; 336;16;16;Cbf_Cr;0
BlockStat;28;  32; 320; 8;32;Depth;3
BlockStat;28;  32; 320; 8;32;QT_Depth;2
BlockStat;28;  32; 320; 8;32;BT_Depth;2
BlockStat;28;  32; 320; 8;32;MT_Depth;1
BlockStat;28;  32; 320; 8;32;ChromaQPAdj;0
BlockStat;28;  32; 320; 8;32;QP;38
BlockStat;28;  32; 320; 8;32;SplitSeries;5153
BlockStat;28;  32; 320; 8;32;SkipFlag;1
BlockStat;28;  32; 320; 8;32;MMVDSkipFlag;0
BlockStat;28;  32; 320; 8;32;PredMode;0
BlockStat;28;  32; 320; 8;32;MergeIdx;1
BlockStat;28;  32; 320; 8;32;MergeType;0
BlockStat;28;  32; 320; 8;32;MMVDMergeFlag;0
BlockStat;28;  32; 320; 8;32;AffineFlag;1
BlockStat;28;  32; 320; 8;32;MVPIdxL0;0
BlockStat;28;  32; 320; 8;32;RefIdxL0;0
BlockStat;28;  32; 320; 8;32;AffineMVL0; 200;  13; 199;  14; 203;  24
BlockStat;28;  40; 320;16;32;Depth;3
BlockStat;28;  40; 320;16;32;QT_Depth;2
BlockStat;28;  40; 320;16;32;BT_Depth;1
BlockStat;28;  40; 320;16;32;MT_Depth;1
BlockStat;28;  40; 320;16;32;ChromaQPAdj;0
BlockStat;28;  40; 320;16;32;QP;38
BlockStat;28;  40; 320;16;32;SplitSeries;5153
BlockStat;28;  40; 320;16;32;SkipFlag;1
BlockStat;28;  40; 320;16;32;MMVDSkipFlag;0
BlockStat;28;  40; 320;16;32;PredMode;0
BlockStat;28;  40; 320;16;32;MergeIdx;3
BlockStat;28;  40; 320;16;32;MergeType;0
BlockStat;28;  40; 320;16;32;MMVDMergeFlag;0
BlockStat;28;  40; 320;16;32;AffineFlag;0
BlockStat;28;  40; 320;16;32;MVPIdxL0;255
BlockStat;28;  40; 320;16;32;RefIdxL0;0
BlockStat;28;  40; 320;16;32;MVDL0;   0;   0
BlockStat;28;  40; 320;16;32;MVL0; 199;  14
BlockStat;28;  56; 320; 8;32;Depth;3
BlockStat;28;  56; 320; 8;32;QT_Depth;2
BlockStat;28;  56; 320; 8;32;BT_Depth;2
BlockStat;28;  56; 320; 8;32;MT_Depth;1
BlockStat;28;  56; 320; 8;32;ChromaQPAdj;0
BlockStat;28;  56; 320; 8;32;QP;38
BlockStat;28;  56; 320; 8;32;SplitSeries;5153
BlockStat;28;  56; 320; 8;32;SkipFlag;1
BlockStat;28;  56; 320; 8;32;MMVDSkipFlag;0
BlockStat;28;  56; 320; 8;32;PredMode;0
BlockStat;28;  56; 320; 8;32;MergeIdx;0
BlockStat;28;  56; 320; 8;32;MergeType;0
BlockStat;28;  56; 320; 8;32;MMVDMergeFlag;0
BlockStat;28;  56; 320; 8;32;AffineFlag;0
BlockStat;28;  56; 320; 8;32;MVPIdxL0;255
BlockStat;28;  56; 320; 8;32;RefIdxL0;0
BlockStat;28;  56; 320; 8;32;MVDL0;   0;   0
BlockStat;28;  56; 320; 8;32;MVL0; 199;  14
BlockStat;28;   0; 352; 4;32;Depth;4
BlockStat;28;   0; 352; 4;32;QT_Depth;2
BlockStat;28;   0; 352; 4;32;BT_Depth;3
BlockStat;28;   0; 352; 4;32;MT_Depth;2
BlockStat;28;   0; 352; 4;32;ChromaQPAdj;0
BlockStat;28;   0; 352; 4;32;QP;38
BlockStat;28;   0; 352; 4;32;SplitSeries;103457
BlockStat;28;   0; 352; 4;32;SkipFlag;0
BlockStat;28;   0; 352; 4;32;PredMode;0
BlockStat;28;   0; 352; 4;32;MergeFlag;0
BlockStat;28;   0; 352; 4;32;InterDir;1
BlockStat;28;   0; 352; 4;32;MVPIdxL0;0
BlockStat;28;   0; 352; 4;32;RefIdxL0;0
BlockStat;28;   0; 352; 4;32;MVDL0; -16;  16
BlockStat;28;   0; 352; 4;32;MVL0; 192;   0
BlockStat;28;   0; 352; 4;32;IMVMode;2
BlockStat;28;   0; 352; 4;32;RootCbf;1
BlockStat;28;   0; 352; 4;16;Cbf_Y;0
BlockStat;28;   0; 352; 4;16;TransformSkipFlag_Y;0
BlockStat;28;   0; 352; 4;16;Cbf_Cb;0
BlockStat;28;   0; 352; 4;16;Cbf_Cr;0
BlockStat;28;   0; 368; 4;16;Cbf_Y;2
BlockStat;28;   0; 368; 4;16;TransformSkipFlag_Y;0
BlockStat;28;   0; 368; 4;16;Cbf_Cb;0
BlockStat;28;   0; 368; 4;16;Cbf_Cr;0
BlockStat;28;   4; 352; 4;16;Depth;5
BlockStat;28;   4; 352; 4;16;QT_Depth;2
BlockStat;28;   4; 352; 4;16;BT_Depth;4
BlockStat;28;   4; 352; 4;16;MT_Depth;3
BlockStat;28;   4; 352; 4;16;ChromaQPAdj;0
BlockStat;28;   4; 352; 4;16;QP;38
BlockStat;28;   4; 352; 4;16;SplitSeries;2200609
BlockStat;28;   4; 352; 4;16;SkipFlag;0
BlockStat;28;   4; 352; 4;16;PredMode;0
BlockStat;28;   4; 352; 4;16;MergeFlag;0
BlockStat;28;   4; 352; 4;16;InterDir;1
BlockStat;28;   4; 352; 4;16;MVPIdxL0;0
BlockStat;28;   4; 352; 4;16;RefIdxL0;0
BlockStat;28;   4; 352; 4;16;MVDL0;  -1; -45
BlockStat;28;   4; 352; 4;16;MVL0; 191; -45
BlockStat;28;   4; 352; 4;16;IMVMode;0
BlockStat;28;   4; 352; 4;16;RootCbf;0
BlockStat;28;   4; 368; 4;16;Depth;5
BlockStat;28;   4; 368; 4;16;QT_Depth;2
BlockStat;28;   4; 368; 4;16;BT_Depth;4
BlockStat;28;   4; 368; 4;16;MT_Depth;3
BlockStat;28;   4; 368; 4;16;ChromaQPAdj;0
BlockStat;28;   4; 368; 4;16;QP;38
BlockStat;28;   4; 368; 4;16;SplitSeries;2200609
BlockStat;28;   4; 368; 4;16;SkipFlag;1
BlockStat;28;   4; 368; 4;16;MMVDSkipFlag;0
BlockStat;28;   4; 368; 4;16;PredMode;0
BlockStat;28;   4; 368; 4;16;MergeIdx;0
BlockStat;28;   4; 368; 4;16;MergeType;0
BlockStat;28;   4; 368; 4;16;MMVDMergeFlag;0
BlockStat;28;   4; 368; 4;16;MVPIdxL0;255
BlockStat;28;   4; 368; 4;16;RefIdxL0;0
BlockStat: POC 28 @(   4, 368) [ 4x16] TrianglePartitioning={   0,   0,   4,  16}
BlockStat;28;   8; 352; 4;32;Depth;4
BlockStat;28;   8; 352; 4;32;QT_Depth;2
BlockStat;28;   8; 352; 4;32;BT_Depth;3
BlockStat;28;   8; 352; 4;32;MT_Depth;2
BlockStat;28;   8; 352; 4;32;ChromaQPAdj;0
BlockStat;28;   8; 352; 4;32;QP;38
BlockStat;28;   8; 352; 4;32;SplitSeries;168993
BlockStat;28;   8; 352; 4;32;SkipFlag;0
BlockStat;28;   8; 352; 4;32;PredMode;0
BlockStat;28;   8; 352; 4;32;MergeFlag;0
BlockStat;28;   8; 352; 4;32;InterDir;1
BlockStat;28;   8; 352; 4;32;MVPIdxL0;0
BlockStat;28;   8; 352; 4;32;RefIdxL0;0
BlockStat;28;   8; 352; 4;32;MVDL0;  -4; -44
BlockStat;28;   8; 352; 4;32;MVL0; 188; -44
BlockStat;28;   8; 352; 4;32;IMVMode;1
BlockStat;28;   8; 352; 4;32;RootCbf;1
BlockStat;28;   8; 352; 4;32;Cbf_Y;1
BlockStat;28;   8; 352; 4;32;TransformSkipFlag_Y;0
BlockStat;28;   8; 352; 4;32;Cbf_Cb;0
BlockStat;28;   8; 352; 4;32;Cbf_Cr;0
BlockStat;28;  12; 352; 8;32;Depth;4
BlockStat;28;  12; 352; 8;32;QT_Depth;2
BlockStat;28;  12; 352; 8;32;BT_Depth;2
BlockStat;28;  12; 352; 8;32;MT_Depth;2
BlockStat;28;  12; 352; 8;32;ChromaQPAdj;0
BlockStat;28;  12; 352; 8;32;QP;38
BlockStat;28;  12; 352; 8;32;SplitSeries;168993
BlockStat;28;  12; 352; 8;32;SkipFlag;0
BlockStat;28;  12; 352; 8;32;PredMode;0
BlockStat;28;  12; 352; 8;32;MergeFlag;1
BlockStat;28;  12; 352; 8;32;MergeIdx;0
BlockStat;28;  12; 352; 8;32;MergeType;0
BlockStat;28;  12; 352; 8;32;MMVDMergeFlag;0
BlockStat;28;  12; 352; 8;32;AffineFlag;0
BlockStat;28;  12; 352; 8;32;MHIntraFlag;0
BlockStat;28;  12; 352; 8;32;MVPIdxL0;255
BlockStat;28;  12; 352; 8;32;RefIdxL0;0
BlockStat: POC 28 @(  12, 352) [ 8x32] TrianglePartitioning={   0,   0,   8,  32}
BlockStat: POC 28 @[(12, 352)--(20, 352)--(20, 384)--] TriangleMVL0={ 204,  24}
BlockStat: POC 28 @[(12, 352)--(12, 384)--(20, 384)--] TriangleMVL0={ 188, -44}
BlockStat;28;  12; 352; 8;32;Cbf_Y;1
BlockStat;28;  12; 352; 8;32;TransformSkipFlag_Y;0
BlockStat;28;  12; 352; 8;32;Cbf_Cb;0
BlockStat;28;  12; 352; 8;32;Cbf_Cr;0
BlockStat;28;  20; 352; 4;32;Depth;4
BlockStat;28;  20; 352; 4;32;QT_Depth;2
BlockStat;28;  20; 352; 4;32;BT_Depth;3
BlockStat;28;  20; 352; 4;32;MT_Depth;2
BlockStat;28;  20; 352; 4;32;ChromaQPAdj;0
BlockStat;28;  20; 352; 4;32;QP;38
BlockStat;28;  20; 352; 4;32;SplitSeries;168993
BlockStat;28;  20; 352; 4;32;SkipFlag;1
BlockStat;28;  20; 352; 4;32;MMVDSkipFlag;0
BlockStat;28;  20; 352; 4;32;PredMode;0
BlockStat;28;  20; 352; 4;32;MergeIdx;3
BlockStat;28;  20; 352; 4;32;MergeType;0
BlockStat;28;  20; 352; 4;32;MMVDMergeFlag;0
BlockStat;28;  20; 352; 4;32;MVPIdxL0;255
BlockStat;28;  20; 352; 4;32;RefIdxL0;0
BlockStat: POC 28 @(  20, 352) [ 4x32] TrianglePartitioning={   0,  32,   4,   0}
BlockStat;28;  24; 352; 8;32;Depth;3
BlockStat;28;  24; 352; 8;32;QT_Depth;2
BlockStat;28;  24; 352; 8;32;BT_Depth;2
BlockStat;28;  24; 352; 8;32;MT_Depth;1
BlockStat;28;  24; 352; 8;32;ChromaQPAdj;0
BlockStat;28;  24; 352; 8;32;QP;38
BlockStat;28;  24; 352; 8;32;SplitSeries;5153
BlockStat;28;  24; 352; 8;32;SkipFlag;1
BlockStat;28;  24; 352; 8;32;MMVDSkipFlag;0
BlockStat;28;  24; 352; 8;32;PredMode;0
BlockStat;28;  24; 352; 8;32;MergeIdx;36
BlockStat;28;  24; 352; 8;32;MergeType;0
BlockStat;28;  24; 352; 8;32;MMVDMergeFlag;1
BlockStat;28;  24; 352; 8;32;MMVDMergeIdx;36
BlockStat;28;  24; 352; 8;32;MVPIdxL0;255
BlockStat;28;  24; 352; 8;32;RefIdxL0;0
BlockStat;28;  24; 352; 8;32;MVDL0;   0;   0
BlockStat;28;  24; 352; 8;32;MVL0; 206;  24
BlockStat;28;  32; 352;32;16;Depth;3
BlockStat;28;  32; 352;32;16;QT_Depth;2
BlockStat;28;  32; 352;32;16;BT_Depth;1
BlockStat;28;  32; 352;32;16;MT_Depth;1
BlockStat;28;  32; 352;32;16;ChromaQPAdj;0
BlockStat;28;  32; 352;32;16;QP;38
BlockStat;28;  32; 352;32;16;SplitSeries;2081
BlockStat;28;  32; 352;32;16;SkipFlag;0
BlockStat;28;  32; 352;32;16;PredMode;0
BlockStat;28;  32; 352;32;16;MergeFlag;0
BlockStat;28;  32; 352;32;16;InterDir;3
BlockStat;28;  32; 352;32;16;AffineFlag;0
BlockStat;28;  32; 352;32;16;MVPIdxL0;0
BlockStat;28;  32; 352;32;16;RefIdxL0;1
BlockStat;28;  32; 352;32;16;MVPIdxL1;0
BlockStat;28;  32; 352;32;16;RefIdxL1;0
BlockStat;28;  32; 352;32;16;MVDL0;  36;  60
BlockStat;28;  32; 352;32;16;MVL0; 684;  24
BlockStat;28;  32; 352;32;16;MVDL1;   0;   0
BlockStat;28;  32; 352;32;16;MVL1; 206;  24
BlockStat;28;  32; 352;32;16;IMVMode;3
BlockStat;28;  32; 352;32;16;RootCbf;1
BlockStat;28;  32; 352;32;16;Cbf_Y;1
BlockStat;28;  32; 352;32;16;TransformSkipFlag_Y;0
BlockStat;28;  32; 352;32;16;Cbf_Cb;0
BlockStat;28;  32; 352;32;16;Cbf_Cr;0
BlockStat;28;  32; 368;16;16;Depth;4
BlockStat;28;  32; 368;16;16;QT_Depth;2
BlockStat;28;  32; 368;16;16;BT_Depth;2
BlockStat;28;  32; 368;16;16;MT_Depth;2
BlockStat;28;  32; 368;16;16;ChromaQPAdj;0
BlockStat;28;  32; 368;16;16;QP;38
BlockStat;28;  32; 368;16;16;SplitSeries;100385
BlockStat;28;  32; 368;16;16;SkipFlag;0
BlockStat;28;  32; 368;16;16;PredMode;0
BlockStat;28;  32; 368;16;16;MergeFlag;1
BlockStat;28;  32; 368;16;16;MergeIdx;0
BlockStat;28;  32; 368;16;16;MergeType;0
BlockStat;28;  32; 368;16;16;MMVDMergeFlag;0
BlockStat;28;  32; 368;16;16;AffineFlag;0
BlockStat;28;  32; 368;16;16;MHIntraFlag;0
BlockStat;28;  32; 368;16;16;MVPIdxL0;255
BlockStat;28;  32; 368;16;16;RefIdxL0;0
BlockStat;28;  32; 368;16;16;MVDL0;   0;   0
BlockStat;28;  32; 368;16;16;MVL0; 206;  24
BlockStat;28;  32; 368;16;16;Cbf_Y;1
BlockStat;28;  32; 368;16;16;TransformSkipFlag_Y;0
BlockStat;28;  32; 368;16;16;Cbf_Cb;0
BlockStat;28;  32; 368;16;16;Cbf_Cr;0
BlockStat;28;  48; 368;16;16;Depth;4
BlockStat;28;  48; 368;16;16;QT_Depth;2
BlockStat;28;  48; 368;16;16;BT_Depth;2
BlockStat;28;  48; 368;16;16;MT_Depth;2
BlockStat;28;  48; 368;16;16;ChromaQPAdj;0
BlockStat;28;  48; 368;16;16;QP;38
BlockStat;28;  48; 368;16;16;SplitSeries;100385
BlockStat;28;  48; 368;16;16;SkipFlag;0
BlockStat;28;  48; 368;16;16;PredMode;0
BlockStat;28;  48; 368;16;16;MergeFlag;1
BlockStat;28;  48; 368;16;16;MergeIdx;1
BlockStat;28;  48; 368;16;16;MergeType;0
BlockStat;28;  48; 368;16;16;MMVDMergeFlag;0
BlockStat;28;  48; 368;16;16;AffineFlag;0
BlockStat;28;  48; 368;16;16;MHIntraFlag;0
BlockStat;28;  48; 368;16;16;MVPIdxL0;255
BlockStat;28;  48; 368;16;16;RefIdxL0;1
BlockStat;28;  48; 368;16;16;MVPIdxL1;255
BlockStat;28;  48; 368;16;16;RefIdxL1;0
BlockStat;28;  48; 368;16;16;MVDL0;   0;   0
BlockStat;28;  48; 368;16;16;MVL0; 684;  24
BlockStat;28;  48; 368;16;16;MVDL1;   0;   0
BlockStat;28;  48; 368;16;16;MVL1; 206;  24
BlockStat;28;  48; 368;16;16;Cbf_Y;1
BlockStat;28;  48; 368;16;16;TransformSkipFlag_Y;0
BlockStat;28;  48; 368;16;16;Cbf_Cb;0
BlockStat;28;  48; 368;16;16;Cbf_Cr;0
BlockStat;28;  64; 320;32; 8;Depth;3
BlockStat;28;  64; 320;32; 8;QT_Depth;2
BlockStat;28;  64; 320;32; 8;BT_Depth;2
BlockStat;28;  64; 320;32; 8;MT_Depth;1
BlockStat;28;  64; 320;32; 8;ChromaQPAdj;0
BlockStat;28;  64; 320;32; 8;QP;38
BlockStat;28;  64; 320;32; 8;SplitSeries;4129
BlockStat;28;  64; 320;32; 8;SkipFlag;1
BlockStat;28;  64; 320;32; 8;MMVDSkipFlag;0
BlockStat;28;  64; 320;32; 8;PredMode;0
BlockStat;28;  64; 320;32; 8;MergeIdx;0
BlockStat;28;  64; 320;32; 8;MergeType;0
BlockStat;28;  64; 320;32; 8;MMVDMergeFlag;0
BlockStat;28;  64; 320;32; 8;AffineFlag;0
BlockStat;28;  64; 320;32; 8;MVPIdxL0;255
BlockStat;28;  64; 320;32; 8;RefIdxL0;0
BlockStat;28;  64; 320;32; 8;MVDL0;   0;   0
BlockStat;28;  64; 320;32; 8;MVL0; 199;  14
BlockStat;28;  64; 328;32;16;Depth;3
BlockStat;28;  64; 328;32;16;QT_Depth;2
BlockStat;28;  64; 328;32;16;BT_Depth;1
BlockStat;28;  64; 328;32;16;MT_Depth;1
BlockStat;28;  64; 328;32;16;ChromaQPAdj;0
BlockStat;28;  64; 328;32;16;QP;38
BlockStat;28;  64; 328;32;16;SplitSeries;4129
BlockStat;28;  64; 328;32;16;SkipFlag;1
BlockStat;28;  64; 328;32;16;MMVDSkipFlag;0
BlockStat;28;  64; 328;32;16;PredMode;0
BlockStat;28;  64; 328;32;16;MergeIdx;3
BlockStat;28;  64; 328;32;16;MergeType;0
BlockStat;28;  64; 328;32;16;MMVDMergeFlag;0
BlockStat;28;  64; 328;32;16;AffineFlag;0
BlockStat;28;  64; 328;32;16;MVPIdxL0;255
BlockStat;28;  64; 328;32;16;RefIdxL0;0
BlockStat: POC 28 @(  64, 328) [32x16] TrianglePartitioning={   0,   0,  32,  16}
BlockStat: POC 28 @[(64, 328)--(96, 328)--(96, 344)--] TriangleMVL0={ 199,  14}
BlockStat: POC 28 @[(64, 328)--(64, 344)--(96, 344)--] TriangleMVL0={ 206,  24}
BlockStat;28;  64; 344;32; 8;Depth;3
BlockStat;28;  64; 344;32; 8;QT_Depth;2
BlockStat;28;  64; 344;32; 8;BT_Depth;2
BlockStat;28;  64; 344;32; 8;MT_Depth;1
BlockStat;28;  64; 344;32; 8;ChromaQPAdj;0
BlockStat;28;  64; 344;32; 8;QP;38
BlockStat;28;  64; 344;32; 8;SplitSeries;4129
BlockStat;28;  64; 344;32; 8;SkipFlag;0
BlockStat;28;  64; 344;32; 8;PredMode;0
BlockStat;28;  64; 344;32; 8;MergeFlag;0
BlockStat;28;  64; 344;32; 8;InterDir;1
BlockStat;28;  64; 344;32; 8;MVPIdxL0;0
BlockStat;28;  64; 344;32; 8;RefIdxL0;1
BlockStat;28;  64; 344;32; 8;MVDL0; -52; -10
BlockStat;28;  64; 344;32; 8;MVL0; 632;  14
BlockStat;28;  64; 344;32; 8;IMVMode;3
BlockStat;28;  64; 344;32; 8;RootCbf;1
BlockStat;28;  64; 344;24; 8;Cbf_Y;0
BlockStat;28;  64; 344;24; 8;TransformSkipFlag_Y;0
BlockStat;28;  64; 344;24; 8;Cbf_Cb;0
BlockStat;28;  64; 344;24; 8;Cbf_Cr;0
BlockStat;28;  88; 344; 8; 8;Cbf_Y;2
BlockStat;28;  88; 344; 8; 8;TransformSkipFlag_Y;0
BlockStat;28;  88; 344; 8; 8;Cbf_Cb;0
BlockStat;28;  88; 344; 8; 8;Cbf_Cr;0
BlockStat;28;  96; 320; 4;16;Depth;5
BlockStat;28;  96; 320; 4;16;QT_Depth;2
BlockStat;28;  96; 320; 4;16;BT_Depth;4
BlockStat;28;  96; 320; 4;16;MT_Depth;3
BlockStat;28;  96; 320; 4;16;ChromaQPAdj;0
BlockStat;28;  96; 320; 4;16;QP;38
BlockStat;28;  96; 320; 4;16;SplitSeries;5311521
BlockStat;28;  96; 320; 4;16;SkipFlag;1
BlockStat;28;  96; 320; 4;16;MMVDSkipFlag;0
BlockStat;28;  96; 320; 4;16;PredMode;0
BlockStat;28;  96; 320; 4;16;MergeIdx;0
BlockStat;28;  96; 320; 4;16;MergeType;0
BlockStat;28;  96; 320; 4;16;MMVDMergeFlag;0
BlockStat;28;  96; 320; 4;16;MVPIdxL0;255
BlockStat;28;  96; 320; 4;16;RefIdxL0;0
BlockStat;28;  96; 320; 4;16;MVDL0;   0;   0
BlockStat;28;  96; 320; 4;16;MVL0; 199;  14
BlockStat;28; 100; 320; 8;16;Depth;5
BlockStat;28; 100; 320; 8;16;QT_Depth;2
BlockStat;28; 100; 320; 8;16;BT_Depth;3
BlockStat;28; 100; 320; 8;16;MT_Depth;3
BlockStat;28; 100; 320; 8;16;ChromaQPAdj;0
BlockStat;28; 100; 320; 8;16;QP;38
BlockStat;28; 100; 320; 8;16;SplitSeries;5311521
BlockStat;28; 100; 320; 8;16;SkipFlag;0
BlockStat;28; 100; 320; 8;16;PredMode;0
BlockStat;28; 100; 320; 8;16;MergeFlag;1
BlockStat;28; 100; 320; 8;16;MergeIdx;1
BlockStat;28; 100; 320; 8;16;MergeType;0
BlockStat;28; 100; 320; 8;16;MMVDMergeFlag;0
BlockStat;28; 100; 320; 8;16;AffineFlag;0
BlockStat;28; 100; 320; 8;16;MHIntraFlag;0
BlockStat;28; 100; 320; 8;16;MVPIdxL0;255
BlockStat;28; 100; 320; 8;16;RefIdxL0;0
BlockStat: POC 28 @( 100, 320) [ 8x16] TrianglePartitioning={   0,  16,   8,   0}
BlockStat: POC 28 @[(100, 320)--(108, 320)--(100, 336)--] TriangleMVL0={ 199,  14}
BlockStat: POC 28 @[(108, 320)--(100, 336)--(108, 336)--] TriangleMVL0={ 197,   4}
BlockStat;28; 100; 320; 8;16;Cbf_Y;1
BlockStat;28; 100; 320; 8;16;TransformSkipFlag_Y;0
BlockStat;28; 100; 320; 8;16;Cbf_Cb;0
BlockStat;28; 100; 320; 8;16;Cbf_Cr;0
BlockStat;28; 108; 320; 4;16;Depth;5
BlockStat;28; 108; 320; 4;16;QT_Depth;2
BlockStat;28; 108; 320; 4;16;BT_Depth;4
BlockStat;28; 108; 320; 4;16;MT_Depth;3
BlockStat;28; 108; 320; 4;16;ChromaQPAdj;0
BlockStat;28; 108; 320; 4;16;QP;38
BlockStat;28; 108; 320; 4;16;SplitSeries;5311521
BlockStat;28; 108; 320; 4;16;SkipFlag;0
BlockStat;28; 108; 320; 4;16;PredMode;0
BlockStat;28; 108; 320; 4;16;MergeFlag;1
BlockStat;28; 108; 320; 4;16;MergeIdx;0
BlockStat;28; 108; 320; 4;16;MergeType;0
BlockStat;28; 108; 320; 4;16;MMVDMergeFlag;0
BlockStat;28; 108; 320; 4;16;MHIntraFlag;0
BlockStat;28; 108; 320; 4;16;MVPIdxL0;255
BlockStat;28; 108; 320; 4;16;RefIdxL0;0
BlockStat;28; 108; 320; 4;16;MVDL0;   0;   0
BlockStat;28; 108; 320; 4;16;MVL0; 197;   4
BlockStat;28; 108; 320; 4;16;Cbf_Y;1
BlockStat;28; 108; 320; 4;16;TransformSkipFlag_Y;0
BlockStat;28; 108; 320; 4;16;Cbf_Cb;0
BlockStat;28; 108; 320; 4;16;Cbf_Cr;0
BlockStat;28;  96; 336;16;16;Depth;4
BlockStat;28;  96; 336;16;16;QT_Depth;2
BlockStat;28;  96; 336;16;16;BT_Depth;2
BlockStat;28;  96; 336;16;16;MT_Depth;2
BlockStat;28;  96; 336;16;16;ChromaQPAdj;0
BlockStat;28;  96; 336;16;16;QP;38
BlockStat;28;  96; 336;16;16;SplitSeries;68641
BlockStat;28;  96; 336;16;16;SkipFlag;0
BlockStat;28;  96; 336;16;16;PredMode;0
BlockStat;28;  96; 336;16;16;MergeFlag;0
BlockStat;28;  96; 336;16;16;InterDir;3
BlockStat;28;  96; 336;16;16;AffineFlag;1
BlockStat;28;  96; 336;16;16;AffineType;0
BlockStat;28;  96; 336;16;16;MVPIdxL0;0
BlockStat;28;  96; 336;16;16;RefIdxL0;1
BlockStat;28;  96; 336;16;16;MVPIdxL1;0
BlockStat;28;  96; 336;16;16;RefIdxL1;0
BlockStat;28;  96; 336;16;16;AffineMVL0; 620;  22; 611;  16; 626;  13
BlockStat;28;  96; 336;16;16;AffineMVL1; 201;  11; 198;   5; 207;   8
BlockStat;28;  96; 336;16;16;RootCbf;1
BlockStat;28;  96; 336;16;16;Cbf_Y;1
BlockStat;28;  96; 336;16;16;TransformSkipFlag_Y;0
BlockStat;28;  96; 336;16;16;Cbf_Cb;0
BlockStat;28;  96; 336;16;16;Cbf_Cr;0
BlockStat;28; 112; 320; 8;32;Depth;4
BlockStat;28; 112; 320; 8;32;QT_Depth;2
BlockStat;28; 112; 320; 8;32;BT_Depth;2
BlockStat;28; 112; 320; 8;32;MT_Depth;2
BlockStat;28; 112; 320; 8;32;ChromaQPAdj;0
BlockStat;28; 112; 320; 8;32;QP;38
BlockStat;28; 112; 320; 8;32;SplitSeries;101409
BlockStat;28; 112; 320; 8;32;SkipFlag;1
BlockStat;28; 112; 320; 8;32;MMVDSkipFlag;0
BlockStat;28; 112; 320; 8;32;PredMode;0
BlockStat;28; 112; 320; 8;32;MergeIdx;3
BlockStat;28; 112; 320; 8;32;MergeType;0
BlockStat;28; 112; 320; 8;32;MMVDMergeFlag;0
BlockStat;28; 112; 320; 8;32;AffineFlag;0
BlockStat;28; 112; 320; 8;32;MVPIdxL0;255
BlockStat;28; 112; 320; 8;32;RefIdxL0;0
BlockStat: POC 28 @( 112, 320) [ 8x32] TrianglePartitioning={   0,   0,   8,  32}
BlockStat: POC 28 @[(112, 320)--(120, 320)--(120, 352)--] TriangleMVL0={ 193,   2}
BlockStat: POC 28 @[(112, 320)--(112, 352)--(120, 352)--] TriangleMVL0={ 197,   4}
BlockStat;28; 120; 320; 8;32;Depth;4
BlockStat;28; 120; 320; 8;32;QT_Depth;2
BlockStat;28; 120; 320; 8;32;BT_Depth;2
BlockStat;28; 120; 320; 8;32;MT_Depth;2
BlockStat;28; 120; 320; 8;32;ChromaQPAdj;0
BlockStat;28; 120; 320; 8;32;QP;38
BlockStat;28; 120; 320; 8;32;SplitSeries;101409
BlockStat;28; 120; 320; 8;32;SkipFlag;1
BlockStat;28; 120; 320; 8;32;MMVDSkipFlag;0
BlockStat;28; 120; 320; 8;32;PredMode;0
BlockStat;28; 120; 320; 8;32;MergeIdx;0
BlockStat;28; 120; 320; 8;32;MergeType;0
BlockStat;28; 120; 320; 8;32;MMVDMergeFlag;0
BlockStat;28; 120; 320; 8;32;AffineFlag;1
BlockStat;28; 120; 320; 8;32;MVPIdxL0;0
BlockStat;28; 120; 320; 8;32;RefIdxL0;0
BlockStat;28; 120; 320; 8;32;AffineMVL0; 191;   0; 189;  -2; 193;   2
BlockStat;28;  64; 352; 8;16;Depth;5
BlockStat;28;  64; 352; 8;16;QT_Depth;2
BlockStat;28;  64; 352; 8;16;BT_Depth;3
BlockStat;28;  64; 352; 8;16;MT_Depth;3
BlockStat;28;  64; 352; 8;16;ChromaQPAdj;0
BlockStat;28;  64; 352; 8;16;QP;38
BlockStat;28;  64; 352; 8;16;SplitSeries;3214369
BlockStat;28;  64; 352; 8;16;SkipFlag;0
BlockStat;28;  64; 352; 8;16;PredMode;0
BlockStat;28;  64; 352; 8;16;MergeFlag;0
BlockStat;28;  64; 352; 8;16;InterDir;1
BlockStat;28;  64; 352; 8;16;MVPIdxL0;0
BlockStat;28;  64; 352; 8;16;RefIdxL0;0
BlockStat;28;  64; 352; 8;16;MVDL0;  -4;  -4
BlockStat;28;  64; 352; 8;16;MVL0; 202;  20
BlockStat;28;  64; 352; 8;16;IMVMode;3
BlockStat;28;  64; 352; 8;16;RootCbf;0
BlockStat;28;  72; 352; 8;16;Depth;5
BlockStat;28;  72; 352; 8;16;QT_Depth;2
BlockStat;28;  72; 352; 8;16;BT_Depth;3
BlockStat;28;  72; 352; 8;16;MT_Depth;3
BlockStat;28;  72; 352; 8;16;ChromaQPAdj;0
BlockStat;28;  72; 352; 8;16;QP;38
BlockStat;28;  72; 352; 8;16;SplitSeries;3214369
BlockStat;28;  72; 352; 8;16;SkipFlag;0
BlockStat;28;  72; 352; 8;16;PredMode;0
BlockStat;28;  72; 352; 8;16;MergeFlag;0
BlockStat;28;  72; 352; 8;16;InterDir;1
BlockStat;28;  72; 352; 8;16;MVPIdxL0;0
BlockStat;28;  72; 352; 8;16;RefIdxL0;0
BlockStat;28;  72; 352; 8;16;MVDL0;   4;   4
BlockStat;28;  72; 352; 8;16;MVL0; 206;  24
BlockStat;28;  72; 352; 8;16;IMVMode;3
BlockStat;28;  72; 352; 8;16;RootCbf;0
BlockStat;28;  64; 368;16;16;Depth;4
BlockStat;28;  64; 368;16;16;QT_Depth;2
BlockStat;28;  64; 368;16;16;BT_Depth;2
BlockStat;28;  64; 368;16;16;MT_Depth;2
BlockStat;28;  64; 368;16;16;ChromaQPAdj;0
BlockStat;28;  64; 368;16;16;QP;38
BlockStat;28;  64; 368;16;16;SplitSeries;68641
BlockStat;28;  64; 368;16;16;SkipFlag;0
BlockStat;28;  64; 368;16;16;PredMode;0
BlockStat;28;  64; 368;16;16;MergeFlag;1
BlockStat;28;  64; 368;16;16;MergeIdx;5
BlockStat;28;  64; 368;16;16;MergeType;0
BlockStat;28;  64; 368;16;16;MMVDMergeFlag;1
BlockStat;28;  64; 368;16;16;MMVDMergeIdx;5
BlockStat;28;  64; 368;16;16;MVPIdxL0;255
BlockStat;28;  64; 368;16;16;RefIdxL0;1
BlockStat;28;  64; 368;16;16;MVPIdxL1;255
BlockStat;28;  64; 368;16;16;RefIdxL1;0
BlockStat;28;  64; 368;16;16;MVDL0;   0;   0
BlockStat;28;  64; 368;16;16;MVL0; 682;  24
BlockStat;28;  64; 368;16;16;MVDL1;   0;   0
BlockStat;28;  64; 368;16;16;MVL1; 205;  24
BlockStat;28;  64; 368;16;16;Cbf_Y;1
BlockStat;28;  64; 368;16;16;TransformSkipFlag_Y;0
BlockStat;28;  64; 368;16;16;Cbf_Cb;0
BlockStat;28;  64; 368;16;16;Cbf_Cr;0
BlockStat;28;  80; 352; 8; 8;Depth;5
BlockStat;28;  80; 352; 8; 8;QT_Depth;2
BlockStat;28;  80; 352; 8; 8;BT_Depth;4
BlockStat;28;  80; 352; 8; 8;MT_Depth;3
BlockStat;28;  80; 352; 8; 8;ChromaQPAdj;0
BlockStat;28;  80; 352; 8; 8;QP;38
BlockStat;28;  80; 352; 8; 8;SplitSeries;3279905
BlockStat;28;  80; 352; 8; 8;SkipFlag;0
BlockStat;28;  80; 352; 8; 8;PredMode;0
BlockStat;28;  80; 352; 8; 8;MergeFlag;0
BlockStat;28;  80; 352; 8; 8;InterDir;1
BlockStat;28;  80; 352; 8; 8;MVPIdxL0;0
BlockStat;28;  80; 352; 8; 8;RefIdxL0;0
BlockStat;28;  80; 352; 8; 8;MVDL0;   4;  -4
BlockStat;28;  80; 352; 8; 8;MVL0; 208;  20
BlockStat;28;  80; 352; 8; 8;IMVMode;1
BlockStat;28;  80; 352; 8; 8;RootCbf;0
BlockStat;28;  88; 352; 8; 8;Depth;5
BlockStat;28;  88; 352; 8; 8;QT_Depth;2
BlockStat;28;  88; 352; 8; 8;BT_Depth;4
BlockStat;28;  88; 352; 8; 8;MT_Depth;3
BlockStat;28;  88; 352; 8; 8;ChromaQPAdj;0
BlockStat;28;  88; 352; 8; 8;QP;38
BlockStat;28;  88; 352; 8; 8;SplitSeries;3279905
BlockStat;28;  88; 352; 8; 8;SkipFlag;0
BlockStat;28;  88; 352; 8; 8;PredMode;0
BlockStat;28;  88; 352; 8; 8;MergeFlag;0
BlockStat;28;  88; 352; 8; 8;InterDir;1
BlockStat;28;  88; 352; 8; 8;MVPIdxL0;0
BlockStat;28;  88; 352; 8; 8;RefIdxL0;0
BlockStat;28;  88; 352; 8; 8;MVDL0;   0;   6
BlockStat;28;  88; 352; 8; 8;MVL0; 208;  26
BlockStat;28;  88; 352; 8; 8;IMVMode;0
BlockStat;28;  88; 352; 8; 8;RootCbf;0
BlockStat;28;  80; 360; 8;16;Depth;5
BlockStat;28;  80; 360; 8;16;QT_Depth;2
BlockStat;28;  80; 360; 8;16;BT_Depth;3
BlockStat;28;  80; 360; 8;16;MT_Depth;3
BlockStat;28;  80; 360; 8;16;ChromaQPAdj;0
BlockStat;28;  80; 360; 8;16;QP;38
BlockStat;28;  80; 360; 8;16;SplitSeries;3279905
BlockStat;28;  80; 360; 8;16;SkipFlag;0
BlockStat;28;  80; 360; 8;16;PredMode;0
BlockStat;28;  80; 360; 8;16;MergeFlag;1
BlockStat;28;  80; 360; 8;16;MergeIdx;2
BlockStat;28;  80; 360; 8;16;MergeType;0
BlockStat;28;  80; 360; 8;16;MMVDMergeFlag;0
BlockStat;28;  80; 360; 8;16;AffineFlag;0
BlockStat;28;  80; 360; 8;16;MHIntraFlag;1
BlockStat;28;  80; 360; 8;16;Luma_IntraMode;0
BlockStat;28;  80; 360; 8;16;Chroma_IntraMode;70
BlockStat;28;  80; 360; 8;16;MVPIdxL0;255
BlockStat;28;  80; 360; 8;16;RefIdxL0;0
BlockStat;28;  80; 360; 8;16;MVDL0;   0;   0
BlockStat;28;  80; 360; 8;16;MVL0; 208;  26
BlockStat;28;  80; 360; 8;16;Cbf_Y;1
BlockStat;28;  80; 360; 8;16;TransformSkipFlag_Y;0
BlockStat;28;  80; 360; 8;16;Cbf_Cb;0
BlockStat;28;  80; 360; 8;16;Cbf_Cr;0
BlockStat;28;  88; 360; 8;16;Depth;5
BlockStat;28;  88; 360; 8;16;QT_Depth;2
BlockStat;28;  88; 360; 8;16;BT_Depth;3
BlockStat;28;  88; 360; 8;16;MT_Depth;3
BlockStat;28;  88; 360; 8;16;ChromaQPAdj;0
BlockStat;28;  88; 360; 8;16;QP;38
BlockStat;28;  88; 360; 8;16;SplitSeries;3279905
BlockStat;28;  88; 360; 8;16;SkipFlag;0
BlockStat;28;  88; 360; 8;16;PredMode;0
BlockStat;28;  88; 360; 8;16;MergeFlag;1
BlockStat;28;  88; 360; 8;16;MergeIdx;0
BlockStat;28;  88; 360; 8;16;MergeType;0
BlockStat;28;  88; 360; 8;16;MMVDMergeFlag;0
BlockStat;28;  88; 360; 8;16;AffineFlag;0
BlockStat;28;  88; 360; 8;16;MHIntraFlag;0
BlockStat;28;  88; 360; 8;16;MVPIdxL0;255
BlockStat;28;  88; 360; 8;16;RefIdxL0;0
BlockStat;28;  88; 360; 8;16;MVDL0;   0;   0
BlockStat;28;  88; 360; 8;16;MVL0; 208;  26
BlockStat;28;  88; 360; 8;16;Cbf_Y;1
BlockStat;28;  88; 360; 8;16;TransformSkipFlag_Y;0
BlockStat;28;  88; 360; 8;16;Cbf_Cb;0
BlockStat;28;  88; 360; 8;16;Cbf_Cr;0
BlockStat;28;  80; 376;16; 8;Depth;4
BlockStat;28;  80; 376;16; 8;QT_Depth;2
BlockStat;28;  80; 376;16; 8;BT_Depth;3
BlockStat;28;  80; 376;16; 8;MT_Depth;2
BlockStat;28;  80; 376;16; 8;ChromaQPAdj;0
BlockStat;28;  80; 376;16; 8;QP;38
BlockStat;28;  80; 376;16; 8;SplitSeries;134177
BlockStat;28;  80; 376;16; 8;SkipFlag;1
BlockStat;28;  80; 376;16; 8;MMVDSkipFlag;0
BlockStat;28;  80; 376;16; 8;PredMode;0
BlockStat;28;  80; 376;16; 8;MergeIdx;38
BlockStat;28;  80; 376;16; 8;MergeType;0
BlockStat;28;  80; 376;16; 8;MMVDMergeFlag;1
BlockStat;28;  80; 376;16; 8;MMVDMergeIdx;38
BlockStat;28;  80; 376;16; 8;MVPIdxL0;255
BlockStat;28;  80; 376;16; 8;RefIdxL0;0
BlockStat;28;  80; 376;16; 8;MVDL0;   0;   0
BlockStat;28;  80; 376;16; 8;MVL0; 208;  28
BlockStat;28;  96; 352;32;32;Depth;2
BlockStat;28;  96; 352;32;32;QT_Depth;2
BlockStat;28;  96; 352;32;32;BT_Depth;0
BlockStat;28;  96; 352;32;32;MT_Depth;0
BlockStat;28;  96; 352;32;32;ChromaQPAdj;0
BlockStat;28;  96; 352;32;32;QP;38
BlockStat;28;  96; 352;32;32;SplitSeries;33
BlockStat;28;  96; 352;32;32;SkipFlag;1
BlockStat;28;  96; 352;32;32;MMVDSkipFlag;0
BlockStat;28;  96; 352;32;32;PredMode;0
BlockStat;28;  96; 352;32;32;MergeIdx;5
BlockStat;28;  96; 352;32;32;MergeType;0
BlockStat;28;  96; 352;32;32;MMVDMergeFlag;0
BlockStat;28;  96; 352;32;32;AffineFlag;0
BlockStat;28;  96; 352;32;32;MVPIdxL0;255
BlockStat;28;  96; 352;32;32;RefIdxL0;0
BlockStat;28;  96; 352;32;32;MVDL0;   0;   0
BlockStat;28;  96; 352;32;32;MVL0; 199;  14
BlockStat;28; 128; 256; 8;32;Depth;4
BlockStat;28; 128; 256; 8;32;QT_Depth;2
BlockStat;28; 128; 256; 8;32;BT_Depth;2
BlockStat;28; 128; 256; 8;32;MT_Depth;2
BlockStat;28; 128; 256; 8;32;ChromaQPAdj;0
BlockStat;28; 128; 256; 8;32;QP;38
BlockStat;28; 128; 256; 8;32;SplitSeries;101409
BlockStat;28; 128; 256; 8;32;SkipFlag;1
BlockStat;28; 128; 256; 8;32;MMVDSkipFlag;0
BlockStat;28; 128; 256; 8;32;PredMode;0
BlockStat;28; 128; 256; 8;32;MergeIdx;5
BlockStat;28; 128; 256; 8;32;MergeType;0
BlockStat;28; 128; 256; 8;32;MMVDMergeFlag;1
BlockStat;28; 128; 256; 8;32;MMVDMergeIdx;5
BlockStat;28; 128; 256; 8;32;MVPIdxL0;255
BlockStat;28; 128; 256; 8;32;RefIdxL0;0
BlockStat;28; 128; 256; 8;32;MVDL0;   0;   0
BlockStat;28; 128; 256; 8;32;MVL0; 184;  -5
BlockStat;28; 136; 256; 8; 8;Depth;5
BlockStat;28; 136; 256; 8; 8;QT_Depth;2
BlockStat;28; 136; 256; 8; 8;BT_Depth;4
BlockStat;28; 136; 256; 8; 8;MT_Depth;3
BlockStat;28; 136; 256; 8; 8;ChromaQPAdj;0
BlockStat;28; 136; 256; 8; 8;QP;38
BlockStat;28; 136; 256; 8; 8;SplitSeries;4295713
BlockStat;28; 136; 256; 8; 8;SkipFlag;1
BlockStat;28; 136; 256; 8; 8;MMVDSkipFlag;0
BlockStat;28; 136; 256; 8; 8;PredMode;0
BlockStat;28; 136; 256; 8; 8;MergeIdx;2
BlockStat;28; 136; 256; 8; 8;MergeType;0
BlockStat;28; 136; 256; 8; 8;MMVDMergeFlag;0
BlockStat;28; 136; 256; 8; 8;AffineFlag;0
BlockStat;28; 136; 256; 8; 8;MVPIdxL0;255
BlockStat;28; 136; 256; 8; 8;RefIdxL0;0
BlockStat;28; 136; 256; 8; 8;MVPIdxL1;255
BlockStat;28; 136; 256; 8; 8;RefIdxL1;0
BlockStat;28; 136; 256; 8; 8;MVDL0;   0;   0
BlockStat;28; 136; 256; 8; 8;MVL0; 184;  17
BlockStat;28; 136; 256; 8; 8;MVDL1;   0;   0
BlockStat;28; 136; 256; 8; 8;MVL1; 184;  17
BlockStat;28; 136; 264; 8;16;Depth;5
BlockStat;28; 136; 264; 8;16;QT_Depth;2
BlockStat;28; 136; 264; 8;16;BT_Depth;3
BlockStat;28; 136; 264; 8;16;MT_Depth;3
BlockStat;28; 136; 264; 8;16;ChromaQPAdj;0
BlockStat;28; 136; 264; 8;16;QP;38
BlockStat;28; 136; 264; 8;16;SplitSeries;4295713
BlockStat;28; 136; 264; 8;16;SkipFlag;0
BlockStat;28; 136; 264; 8;16;PredMode;0
BlockStat;28; 136; 264; 8;16;MergeFlag;0
BlockStat;28; 136; 264; 8;16;InterDir;1
BlockStat;28; 136; 264; 8;16;MVPIdxL0;0
BlockStat;28; 136; 264; 8;16;RefIdxL0;0
BlockStat;28; 136; 264; 8;16;MVDL0;  -1;  -9
BlockStat;28; 136; 264; 8;16;MVL0; 182; -14
BlockStat;28; 136; 264; 8;16;IMVMode;0
BlockStat;28; 136; 264; 8;16;RootCbf;1
BlockStat;28; 136; 264; 4;16;Cbf_Y;0
BlockStat;28; 136; 264; 4;16;TransformSkipFlag_Y;0
BlockStat;28; 136; 264; 4;16;Cbf_Cb;0
BlockStat;28; 136; 264; 4;16;Cbf_Cr;0
BlockStat;28; 140; 264; 4;16;Cbf_Y;2
BlockStat;28; 140; 264; 4;16;TransformSkipFlag_Y;0
BlockStat;28; 140; 264; 4;16;Cbf_Cb;0
BlockStat;28; 140; 264; 4;16;Cbf_Cr;0
BlockStat;28; 136; 280; 8; 8;Depth;5
BlockStat;28; 136; 280; 8; 8;QT_Depth;2
BlockStat;28; 136; 280; 8; 8;BT_Depth;4
BlockStat;28; 136; 280; 8; 8;MT_Depth;3
BlockStat;28; 136; 280; 8; 8;ChromaQPAdj;0
BlockStat;28; 136; 280; 8; 8;QP;38
BlockStat;28; 136; 280; 8; 8;SplitSeries;4295713
BlockStat;28; 136; 280; 8; 8;SkipFlag;0
BlockStat;28; 136; 280; 8; 8;PredMode;1
BlockStat;28; 136; 280; 8; 8;Luma_IntraMode;0
BlockStat;28; 136; 280; 8; 8;Chroma_IntraMode;0
BlockStat;28; 136; 280; 8; 8;MultiRefIdx;0
BlockStat;28; 136; 280; 8; 8;Cbf_Y;1
BlockStat;28; 136; 280; 8; 8;TransformSkipFlag_Y;2
BlockStat;28; 136; 280; 8; 8;Cbf_Cb;0
BlockStat;28; 136; 280; 8; 8;Cbf_Cr;0
BlockStat;28; 144; 256; 8; 8;Depth;5
BlockStat;28; 144; 256; 8; 8;QT_Depth;2
BlockStat;28; 144; 256; 8; 8;BT_Depth;4
BlockStat;28; 144; 256; 8; 8;MT_Depth;3
BlockStat;28; 144; 256; 8; 8;ChromaQPAdj;0
BlockStat;28; 144; 256; 8; 8;QP;38
BlockStat;28; 144; 256; 8; 8;SplitSeries;4295713
BlockStat;28; 144; 256; 8; 8;SkipFlag;0
BlockStat;28; 144; 256; 8; 8;PredMode;1
BlockStat;28; 144; 256; 8; 8;Luma_IntraMode;0
BlockStat;28; 144; 256; 8; 8;Chroma_IntraMode;0
BlockStat;28; 144; 256; 8; 8;MultiRefIdx;0
BlockStat;28; 144; 256; 2; 8;Cbf_Y;0
BlockStat;28; 144; 256; 2; 8;TransformSkipFlag_Y;0
BlockStat;28;   0;   0; 0; 0;Cbf_Cb;0
BlockStat;28;   0;   0; 0; 0;Cbf_Cr;0
BlockStat;28; 146; 256; 2; 8;Cbf_Y;0
BlockStat;28; 146; 256; 2; 8;TransformSkipFlag_Y;0
BlockStat;28;   0;   0; 0; 0;Cbf_Cb;0
BlockStat;28;   0;   0; 0; 0;Cbf_Cr;0
BlockStat;28; 148; 256; 2; 8;Cbf_Y;2
BlockStat;28; 148; 256; 2; 8;TransformSkipFlag_Y;0
BlockStat;28;   0;   0; 0; 0;Cbf_Cb;0
BlockStat;28;   0;   0; 0; 0;Cbf_Cr;0
BlockStat;28; 150; 256; 2; 8;Cbf_Y;2
BlockStat;28; 150; 256; 2; 8;TransformSkipFlag_Y;0
BlockStat;28; 144; 256; 8; 8;Cbf_Cb;0
BlockStat;28; 144; 256; 8; 8;Cbf_Cr;0
BlockStat;28; 144; 264; 8;16;Depth;5
BlockStat;28; 144; 264; 8;16;QT_Depth;2
BlockStat;28; 144; 264; 8;16;BT_Depth;3
BlockStat;28; 144; 264; 8;16;MT_Depth;3
BlockStat;28; 144; 264; 8;16;ChromaQPAdj;0
BlockStat;28; 144; 264; 8;16;QP;38
BlockStat;28; 144; 264; 8;16;SplitSeries;4295713
BlockStat;28; 144; 264; 8;16;SkipFlag;0
BlockStat;28; 144; 264; 8;16;PredMode;1
BlockStat;28; 144; 264; 8;16;Luma_IntraMode;3
BlockStat;28; 144; 264; 8;16;Chroma_IntraMode;0
BlockStat;28; 144; 264; 8;16;MultiRefIdx;0
BlockStat;28; 144; 264; 8;16;Cbf_Y;1
BlockStat;28; 144; 264; 8;16;TransformSkipFlag_Y;2
BlockStat;28; 144; 264; 8;16;Cbf_Cb;1
BlockStat;28; 144; 264; 8;16;Cbf_Cr;0
BlockStat;28; 144; 280; 8; 8;Depth;5
BlockStat;28; 144; 280; 8; 8;QT_Depth;2
BlockStat;28; 144; 280; 8; 8;BT_Depth;4
BlockStat;28; 144; 280; 8; 8;MT_Depth;3
BlockStat;28; 144; 280; 8; 8;ChromaQPAdj;0
BlockStat;28; 144; 280; 8; 8;QP;38
BlockStat;28; 144; 280; 8; 8;SplitSeries;4295713
BlockStat;28; 144; 280; 8; 8;SkipFlag;0
BlockStat;28; 144; 280; 8; 8;PredMode;0
BlockStat;28; 144; 280; 8; 8;MergeFlag;0
BlockStat;28; 144; 280; 8; 8;InterDir;1
BlockStat;28; 144; 280; 8; 8;MVPIdxL0;0
BlockStat;28; 144; 280; 8; 8;RefIdxL0;0
BlockStat;28; 144; 280; 8; 8;MVDL0;  -8;  -8
BlockStat;28; 144; 280; 8; 8;MVL0; 172; -20
BlockStat;28; 144; 280; 8; 8;IMVMode;1
BlockStat;28; 144; 280; 8; 8;RootCbf;0
BlockStat;28; 152; 256; 8; 8;Depth;5
BlockStat;28; 152; 256; 8; 8;QT_Depth;2
BlockStat;28; 152; 256; 8; 8;BT_Depth;4
BlockStat;28; 152; 256; 8; 8;MT_Depth;3
BlockStat;28; 152; 256; 8; 8;ChromaQPAdj;0
BlockStat;28; 152; 256; 8; 8;QP;38
BlockStat;28; 152; 256; 8; 8;SplitSeries;4295713
BlockStat;28; 152; 256; 8; 8;SkipFlag;0
BlockStat;28; 152; 256; 8; 8;PredMode;1
BlockStat;28; 152; 256; 8; 8;Luma_IntraMode;66
BlockStat;28; 152; 256; 8; 8;Chroma_IntraMode;67
BlockStat;28; 152; 256; 8; 8;MultiRefIdx;0
BlockStat;28; 152; 256; 8; 8;Cbf_Y;1
BlockStat;28; 152; 256; 8; 8;TransformSkipFlag_Y;2
BlockStat;28; 152; 256; 8; 8;Cbf_Cb;0
BlockStat;28; 152; 256; 8; 8;Cbf_Cr;0
BlockStat;28; 152; 264; 8;16;Depth;5
BlockStat;28; 152; 264; 8;16;QT_Depth;2
BlockStat;28; 152; 264; 8;16;BT_Depth;3
BlockStat;28; 152; 264; 8;16;MT_Depth;3
BlockStat;28; 152; 264; 8;16;ChromaQPAdj;0
BlockStat;28; 152; 264; 8;16;QP;38
BlockStat;28; 152; 264; 8;16;SplitSeries;4295713
BlockStat;28; 152; 264; 8;16;SkipFlag;0
BlockStat;28; 152; 264; 8;16;PredMode;1
BlockStat;28; 152; 264; 8;16;Luma_IntraMode;0
BlockStat;28; 152; 264; 8;16;Chroma_IntraMode;0
BlockStat;28; 152; 264; 8;16;MultiRefIdx;0
BlockStat;28; 152; 264; 8;16;Cbf_Y;1
BlockStat;28; 152; 264; 8;16;TransformSkipFlag_Y;0
BlockStat;28; 152; 264; 8;16;Cbf_Cb;0
BlockStat;28; 152; 264; 8;16;Cbf_Cr;0
BlockStat;28; 152; 280; 8; 8;Depth;5
BlockStat;28; 152; 280; 8; 8;QT_Depth;2
BlockStat;28; 152; 280; 8; 8;BT_Depth;4
BlockStat;28; 152; 280; 8; 8;MT_Depth;3
BlockStat;28; 152; 280; 8; 8;ChromaQPAdj;0
BlockStat;28; 152; 280; 8; 8;QP;38
BlockStat;28; 152; 280; 8; 8;SplitSeries;4295713
BlockStat;28; 152; 280; 8; 8;SkipFlag;0
BlockStat;28; 152; 280; 8; 8;PredMode;0
BlockStat;28; 152; 280; 8; 8;MergeFlag;0
BlockStat;28; 152; 280; 8; 8;InterDir;1
BlockStat;28; 152; 280; 8; 8;MVPIdxL0;0
BlockStat;28; 152; 280; 8; 8;RefIdxL0;0
BlockStat;28; 152; 280; 8; 8;MVDL0; -14;  -4
BlockStat;28; 152; 280; 8; 8;MVL0; 158; -24
BlockStat;28; 152; 280; 8; 8;IMVMode;3
BlockStat;28; 152; 280; 8; 8;RootCbf;0
BlockStat;28; 160; 256; 8; 4;Depth;6
BlockStat;28; 160; 256; 8; 4;QT_Depth;3
BlockStat;28; 160; 256; 8; 4;BT_Depth;3
BlockStat;28; 160; 256; 8; 4;MT_Depth;3
BlockStat;28; 160; 256; 8; 4;ChromaQPAdj;0
BlockStat;28; 160; 256; 8; 4;QP;38
BlockStat;28; 160; 256; 8; 4;SplitSeries;69305377
BlockStat;28; 160; 256; 8; 4;SkipFlag;0
BlockStat;28; 160; 256; 8; 4;PredMode;1
BlockStat;28; 160; 256; 8; 4;Luma_IntraMode;6
BlockStat;28; 160; 256; 8; 4;MultiRefIdx;0
BlockStat;28; 160; 256; 8; 4;Cbf_Y;1
BlockStat;28; 160; 256; 8; 4;TransformSkipFlag_Y;2
BlockStat;28; 160; 260; 8; 4;Depth;6
BlockStat;28; 160; 260; 8; 4;QT_Depth;3
BlockStat;28; 160; 260; 8; 4;BT_Depth;3
BlockStat;28; 160; 260; 8; 4;MT_Depth;3
BlockStat;28; 160; 260; 8; 4;ChromaQPAdj;0
BlockStat;28; 160; 260; 8; 4;QP;38
BlockStat;28; 160; 260; 8; 4;SplitSeries;69305377
BlockStat;28; 160; 260; 8; 4;SkipFlag;0
BlockStat;28; 160; 260; 8; 4;PredMode;1
BlockStat;28; 160; 260; 8; 4;Luma_IntraMode;5
BlockStat;28; 160; 260; 8; 4;MultiRefIdx;0
BlockStat;28; 160; 260; 8; 4;Cbf_Y;1
BlockStat;28; 160; 260; 8; 4;TransformSkipFlag_Y;2
BlockStat;28;   0;   0; 0; 0;Depth;5
BlockStat;28;   0;   0; 0; 0;QT_Depth;3
BlockStat;28;   0;   0; 0; 0;BT_Depth;2
BlockStat;28;   0;   0; 0; 0;MT_Depth;2
BlockStat;28;   0;   0; 0; 0;ChromaQPAdj;0
BlockStat;28;   0;   0; 0; 0;QP;38
BlockStat;28;   0;   0; 0; 0;SplitSeries;2196513
BlockStat;28;   0;   0; 0; 0;PredMode;1
BlockStat;28; 160; 256; 8; 8;Chroma_IntraMode;5
BlockStat;28; 160; 256; 8; 8;Cbf_Cb;0
BlockStat;28; 160; 256; 8; 8;Cbf_Cr;0
BlockStat;28; 160; 264; 8; 4;Depth;6
BlockStat;28; 160; 264; 8; 4;QT_Depth;3
BlockStat;28; 160; 264; 8; 4;BT_Depth;3
BlockStat;28; 160; 264; 8; 4;MT_Depth;3
BlockStat;28; 160; 264; 8; 4;ChromaQPAdj;0
BlockStat;28; 160; 264; 8; 4;QP;38
BlockStat;28; 160; 264; 8; 4;SplitSeries;69305377
BlockStat;28; 160; 264; 8; 4;SkipFlag;0
BlockStat;28; 160; 264; 8; 4;PredMode;1
BlockStat;28; 160; 264; 8; 4;Luma_IntraMode;0
BlockStat;28; 160; 264; 8; 4;MultiRefIdx;0
BlockStat;28; 160; 264; 8; 4;Cbf_Y;1
BlockStat;28; 160; 264; 8; 4;TransformSkipFlag_Y;2
BlockStat;28; 160; 268; 8; 4;Depth;6
BlockStat;28; 160; 268; 8; 4;QT_Depth;3
BlockStat;28; 160; 268; 8; 4;BT_Depth;3
BlockStat;28; 160; 268; 8; 4;MT_Depth;3
BlockStat;28; 160; 268; 8; 4;ChromaQPAdj;0
BlockStat;28; 160; 268; 8; 4;QP;38
BlockStat;28; 160; 268; 8; 4;SplitSeries;69305377
BlockStat;28; 160; 268; 8; 4;SkipFlag;0
BlockStat;28; 160; 268; 8; 4;PredMode;1
BlockStat;28; 160; 268; 8; 4;Luma_IntraMode;6
BlockStat;28; 160; 268; 8; 4;MultiRefIdx;0
BlockStat;28; 160; 268; 8; 4;Cbf_Y;1
BlockStat;28; 160; 268; 8; 4;TransformSkipFlag_Y;2
BlockStat;28;   0;   0; 0; 0;Depth;5
BlockStat;28;   0;   0; 0; 0;QT_Depth;3
BlockStat;28;   0;   0; 0; 0;BT_Depth;2
BlockStat;28;   0;   0; 0; 0;MT_Depth;2
BlockStat;28;   0;   0; 0; 0;ChromaQPAdj;0
BlockStat;28;   0;   0; 0; 0;QP;38
BlockStat;28;   0;   0; 0; 0;SplitSeries;2196513
BlockStat;28;   0;   0; 0; 0;PredMode;1
BlockStat;28; 160; 264; 8; 8;Chroma_IntraMode;0
BlockStat;28; 160; 264; 8; 8;Cbf_Cb;0
BlockStat;28; 160; 264; 8; 8;Cbf_Cr;0
BlockStat;28; 168; 256; 8;16;Depth;4
BlockStat;28; 168; 256; 8;16;QT_Depth;3
BlockStat;28; 168; 256; 8;16;BT_Depth;1
BlockStat;28; 168; 256; 8;16;MT_Depth;1
BlockStat;28; 168; 256; 8;16;ChromaQPAdj;0
BlockStat;28; 168; 256; 8;16;QP;38
BlockStat;28; 168; 256; 8;16;SplitSeries;99361
BlockStat;28; 168; 256; 8;16;SkipFlag;0
BlockStat;28; 168; 256; 8;16;PredMode;1
BlockStat;28; 168; 256; 8;16;Luma_IntraMode;0
BlockStat;28; 168; 256; 8;16;Chroma_IntraMode;0
BlockStat;28; 168; 256; 8;16;MultiRefIdx;0
BlockStat;28; 168; 256; 8; 4;Cbf_Y;0
BlockStat;28; 168; 256; 8; 4;TransformSkipFlag_Y;0
BlockStat;28;   0;   0; 0; 0;Cbf_Cb;0
BlockStat;28;   0;   0; 0; 0;Cbf_Cr;0
BlockStat;28; 168; 260; 8; 4;Cbf_Y;2
BlockStat;28; 168; 260; 8; 4;TransformSkipFlag_Y;0
BlockStat;28;   0;   0; 0; 0;Cbf_Cb;0
BlockStat;28;   0;   0; 0; 0;Cbf_Cr;0
BlockStat;28; 168; 264; 8; 4;Cbf_Y;2
BlockStat;28; 168; 264; 8; 4;TransformSkipFlag_Y;0
BlockStat;28;   0;   0; 0; 0;Cbf_Cb;0
BlockStat;28;   0;   0; 0; 0;Cbf_Cr;0
BlockStat;28; 168; 268; 8; 4;Cbf_Y;2
BlockStat;28; 168; 268; 8; 4;TransformSkipFlag_Y;0
BlockStat;28; 168; 256; 8;16;Cbf_Cb;0
BlockStat;28; 168; 256; 8;16;Cbf_Cr;0
BlockStat;28; 176; 256;16; 8;Depth;4
BlockStat;28; 176; 256;16; 8;QT_Depth;3
BlockStat;28; 176; 256;16; 8;BT_Depth;1
BlockStat;28; 176; 256;16; 8;MT_Depth;1
BlockStat;28; 176; 256;16; 8;ChromaQPAdj;0
BlockStat;28; 176; 256;16; 8;QP;38
BlockStat;28; 176; 256;16; 8;SplitSeries;66593
BlockStat;28; 176; 256;16; 8;SkipFlag;0
BlockStat;28; 176; 256;16; 8;PredMode;1
BlockStat;28; 176; 256;16; 8;Luma_IntraMode;64
BlockStat;28; 176; 256;16; 8;Chroma_IntraMode;64
BlockStat;28; 176; 256;16; 8;MultiRefIdx;0
BlockStat;28; 176; 256;16; 8;Cbf_Y;1
BlockStat;28; 176; 256;16; 8;TransformSkipFlag_Y;0
BlockStat;28; 176; 256;16; 8;Cbf_Cb;0
BlockStat;28; 176; 256;16; 8;Cbf_Cr;0
BlockStat;28; 176; 264;16; 8;Depth;4
BlockStat;28; 176; 264;16; 8;QT_Depth;3
BlockStat;28; 176; 264;16; 8;BT_Depth;1
BlockStat;28; 176; 264;16; 8;MT_Depth;1
BlockStat;28; 176; 264;16; 8;ChromaQPAdj;0
BlockStat;28; 176; 264;16; 8;QP;38
BlockStat;28; 176; 264;16; 8;SplitSeries;66593
BlockStat;28; 176; 264;16; 8;SkipFlag;0
BlockStat;28; 176; 264;16; 8;PredMode;1
BlockStat;28; 176; 264;16; 8;Luma_IntraMode;65
BlockStat;28; 176; 264;16; 8;Chroma_IntraMode;67
BlockStat;28; 176; 264;16; 8;MultiRefIdx;3
BlockStat;28; 176; 264;16; 8;Cbf_Y;1
BlockStat;28; 176; 264;16; 8;TransformSkipFlag_Y;0
BlockStat;28; 176; 264;16; 8;Cbf_Cb;1
BlockStat;28; 176; 264;16; 8;Cbf_Cr;1
BlockStat;28; 160; 272; 8;16;Depth;4
BlockStat;28; 160; 272; 8;16;QT_Depth;3
BlockStat;28; 160; 272; 8;16;BT_Depth;1
BlockStat;28; 160; 272; 8;16;MT_Depth;1
BlockStat;28; 160; 272; 8;16;ChromaQPAdj;0
BlockStat;28; 160; 272; 8;16;QP;38
BlockStat;28; 160; 272; 8;16;SplitSeries;99361
BlockStat;28; 160; 272; 8;16;SkipFlag;0
BlockStat;28; 160; 272; 8;16;PredMode;0
BlockStat;28; 160; 272; 8;16;MergeFlag;1
BlockStat;28; 160; 272; 8;16;MergeIdx;0
BlockStat;28; 160; 272; 8;16;MergeType;0
BlockStat;28; 160; 272; 8;16;MMVDMergeFlag;0
BlockStat;28; 160; 272; 8;16;AffineFlag;0
BlockStat;28; 160; 272; 8;16;MHIntraFlag;0
BlockStat;28; 160; 272; 8;16;MVPIdxL0;255
BlockStat;28; 160; 272; 8;16;RefIdxL0;0
BlockStat;28; 160; 272; 8;16;MVDL0;   0;   0
BlockStat;28; 160; 272; 8;16;MVL0; 158; -24
BlockStat;28; 160; 272; 8; 4;Cbf_Y;2
BlockStat;28; 160; 272; 8; 4;TransformSkipFlag_Y;0
BlockStat;28; 160; 272; 8; 4;Cbf_Cb;0
BlockStat;28; 160; 272; 8; 4;Cbf_Cr;0
BlockStat;28; 160; 276; 8;12;Cbf_Y;0
BlockStat;28; 160; 276; 8;12;TransformSkipFlag_Y;0
BlockStat;28; 160; 276; 8;12;Cbf_Cb;0
BlockStat;28; 160; 276; 8;12;Cbf_Cr;0
BlockStat;28; 168; 272; 8;16;Depth;4
BlockStat;28; 168; 272; 8;16;QT_Depth;3
BlockStat;28; 168; 272; 8;16;BT_Depth;1
BlockStat;28; 168; 272; 8;16;MT_Depth;1
BlockStat;28; 168; 272; 8;16;ChromaQPAdj;0
BlockStat;28; 168; 272; 8;16;QP;38
BlockStat;28; 168; 272; 8;16;SplitSeries;99361
BlockStat;28; 168; 272; 8;16;SkipFlag;1
BlockStat;28; 168; 272; 8;16;MMVDSkipFlag;0
BlockStat;28; 168; 272; 8;16;PredMode;0
BlockStat;28; 168; 272; 8;16;MergeIdx;0
BlockStat;28; 168; 272; 8;16;MergeType;0
BlockStat;28; 168; 272; 8;16;MMVDMergeFlag;0
BlockStat;28; 168; 272; 8;16;AffineFlag;0
BlockStat;28; 168; 272; 8;16;MVPIdxL0;255
BlockStat;28; 168; 272; 8;16;RefIdxL0;0
BlockStat;28; 168; 272; 8;16;MVDL0;   0;   0
BlockStat;28; 168; 272; 8;16;MVL0; 158; -24
BlockStat;28; 176; 272;16;16;Depth;3
BlockStat;28; 176; 272;16;16;QT_Depth;3
BlockStat;28; 176; 272;16;16;BT_Depth;0
BlockStat;28; 176; 272;16;16;MT_Depth;0
BlockStat;28; 176; 272;16;16;ChromaQPAdj;0
BlockStat;28; 176; 272;16;16;QP;38
BlockStat;28; 176; 272;16;16;SplitSeries;1057
BlockStat;28; 176; 272;16;16;SkipFlag;1
BlockStat;28; 176; 272;16;16;MMVDSkipFlag;0
BlockStat;28; 176; 272;16;16;PredMode;0
BlockStat;28; 176; 272;16;16;MergeIdx;0
BlockStat;28; 176; 272;16;16;MergeType;0
BlockStat;28; 176; 272;16;16;MMVDMergeFlag;0
BlockStat;28; 176; 272;16;16;AffineFlag;0
BlockStat;28; 176; 272;16;16;MVPIdxL0;255
BlockStat;28; 176; 272;16;16;RefIdxL0;0
BlockStat;28; 176; 272;16;16;MVDL0;   0;   0
BlockStat;28; 176; 272;16;16;MVL0; 158; -24
BlockStat;28; 128; 288; 8;16;Depth;4
BlockStat;28; 128; 288; 8;16;QT_Depth;2
BlockStat;28; 128; 288; 8;16;BT_Depth;3
BlockStat;28; 128; 288; 8;16;MT_Depth;2
BlockStat;28; 128; 288; 8;16;ChromaQPAdj;0
BlockStat;28; 128; 288; 8;16;QP;38
BlockStat;28; 128; 288; 8;16;SplitSeries;70689
BlockStat;28; 128; 288; 8;16;SkipFlag;1
BlockStat;28; 128; 288; 8;16;MMVDSkipFlag;0
BlockStat;28; 128; 288; 8;16;PredMode;0
BlockStat;28; 128; 288; 8;16;MergeIdx;2
BlockStat;28; 128; 288; 8;16;MergeType;0
BlockStat;28; 128; 288; 8;16;MMVDMergeFlag;0
BlockStat;28; 128; 288; 8;16;AffineFlag;0
BlockStat;28; 128; 288; 8;16;MVPIdxL0;255
BlockStat;28; 128; 288; 8;16;RefIdxL0;0
BlockStat;28; 128; 288; 8;16;MVDL0;   0;   0
BlockStat;28; 128; 288; 8;16;MVL0; 187;  -3
BlockStat;28; 128; 304; 8; 8;Depth;5
BlockStat;28; 128; 304; 8; 8;QT_Depth;2
BlockStat;28; 128; 304; 8; 8;BT_Depth;4
BlockStat;28; 128; 304; 8; 8;MT_Depth;3
BlockStat;28; 128; 304; 8; 8;ChromaQPAdj;0
BlockStat;28; 128; 304; 8; 8;QP;38
BlockStat;28; 128; 304; 8; 8;SplitSeries;2167841
BlockStat;28; 128; 304; 8; 8;SkipFlag;0
BlockStat;28; 128; 304; 8; 8;PredMode;1
BlockStat;28; 128; 304; 8; 8;Luma_IntraMode;0
BlockStat;28; 128; 304; 8; 8;Chroma_IntraMode;0
BlockStat;28; 128; 304; 8; 8;MultiRefIdx;0
BlockStat;28; 128; 304; 8; 8;Cbf_Y;1
BlockStat;28; 128; 304; 8; 8;TransformSkipFlag_Y;2
BlockStat;28; 128; 304; 8; 8;Cbf_Cb;0
BlockStat;28; 128; 304; 8; 8;Cbf_Cr;0
BlockStat;28; 128; 312; 8; 8;Depth;5
BlockStat;28; 128; 312; 8; 8;QT_Depth;2
BlockStat;28; 128; 312; 8; 8;BT_Depth;4
BlockStat;28; 128; 312; 8; 8;MT_Depth;3
BlockStat;28; 128; 312; 8; 8;ChromaQPAdj;0
BlockStat;28; 128; 312; 8; 8;QP;38
BlockStat;28; 128; 312; 8; 8;SplitSeries;2167841
BlockStat;28; 128; 312; 8; 8;SkipFlag;1
BlockStat;28; 128; 312; 8; 8;MMVDSkipFlag;0
BlockStat;28; 128; 312; 8; 8;PredMode;0
BlockStat;28; 128; 312; 8; 8;MergeIdx;1
BlockStat;28; 128; 312; 8; 8;MergeType;0
BlockStat;28; 128; 312; 8; 8;MMVDMergeFlag;0
BlockStat;28; 128; 312; 8; 8;AffineFlag;1
BlockStat;28; 128; 312; 8; 8;MVPIdxL0;0
BlockStat;28; 128; 312; 8; 8;RefIdxL0;0
BlockStat;28; 128; 312; 8; 8;AffineMVL0; 185;  -4; 183;  -6; 186;  -4
BlockStat;28; 136; 288; 8;16;Depth;5
BlockStat;28; 136; 288; 8;16;QT_Depth;2
BlockStat;28; 136; 288; 8;16;BT_Depth;3
BlockStat;28; 136; 288; 8;16;MT_Depth;3
BlockStat;28; 136; 288; 8;16;ChromaQPAdj;0
BlockStat;28; 136; 288; 8;16;QP;38
BlockStat;28; 136; 288; 8;16;SplitSeries;3216417
BlockStat;28; 136; 288; 8;16;SkipFlag;0
BlockStat;28; 136; 288; 8;16;PredMode;0
BlockStat;28; 136; 288; 8;16;MergeFlag;1
BlockStat;28; 136; 288; 8;16;MergeIdx;1
BlockStat;28; 136; 288; 8;16;MergeType;0
BlockStat;28; 136; 288; 8;16;MMVDMergeFlag;0
BlockStat;28; 136; 288; 8;16;AffineFlag;0
BlockStat;28; 136; 288; 8;16;MHIntraFlag;0
BlockStat;28; 136; 288; 8;16;MVPIdxL0;255
BlockStat;28; 136; 288; 8;16;RefIdxL0;0
BlockStat: POC 28 @( 136, 288) [ 8x16] TrianglePartitioning={   0,  16,   8,   0}
BlockStat: POC 28 @[(136, 288)--(144, 288)--(136, 304)--] TriangleMVL0={ 187,  -3}
BlockStat: POC 28 @[(144, 288)--(136, 304)--(144, 304)--] TriangleMVL0={ 172, -20}
BlockStat;28; 136; 288; 8;16;Cbf_Y;1
BlockStat;28; 136; 288; 8;16;TransformSkipFlag_Y;0
BlockStat;28; 136; 288; 8;16;Cbf_Cb;0
BlockStat;28; 136; 288; 8;16;Cbf_Cr;0
BlockStat;28; 144; 288; 8;16;Depth;5
BlockStat;28; 144; 288; 8;16;QT_Depth;2
BlockStat;28; 144; 288; 8;16;BT_Depth;3
BlockStat;28; 144; 288; 8;16;MT_Depth;3
BlockStat;28; 144; 288; 8;16;ChromaQPAdj;0
BlockStat;28; 144; 288; 8;16;QP;38
BlockStat;28; 144; 288; 8;16;SplitSeries;3216417
BlockStat;28; 144; 288; 8;16;SkipFlag;1
BlockStat;28; 144; 288; 8;16;MMVDSkipFlag;0
BlockStat;28; 144; 288; 8;16;PredMode;0
BlockStat;28; 144; 288; 8;16;MergeIdx;0
BlockStat;28; 144; 288; 8;16;MergeType;0
BlockStat;28; 144; 288; 8;16;MMVDMergeFlag;0
BlockStat;28; 144; 288; 8;16;AffineFlag;0
BlockStat;28; 144; 288; 8;16;MVPIdxL0;255
BlockStat;28; 144; 288; 8;16;RefIdxL0;0
BlockStat;28; 144; 288; 8;16;MVDL0;   0;   0
BlockStat;28; 144; 288; 8;16;MVL0; 172; -20
BlockStat;28; 136; 304;16;16;Depth;4
BlockStat;28; 136; 304;16;16;QT_Depth;2
BlockStat;28; 136; 304;16;16;BT_Depth;2
BlockStat;28; 136; 304;16;16;MT_Depth;2
BlockStat;28; 136; 304;16;16;ChromaQPAdj;0
BlockStat;28; 136; 304;16;16;QP;38
BlockStat;28; 136; 304;16;16;SplitSeries;70689
BlockStat;28; 136; 304;16;16;SkipFlag;1
BlockStat;28; 136; 304;16;16;MMVDSkipFlag;0
BlockStat;28; 136; 304;16;16;PredMode;0
BlockStat;28; 136; 304;16;16;MergeIdx;15
BlockStat;28; 136; 304;16;16;MergeType;0
BlockStat;28; 136; 304;16;16;MMVDMergeFlag;1
BlockStat;28; 136; 304;16;16;MMVDMergeIdx;15
BlockStat;28; 136; 304;16;16;MVPIdxL0;255
BlockStat;28; 136; 304;16;16;RefIdxL0;0
BlockStat;28; 136; 304;16;16;MVDL0;   0;   0
BlockStat;28; 136; 304;16;16;MVL0; 183; -14
BlockStat;28; 152; 288; 8;16;Depth;4
BlockStat;28; 152; 288; 8;16;QT_Depth;2
BlockStat;28; 152; 288; 8;16;BT_Depth;3
BlockStat;28; 152; 288; 8;16;MT_Depth;2
BlockStat;28; 152; 288; 8;16;ChromaQPAdj;0
BlockStat;28; 152; 288; 8;16;QP;38
BlockStat;28; 152; 288; 8;16;SplitSeries;70689
BlockStat;28; 152; 288; 8;16;SkipFlag;1
BlockStat;28; 152; 288; 8;16;MMVDSkipFlag;0
BlockStat;28; 152; 288; 8;16;PredMode;0
BlockStat;28; 152; 288; 8;16;MergeIdx;0
BlockStat;28; 152; 288; 8;16;MergeType;0
BlockStat;28; 152; 288; 8;16;MMVDMergeFlag;0
BlockStat;28; 152; 288; 8;16;AffineFlag;0
BlockStat;28; 152; 288; 8;16;MVPIdxL0;255
BlockStat;28; 152; 288; 8;16;RefIdxL0;0
BlockStat;28; 152; 288; 8;16;MVDL0;   0;   0
BlockStat;28; 152; 288; 8;16;MVL0; 172; -20
BlockStat;28; 152; 304; 8; 4;Depth;5
BlockStat;28; 152; 304; 8; 4;QT_Depth;2
BlockStat;28; 152; 304; 8; 4;BT_Depth;5
BlockStat;28; 152; 304; 8; 4;MT_Depth;3
BlockStat;28; 152; 304; 8; 4;ChromaQPAdj;0
BlockStat;28; 152; 304; 8; 4;QP;38
BlockStat;28; 152; 304; 8; 4;SplitSeries;4264993
BlockStat;28; 152; 304; 8; 4;SkipFlag;1
BlockStat;28; 152; 304; 8; 4;MMVDSkipFlag;0
BlockStat;28; 152; 304; 8; 4;PredMode;0
BlockStat;28; 152; 304; 8; 4;MergeIdx;0
BlockStat;28; 152; 304; 8; 4;MergeType;0
BlockStat;28; 152; 304; 8; 4;MMVDMergeFlag;0
BlockStat;28; 152; 304; 8; 4;MVPIdxL0;255
BlockStat;28; 152; 304; 8; 4;RefIdxL0;0
BlockStat;28; 152; 304; 8; 4;MVDL0;   0;   0
BlockStat;28; 152; 304; 8; 4;MVL0; 183; -14
BlockStat;28; 152; 308; 8; 8;Depth;5
BlockStat;28; 152; 308; 8; 8;QT_Depth;2
BlockStat;28; 152; 308; 8; 8;BT_Depth;4
BlockStat;28; 152; 308; 8; 8;MT_Depth;3
BlockStat;28; 152; 308; 8; 8;ChromaQPAdj;0
BlockStat;28; 152; 308; 8; 8;QP;38
BlockStat;28; 152; 308; 8; 8;SplitSeries;4264993
BlockStat;28; 152; 308; 8; 8;SkipFlag;1
BlockStat;28; 152; 308; 8; 8;MMVDSkipFlag;0
BlockStat;28; 152; 308; 8; 8;PredMode;0
BlockStat;28; 152; 308; 8; 8;MergeIdx;0
BlockStat;28; 152; 308; 8; 8;MergeType;0
BlockStat;28; 152; 308; 8; 8;MMVDMergeFlag;0
BlockStat;28; 152; 308; 8; 8;AffineFlag;0
BlockStat;28; 152; 308; 8; 8;MVPIdxL0;255
BlockStat;28; 152; 308; 8; 8;RefIdxL0;0
BlockStat;28; 152; 308; 8; 8;MVDL0;   0;   0
BlockStat;28; 152; 308; 8; 8;MVL0; 183; -14
BlockStat;28; 152; 316; 8; 4;Depth;5
BlockStat;28; 152; 316; 8; 4;QT_Depth;2
BlockStat;28; 152; 316; 8; 4;BT_Depth;5
BlockStat;28; 152; 316; 8; 4;MT_Depth;3
BlockStat;28; 152; 316; 8; 4;ChromaQPAdj;0
BlockStat;28; 152; 316; 8; 4;QP;38
BlockStat;28; 152; 316; 8; 4;SplitSeries;4264993
BlockStat;28; 152; 316; 8; 4;SkipFlag;0
BlockStat;28; 152; 316; 8; 4;PredMode;0
BlockStat;28; 152; 316; 8; 4;MergeFlag;0
BlockStat;28; 152; 316; 8; 4;InterDir;1
BlockStat;28; 152; 316; 8; 4;MVPIdxL0;1
BlockStat;28; 152; 316; 8; 4;RefIdxL0;0
BlockStat;28; 152; 316; 8; 4;MVDL0;   0;   1
BlockStat;28; 152; 316; 8; 4;MVL0; 182; -13
BlockStat;28; 152; 316; 8; 4;IMVMode;0
BlockStat;28; 152; 316; 8; 4;RootCbf;0
BlockStat;28; 160; 288;32;16;Depth;3
BlockStat;28; 160; 288;32;16;QT_Depth;2
BlockStat;28; 160; 288;32;16;BT_Depth;1
BlockStat;28; 160; 288;32;16;MT_Depth;1
BlockStat;28; 160; 288;32;16;ChromaQPAdj;0
BlockStat;28; 160; 288;32;16;QP;38
BlockStat;28; 160; 288;32;16;SplitSeries;2081
BlockStat;28; 160; 288;32;16;SkipFlag;0
BlockStat;28; 160; 288;32;16;PredMode;0
BlockStat;28; 160; 288;32;16;MergeFlag;1
BlockStat;28; 160; 288;32;16;MergeIdx;2
BlockStat;28; 160; 288;32;16;MergeType;0
BlockStat;28; 160; 288;32;16;MMVDMergeFlag;0
BlockStat;28; 160; 288;32;16;AffineFlag;0
BlockStat;28; 160; 288;32;16;MHIntraFlag;0
BlockStat;28; 160; 288;32;16;MVPIdxL0;255
BlockStat;28; 160; 288;32;16;RefIdxL0;0
BlockStat: POC 28 @( 160, 288) [32x16] TrianglePartitioning={   0,  16,  32,   0}
BlockStat: POC 28 @[(160, 288)--(192, 288)--(160, 304)--] TriangleMVL0={ 172, -20}
BlockStat: POC 28 @[(192, 288)--(160, 304)--(192, 304)--] TriangleMVL0={ 183, -14}
BlockStat;28; 160; 288;32;16;Cbf_Y;1
BlockStat;28; 160; 288;32;16;TransformSkipFlag_Y;0
BlockStat;28; 160; 288;32;16;Cbf_Cb;0
BlockStat;28; 160; 288;32;16;Cbf_Cr;0
BlockStat;28; 160; 304;16;16;Depth;4
BlockStat;28; 160; 304;16;16;QT_Depth;2
BlockStat;28; 160; 304;16;16;BT_Depth;2
BlockStat;28; 160; 304;16;16;MT_Depth;2
BlockStat;28; 160; 304;16;16;ChromaQPAdj;0
BlockStat;28; 160; 304;16;16;QP;38
BlockStat;28; 160; 304;16;16;SplitSeries;100385
BlockStat;28; 160; 304;16;16;SkipFlag;1
BlockStat;28; 160; 304;16;16;MMVDSkipFlag;0
BlockStat;28; 160; 304;16;16;PredMode;0
BlockStat;28; 160; 304;16;16;MergeIdx;35
BlockStat;28; 160; 304;16;16;MergeType;0
BlockStat;28; 160; 304;16;16;MMVDMergeFlag;1
BlockStat;28; 160; 304;16;16;MMVDMergeIdx;35
BlockStat;28; 160; 304;16;16;MVPIdxL0;255
BlockStat;28; 160; 304;16;16;RefIdxL0;0
BlockStat;28; 160; 304;16;16;MVDL0;   0;   0
BlockStat;28; 160; 304;16;16;MVL0; 183; -15
BlockStat;28; 176; 304; 4;16;Depth;5
BlockStat;28; 176; 304; 4;16;QT_Depth;2
BlockStat;28; 176; 304; 4;16;BT_Depth;4
BlockStat;28; 176; 304; 4;16;MT_Depth;3
BlockStat;28; 176; 304; 4;16;ChromaQPAdj;0
BlockStat;28; 176; 304; 4;16;QP;38
BlockStat;28; 176; 304; 4;16;SplitSeries;5343265
BlockStat;28; 176; 304; 4;16;SkipFlag;1
BlockStat;28; 176; 304; 4;16;MMVDSkipFlag;0
BlockStat;28; 176; 304; 4;16;PredMode;0
BlockStat;28; 176; 304; 4;16;MergeIdx;39
BlockStat;28; 176; 304; 4;16;MergeType;0
BlockStat;28; 176; 304; 4;16;MMVDMergeFlag;1
BlockStat;28; 176; 304; 4;16;MMVDMergeIdx;39
BlockStat;28; 176; 304; 4;16;MVPIdxL0;255
BlockStat;28; 176; 304; 4;16;RefIdxL0;0
BlockStat;28; 176; 304; 4;16;MVDL0;   0;   0
BlockStat;28; 176; 304; 4;16;MVL0; 183; -16
BlockStat;28; 180; 304; 8;16;Depth;5
BlockStat;28; 180; 304; 8;16;QT_Depth;2
BlockStat;28; 180; 304; 8;16;BT_Depth;3
BlockStat;28; 180; 304; 8;16;MT_Depth;3
BlockStat;28; 180; 304; 8;16;ChromaQPAdj;0
BlockStat;28; 180; 304; 8;16;QP;38
BlockStat;28; 180; 304; 8;16;SplitSeries;5343265
BlockStat;28; 180; 304; 8;16;SkipFlag;0
BlockStat;28; 180; 304; 8;16;PredMode;0
BlockStat;28; 180; 304; 8;16;MergeFlag;0
BlockStat;28; 180; 304; 8;16;InterDir;1
BlockStat;28; 180; 304; 8;16;MVPIdxL0;1
BlockStat;28; 180; 304; 8;16;RefIdxL0;0
BlockStat;28; 180; 304; 8;16;MVDL0;  36;  28
BlockStat;28; 180; 304; 8;16;MVL0; 220;  16
BlockStat;28; 180; 304; 8;16;IMVMode;1
BlockStat;28; 180; 304; 8;16;RootCbf;0
BlockStat;28; 188; 304; 4;16;Depth;5
BlockStat;28; 188; 304; 4;16;QT_Depth;2
BlockStat;28; 188; 304; 4;16;BT_Depth;4
BlockStat;28; 188; 304; 4;16;MT_Depth;3
BlockStat;28; 188; 304; 4;16;ChromaQPAdj;0
BlockStat;28; 188; 304; 4;16;QP;38
BlockStat;28; 188; 304; 4;16;SplitSeries;5343265
BlockStat;28; 188; 304; 4;16;SkipFlag;1
BlockStat;28; 188; 304; 4;16;MMVDSkipFlag;0
BlockStat;28; 188; 304; 4;16;PredMode;0
BlockStat;28; 188; 304; 4;16;MergeIdx;0
BlockStat;28; 188; 304; 4;16;MergeType;0
BlockStat;28; 188; 304; 4;16;MMVDMergeFlag;0
BlockStat;28; 188; 304; 4;16;MVPIdxL0;255
BlockStat;28; 188; 304; 4;16;RefIdxL0;0
BlockStat;28; 188; 304; 4;16;MVDL0;   0;   0
BlockStat;28; 188; 304; 4;16;MVL0; 220;  16
BlockStat;28; 192; 256;16; 4;Depth;4
BlockStat;28; 192; 256;16; 4;QT_Depth;3
BlockStat;28; 192; 256;16; 4;BT_Depth;2
BlockStat;28; 192; 256;16; 4;MT_Depth;1
BlockStat;28; 192; 256;16; 4;ChromaQPAdj;0
BlockStat;28; 192; 256;16; 4;QP;38
BlockStat;28; 192; 256;16; 4;SplitSeries;132129
BlockStat;28; 192; 256;16; 4;SkipFlag;1
BlockStat;28; 192; 256;16; 4;MMVDSkipFlag;0
BlockStat;28; 192; 256;16; 4;PredMode;0
BlockStat;28; 192; 256;16; 4;MergeIdx;0
BlockStat;28; 192; 256;16; 4;MergeType;0
BlockStat;28; 192; 256;16; 4;MMVDMergeFlag;0
BlockStat;28; 192; 256;16; 4;MVPIdxL0;255
BlockStat;28; 192; 256;16; 4;RefIdxL0;0
BlockStat;28; 192; 256;16; 4;MVDL0;   0;   0
BlockStat;28; 192; 256;16; 4;MVL0; -18;  24
BlockStat;28; 192; 260;16; 8;Depth;4
BlockStat;28; 192; 260;16; 8;QT_Depth;3
BlockStat;28; 192; 260;16; 8;BT_Depth;1
BlockStat;28; 192; 260;16; 8;MT_Depth;1
BlockStat;28; 192; 260;16; 8;ChromaQPAdj;0
BlockStat;28; 192; 260;16; 8;QP;38
BlockStat;28; 192; 260;16; 8;SplitSeries;132129
BlockStat;28; 192; 260;16; 8;SkipFlag;0
BlockStat;28; 192; 260;16; 8;PredMode;0
BlockStat;28; 192; 260;16; 8;MergeFlag;1
BlockStat;28; 192; 260;16; 8;MergeIdx;0
BlockStat;28; 192; 260;16; 8;MergeType;0
BlockStat;28; 192; 260;16; 8;MMVDMergeFlag;0
BlockStat;28; 192; 260;16; 8;AffineFlag;0
BlockStat;28; 192; 260;16; 8;MHIntraFlag;0
BlockStat;28; 192; 260;16; 8;MVPIdxL0;255
BlockStat;28; 192; 260;16; 8;RefIdxL0;0
BlockStat;28; 192; 260;16; 8;MVDL0;   0;   0
BlockStat;28; 192; 260;16; 8;MVL0; -18;  24
BlockStat;28; 192; 260;16; 8;Cbf_Y;1
BlockStat;28; 192; 260;16; 8;TransformSkipFlag_Y;0
BlockStat;28; 192; 260;16; 8;Cbf_Cb;0
BlockStat;28; 192; 260;16; 8;Cbf_Cr;0
BlockStat;28; 192; 268;16; 4;Depth;4
BlockStat;28; 192; 268;16; 4;QT_Depth;3
BlockStat;28; 192; 268;16; 4;BT_Depth;2
BlockStat;28; 192; 268;16; 4;MT_Depth;1
BlockStat;28; 192; 268;16; 4;ChromaQPAdj;0
BlockStat;28; 192; 268;16; 4;QP;38
BlockStat;28; 192; 268;16; 4;SplitSeries;132129
BlockStat;28; 192; 268;16; 4;SkipFlag;1
BlockStat;28; 192; 268;16; 4;MMVDSkipFlag;0
BlockStat;28; 192; 268;16; 4;PredMode;0
BlockStat;28; 192; 268;16; 4;MergeIdx;47
BlockStat;28; 192; 268;16; 4;MergeType;0
BlockStat;28; 192; 268;16; 4;MMVDMergeFlag;1
BlockStat;28; 192; 268;16; 4;MMVDMergeIdx;47
BlockStat;28; 192; 268;16; 4;MVPIdxL0;255
BlockStat;28; 192; 268;16; 4;RefIdxL0;0
BlockStat;28; 192; 268;16; 4;MVDL0;   0;   0
BlockStat;28; 192; 268;16; 4;MVL0; 158; -32
BlockStat;28; 208; 256; 8; 8;Depth;5
BlockStat;28; 208; 256; 8; 8;QT_Depth;3
BlockStat;28; 208; 256; 8; 8;BT_Depth;2
BlockStat;28; 208; 256; 8; 8;MT_Depth;2
BlockStat;28; 208; 256; 8; 8;ChromaQPAdj;0
BlockStat;28; 208; 256; 8; 8;QP;38
BlockStat;28; 208; 256; 8; 8;SplitSeries;3212321
BlockStat;28; 208; 256; 8; 8;SkipFlag;0
BlockStat;28; 208; 256; 8; 8;PredMode;1
BlockStat;28; 208; 256; 8; 8;Luma_IntraMode;0
BlockStat;28; 208; 256; 8; 8;Chroma_IntraMode;67
BlockStat;28; 208; 256; 8; 8;MultiRefIdx;0
BlockStat;28; 208; 256; 8; 8;Cbf_Y;1
BlockStat;28; 208; 256; 8; 8;TransformSkipFlag_Y;0
BlockStat;28; 208; 256; 8; 8;Cbf_Cb;0
BlockStat;28; 208; 256; 8; 8;Cbf_Cr;0
BlockStat;28; 216; 256; 4; 8;Depth;6
BlockStat;28; 216; 256; 4; 8;QT_Depth;3
BlockStat;28; 216; 256; 4; 8;BT_Depth;3
BlockStat;28; 216; 256; 4; 8;MT_Depth;3
BlockStat;28; 216; 256; 4; 8;ChromaQPAdj;0
BlockStat;28; 216; 256; 4; 8;QP;38
BlockStat;28; 216; 256; 4; 8;SplitSeries;103875617
BlockStat;28; 216; 256; 4; 8;SkipFlag;0
BlockStat;28; 216; 256; 4; 8;PredMode;1
BlockStat;28; 216; 256; 4; 8;Luma_IntraMode;0
BlockStat;28; 216; 256; 4; 8;MultiRefIdx;0
BlockStat;28; 216; 256; 4; 8;Cbf_Y;1
BlockStat;28; 216; 256; 4; 8;TransformSkipFlag_Y;0
BlockStat;28; 220; 256; 4; 8;Depth;6
BlockStat;28; 220; 256; 4; 8;QT_Depth;3
BlockStat;28; 220; 256; 4; 8;BT_Depth;3
BlockStat;28; 220; 256; 4; 8;MT_Depth;3
BlockStat;28; 220; 256; 4; 8;ChromaQPAdj;0
BlockStat;28; 220; 256; 4; 8;QP;38
BlockStat;28; 220; 256; 4; 8;SplitSeries;103875617
BlockStat;28; 220; 256; 4; 8;SkipFlag;0
BlockStat;28; 220; 256; 4; 8;PredMode;1
BlockStat;28; 220; 256; 4; 8;Luma_IntraMode;0
BlockStat;28; 220; 256; 4; 8;MultiRefIdx;0
BlockStat;28; 220; 256; 4; 8;Cbf_Y;1
BlockStat;28; 220; 256; 4; 8;TransformSkipFlag_Y;2
BlockStat;28;   0;   0; 0; 0;Depth;5
BlockStat;28;   0;   0; 0; 0;QT_Depth;3
BlockStat;28;   0;   0; 0; 0;BT_Depth;2
BlockStat;28;   0;   0; 0; 0;MT_Depth;2
BlockStat;28;   0;   0; 0; 0;ChromaQPAdj;0
BlockStat;28;   0;   0; 0; 0;QP;38
BlockStat;28;   0;   0; 0; 0;SplitSeries;3212321
BlockStat;28;   0;   0; 0; 0;PredMode;1
BlockStat;28; 216; 256; 8; 8;Chroma_IntraMode;0
BlockStat;28; 216; 256; 8; 8;Cbf_Cb;0
BlockStat;28; 216; 256; 8; 8;Cbf_Cr;0
BlockStat;28; 208; 264;16; 8;Depth;4
BlockStat;28; 208; 264;16; 8;QT_Depth;3
BlockStat;28; 208; 264;16; 8;BT_Depth;1
BlockStat;28; 208; 264;16; 8;MT_Depth;1
BlockStat;28; 208; 264;16; 8;ChromaQPAdj;0
BlockStat;28; 208; 264;16; 8;QP;38
BlockStat;28; 208; 264;16; 8;SplitSeries;66593
BlockStat;28; 208; 264;16; 8;SkipFlag;1
BlockStat;28; 208; 264;16; 8;MMVDSkipFlag;0
BlockStat;28; 208; 264;16; 8;PredMode;0
BlockStat;28; 208; 264;16; 8;MergeIdx;0
BlockStat;28; 208; 264;16; 8;MergeType;0
BlockStat;28; 208; 264;16; 8;MMVDMergeFlag;0
BlockStat;28; 208; 264;16; 8;AffineFlag;0
BlockStat;28; 208; 264;16; 8;MVPIdxL0;255
BlockStat;28; 208; 264;16; 8;RefIdxL0;0
BlockStat;28; 208; 264;16; 8;MVDL0;   0;   0
BlockStat;28; 208; 264;16; 8;MVL0; 158; -32
BlockStat;28; 192; 272;16;16;Depth;3
BlockStat;28; 192; 272;16;16;QT_Depth;3
BlockStat;28; 192; 272;16;16;BT_Depth;0
BlockStat;28; 192; 272;16;16;MT_Depth;0
BlockStat;28; 192; 272;16;16;ChromaQPAdj;0
BlockStat;28; 192; 272;16;16;QP;38
BlockStat;28; 192; 272;16;16;SplitSeries;1057
BlockStat;28; 192; 272;16;16;SkipFlag;1
BlockStat;28; 192; 272;16;16;MMVDSkipFlag;0
BlockStat;28; 192; 272;16;16;PredMode;0
BlockStat;28; 192; 272;16;16;MergeIdx;0
BlockStat;28; 192; 272;16;16;MergeType;0
BlockStat;28; 192; 272;16;16;MMVDMergeFlag;0
BlockStat;28; 192; 272;16;16;AffineFlag;0
BlockStat;28; 192; 272;16;16;MVPIdxL0;255
BlockStat;28; 192; 272;16;16;RefIdxL0;0
BlockStat;28; 192; 272;16;16;MVDL0;   0;   0
BlockStat;28; 192; 272;16;16;MVL0; 158; -24
BlockStat;28; 208; 272;16;16;Depth;3
BlockStat;28; 208; 272;16;16;QT_Depth;3
BlockStat;28; 208; 272;16;16;BT_Depth;0
BlockStat;28; 208; 272;16;16;MT_Depth;0
BlockStat;28; 208; 272;16;16;ChromaQPAdj;0
BlockStat;28; 208; 272;16;16;QP;38
BlockStat;28; 208; 272;16;16;SplitSeries;1057
BlockStat;28; 208; 272;16;16;SkipFlag;1
BlockStat;28; 208; 272;16;16;MMVDSkipFlag;0
BlockStat;28; 208; 272;16;16;PredMode;0
BlockStat;28; 208; 272;16;16;MergeIdx;0
BlockStat;28; 208; 272;16;16;MergeType;0
BlockStat;28; 208; 272;16;16;MMVDMergeFlag;0
BlockStat;28; 208; 272;16;16;AffineFlag;0
BlockStat;28; 208; 272;16;16;MVPIdxL0;255
BlockStat;28; 208; 272;16;16;RefIdxL0;0
BlockStat;28; 208; 272;16;16;MVDL0;   0;   0
BlockStat;28; 208; 272;16;16;MVL0; 158; -24
BlockStat;28; 224; 256;16; 8;Depth;4
BlockStat;28; 224; 256;16; 8;QT_Depth;2
BlockStat;28; 224; 256;16; 8;BT_Depth;3
BlockStat;28; 224; 256;16; 8;MT_Depth;2
BlockStat;28; 224; 256;16; 8;ChromaQPAdj;0
BlockStat;28; 224; 256;16; 8;QP;38
BlockStat;28; 224; 256;16; 8;SplitSeries;102433
BlockStat;28; 224; 256;16; 8;SkipFlag;0
BlockStat;28; 224; 256;16; 8;PredMode;1
BlockStat;28; 224; 256;16; 8;Luma_IntraMode;0
BlockStat;28; 224; 256;16; 8;Chroma_IntraMode;67
BlockStat;28; 224; 256;16; 8;MultiRefIdx;0
BlockStat;28; 224; 256;16; 8;Cbf_Y;1
BlockStat;28; 224; 256;16; 8;TransformSkipFlag_Y;2
BlockStat;28; 224; 256;16; 8;Cbf_Cb;0
BlockStat;28; 224; 256;16; 8;Cbf_Cr;0
BlockStat;28; 240; 256;16; 8;Depth;4
BlockStat;28; 240; 256;16; 8;QT_Depth;2
BlockStat;28; 240; 256;16; 8;BT_Depth;3
BlockStat;28; 240; 256;16; 8;MT_Depth;2
BlockStat;28; 240; 256;16; 8;ChromaQPAdj;0
BlockStat;28; 240; 256;16; 8;QP;38
BlockStat;28; 240; 256;16; 8;SplitSeries;102433
BlockStat;28; 240; 256;16; 8;SkipFlag;0
BlockStat;28; 240; 256;16; 8;PredMode;1
BlockStat;28; 240; 256;16; 8;Luma_IntraMode;0
BlockStat;28; 240; 256;16; 8;Chroma_IntraMode;0
BlockStat;28; 240; 256;16; 8;MultiRefIdx;0
BlockStat;28; 240; 256;16; 2;Cbf_Y;0
BlockStat;28; 240; 256;16; 2;TransformSkipFlag_Y;0
BlockStat;28;   0;   0; 0; 0;Cbf_Cb;0
BlockStat;28;   0;   0; 0; 0;Cbf_Cr;0
BlockStat;28; 240; 258;16; 2;Cbf_Y;2
BlockStat;28; 240; 258;16; 2;TransformSkipFlag_Y;0
BlockStat;28;   0;   0; 0; 0;Cbf_Cb;0
BlockStat;28;   0;   0; 0; 0;Cbf_Cr;0
BlockStat;28; 240; 260;16; 2;Cbf_Y;2
BlockStat;28; 240; 260;16; 2;TransformSkipFlag_Y;0
BlockStat;28;   0;   0; 0; 0;Cbf_Cb;0
BlockStat;28;   0;   0; 0; 0;Cbf_Cr;0
BlockStat;28; 240; 262;16; 2;Cbf_Y;2
BlockStat;28; 240; 262;16; 2;TransformSkipFlag_Y;0
BlockStat;28; 240; 256;16; 8;Cbf_Cb;0
BlockStat;28; 240; 256;16; 8;Cbf_Cr;0
BlockStat;28; 224; 264;16; 4;Depth;5
BlockStat;28; 224; 264;16; 4;QT_Depth;2
BlockStat;28; 224; 264;16; 4;BT_Depth;4
BlockStat;28; 224; 264;16; 4;MT_Depth;3
BlockStat;28; 224; 264;16; 4;ChromaQPAdj;0
BlockStat;28; 224; 264;16; 4;QP;38
BlockStat;28; 224; 264;16; 4;SplitSeries;3280929
BlockStat;28; 224; 264;16; 4;SkipFlag;0
BlockStat;28; 224; 264;16; 4;PredMode;1
BlockStat;28; 224; 264;16; 4;Luma_IntraMode;0
BlockStat;28; 224; 264;16; 4;Chroma_IntraMode;0
BlockStat;28; 224; 264;16; 4;MultiRefIdx;0
BlockStat;28; 224; 264;16; 4;Cbf_Y;0
BlockStat;28; 224; 264;16; 4;TransformSkipFlag_Y;0
BlockStat;28; 224; 264;16; 4;Cbf_Cb;0
BlockStat;28; 224; 264;16; 4;Cbf_Cr;0
BlockStat;28; 240; 264;16; 4;Depth;5
BlockStat;28; 240; 264;16; 4;QT_Depth;2
BlockStat;28; 240; 264;16; 4;BT_Depth;4
BlockStat;28; 240; 264;16; 4;MT_Depth;3
BlockStat;28; 240; 264;16; 4;ChromaQPAdj;0
BlockStat;28; 240; 264;16; 4;QP;38
BlockStat;28; 240; 264;16; 4;SplitSeries;3280929
BlockStat;28; 240; 264;16; 4;SkipFlag;0
BlockStat;28; 240; 264;16; 4;PredMode;0
BlockStat;28; 240; 264;16; 4;MergeFlag;1
BlockStat;28; 240; 264;16; 4;MergeIdx;52
BlockStat;28; 240; 264;16; 4;MergeType;0
BlockStat;28; 240; 264;16; 4;MMVDMergeFlag;1
BlockStat;28; 240; 264;16; 4;MMVDMergeIdx;52
BlockStat;28; 240; 264;16; 4;MVPIdxL0;255
BlockStat;28; 240; 264;16; 4;RefIdxL0;0
BlockStat;28; 240; 264;16; 4;MVDL0;   0;   0
BlockStat;28; 240; 264;16; 4;MVL0; 190; -32
BlockStat;28; 240; 264; 8; 4;Cbf_Y;2
BlockStat;28; 240; 264; 8; 4;TransformSkipFlag_Y;0
BlockStat;28; 240; 264; 8; 4;Cbf_Cb;0
BlockStat;28; 240; 264; 8; 4;Cbf_Cr;0
BlockStat;28; 248; 264; 8; 4;Cbf_Y;0
BlockStat;28; 248; 264; 8; 4;TransformSkipFlag_Y;0
BlockStat;28; 248; 264; 8; 4;Cbf_Cb;0
BlockStat;28; 248; 264; 8; 4;Cbf_Cr;0
BlockStat;28; 224; 268;32; 8;Depth;4
BlockStat;28; 224; 268;32; 8;QT_Depth;2
BlockStat;28; 224; 268;32; 8;BT_Depth;2
BlockStat;28; 224; 268;32; 8;MT_Depth;2
BlockStat;28; 224; 268;32; 8;ChromaQPAdj;0
BlockStat;28; 224; 268;32; 8;QP;38
BlockStat;28; 224; 268;32; 8;SplitSeries;135201
BlockStat;28; 224; 268;32; 8;SkipFlag;1
BlockStat;28; 224; 268;32; 8;MMVDSkipFlag;0
BlockStat;28; 224; 268;32; 8;PredMode;0
BlockStat;28; 224; 268;32; 8;MergeIdx;19
BlockStat;28; 224; 268;32; 8;MergeType;0
BlockStat;28; 224; 268;32; 8;MMVDMergeFlag;1
BlockStat;28; 224; 268;32; 8;MMVDMergeIdx;19
BlockStat;28; 224; 268;32; 8;MVPIdxL0;255
BlockStat;28; 224; 268;32; 8;RefIdxL0;0
BlockStat;28; 224; 268;32; 8;MVDL0;   0;   0
BlockStat;28; 224; 268;32; 8;MVL0; 158; -40
BlockStat;28; 224; 276;32; 4;Depth;4
BlockStat;28; 224; 276;32; 4;QT_Depth;2
BlockStat;28; 224; 276;32; 4;BT_Depth;3
BlockStat;28; 224; 276;32; 4;MT_Depth;2
BlockStat;28; 224; 276;32; 4;ChromaQPAdj;0
BlockStat;28; 224; 276;32; 4;QP;38
BlockStat;28; 224; 276;32; 4;SplitSeries;135201
BlockStat;28; 224; 276;32; 4;SkipFlag;1
BlockStat;28; 224; 276;32; 4;MMVDSkipFlag;0
BlockStat;28; 224; 276;32; 4;PredMode;0
BlockStat;28; 224; 276;32; 4;MergeIdx;0
BlockStat;28; 224; 276;32; 4;MergeType;0
BlockStat;28; 224; 276;32; 4;MMVDMergeFlag;0
BlockStat;28; 224; 276;32; 4;MVPIdxL0;255
BlockStat;28; 224; 276;32; 4;RefIdxL0;0
BlockStat;28; 224; 276;32; 4;MVDL0;   0;   0
BlockStat;28; 224; 276;32; 4;MVL0; 158; -24
BlockStat;28; 224; 280;32; 8;Depth;3
BlockStat;28; 224; 280;32; 8;QT_Depth;2
BlockStat;28; 224; 280;32; 8;BT_Depth;2
BlockStat;28; 224; 280;32; 8;MT_Depth;1
BlockStat;28; 224; 280;32; 8;ChromaQPAdj;0
BlockStat;28; 224; 280;32; 8;QP;38
BlockStat;28; 224; 280;32; 8;SplitSeries;4129
BlockStat;28; 224; 280;32; 8;SkipFlag;1
BlockStat;28; 224; 280;32; 8;MMVDSkipFlag;0
BlockStat;28; 224; 280;32; 8;PredMode;0
BlockStat;28; 224; 280;32; 8;MergeIdx;0
BlockStat;28; 224; 280;32; 8;MergeType;0
BlockStat;28; 224; 280;32; 8;MMVDMergeFlag;0
BlockStat;28; 224; 280;32; 8;AffineFlag;0
BlockStat;28; 224; 280;32; 8;MVPIdxL0;255
BlockStat;28; 224; 280;32; 8;RefIdxL0;0
BlockStat;28; 224; 280;32; 8;MVDL0;   0;   0
BlockStat;28; 224; 280;32; 8;MVL0; 158; -24
BlockStat;28; 192; 288; 8;32;Depth;3
BlockStat;28; 192; 288; 8;32;QT_Depth;2
BlockStat;28; 192; 288; 8;32;BT_Depth;2
BlockStat;28; 192; 288; 8;32;MT_Depth;1
BlockStat;28; 192; 288; 8;32;ChromaQPAdj;0
BlockStat;28; 192; 288; 8;32;QP;38
BlockStat;28; 192; 288; 8;32;SplitSeries;5153
BlockStat;28; 192; 288; 8;32;SkipFlag;0
BlockStat;28; 192; 288; 8;32;PredMode;0
BlockStat;28; 192; 288; 8;32;MergeFlag;1
BlockStat;28; 192; 288; 8;32;MergeIdx;0
BlockStat;28; 192; 288; 8;32;MergeType;0
BlockStat;28; 192; 288; 8;32;MMVDMergeFlag;0
BlockStat;28; 192; 288; 8;32;AffineFlag;0
BlockStat;28; 192; 288; 8;32;MHIntraFlag;0
BlockStat;28; 192; 288; 8;32;MVPIdxL0;255
BlockStat;28; 192; 288; 8;32;RefIdxL0;0
BlockStat;28; 192; 288; 8;32;MVDL0;   0;   0
BlockStat;28; 192; 288; 8;32;MVL0; 220;  16
BlockStat;28; 192; 288; 8;32;Cbf_Y;1
BlockStat;28; 192; 288; 8;32;TransformSkipFlag_Y;0
BlockStat;28; 192; 288; 8;32;Cbf_Cb;0
BlockStat;28; 192; 288; 8;32;Cbf_Cr;0
BlockStat;28; 200; 288;16;32;Depth;3
BlockStat;28; 200; 288;16;32;QT_Depth;2
BlockStat;28; 200; 288;16;32;BT_Depth;1
BlockStat;28; 200; 288;16;32;MT_Depth;1
BlockStat;28; 200; 288;16;32;ChromaQPAdj;0
BlockStat;28; 200; 288;16;32;QP;38
BlockStat;28; 200; 288;16;32;SplitSeries;5153
BlockStat;28; 200; 288;16;32;SkipFlag;1
BlockStat;28; 200; 288;16;32;MMVDSkipFlag;0
BlockStat;28; 200; 288;16;32;PredMode;0
BlockStat;28; 200; 288;16;32;MergeIdx;3
BlockStat;28; 200; 288;16;32;MergeType;0
BlockStat;28; 200; 288;16;32;MMVDMergeFlag;0
BlockStat;28; 200; 288;16;32;AffineFlag;0
BlockStat;28; 200; 288;16;32;MVPIdxL0;255
BlockStat;28; 200; 288;16;32;RefIdxL0;0
BlockStat;28; 200; 288;16;32;MVDL0;   0;   0
BlockStat;28; 200; 288;16;32;MVL0; 158; -40
BlockStat;28; 216; 288; 8;32;Depth;3
BlockStat;28; 216; 288; 8;32;QT_Depth;2
BlockStat;28; 216; 288; 8;32;BT_Depth;2
BlockStat;28; 216; 288; 8;32;MT_Depth;1
BlockStat;28; 216; 288; 8;32;ChromaQPAdj;0
BlockStat;28; 216; 288; 8;32;QP;38
BlockStat;28; 216; 288; 8;32;SplitSeries;5153
BlockStat;28; 216; 288; 8;32;SkipFlag;1
BlockStat;28; 216; 288; 8;32;MMVDSkipFlag;0
BlockStat;28; 216; 288; 8;32;PredMode;0
BlockStat;28; 216; 288; 8;32;MergeIdx;0
BlockStat;28; 216; 288; 8;32;MergeType;0
BlockStat;28; 216; 288; 8;32;MMVDMergeFlag;0
BlockStat;28; 216; 288; 8;32;AffineFlag;0
BlockStat;28; 216; 288; 8;32;MVPIdxL0;255
BlockStat;28; 216; 288; 8;32;RefIdxL0;0
BlockStat;28; 216; 288; 8;32;MVDL0;   0;   0
BlockStat;28; 216; 288; 8;32;MVL0; 158; -40
BlockStat;28; 224; 288;32;32;Depth;2
BlockStat;28; 224; 288;32;32;QT_Depth;2
BlockStat;28; 224; 288;32;32;BT_Depth;0
BlockStat;28; 224; 288;32;32;MT_Depth;0
BlockStat;28; 224; 288;32;32;ChromaQPAdj;0
BlockStat;28; 224; 288;32;32;QP;38
BlockStat;28; 224; 288;32;32;SplitSeries;33
BlockStat;28; 224; 288;32;32;SkipFlag;1
BlockStat;28; 224; 288;32;32;MMVDSkipFlag;0
BlockStat;28; 224; 288;32;32;PredMode;0
BlockStat;28; 224; 288;32;32;MergeIdx;20
BlockStat;28; 224; 288;32;32;MergeType;0
BlockStat;28; 224; 288;32;32;MMVDMergeFlag;1
BlockStat;28; 224; 288;32;32;MMVDMergeIdx;20
BlockStat;28; 224; 288;32;32;MVPIdxL0;255
BlockStat;28; 224; 288;32;32;RefIdxL0;0
BlockStat;28; 224; 288;32;32;MVDL0;   0;   0
BlockStat;28; 224; 288;32;32;MVL0; 190; -40
BlockStat;28; 128; 320;64;64;Depth;1
BlockStat;28; 128; 320;64;64;QT_Depth;1
BlockStat;28; 128; 320;64;64;BT_Depth;0
BlockStat;28; 128; 320;64;64;MT_Depth;0
BlockStat;28; 128; 320;64;64;ChromaQPAdj;0
BlockStat;28; 128; 320;64;64;QP;38
BlockStat;28; 128; 320;64;64;SplitSeries;1
BlockStat;28; 128; 320;64;64;SkipFlag;0
BlockStat;28; 128; 320;64;64;PredMode;0
BlockStat;28; 128; 320;64;64;MergeFlag;0
BlockStat;28; 128; 320;64;64;InterDir;1
BlockStat;28; 128; 320;64;64;AffineFlag;1
BlockStat;28; 128; 320;64;64;AffineType;1
BlockStat;28; 128; 320;64;64;MVPIdxL0;0
BlockStat;28; 128; 320;64;64;RefIdxL0;0
BlockStat;28; 128; 320;64;64;AffineMVL0; 187;   1; 186; -20; 198;   5
BlockStat;28; 128; 320;64;64;RootCbf;0
BlockStat;28; 192; 320;32;32;Depth;3
BlockStat;28; 192; 320;32;32;QT_Depth;1
BlockStat;28; 192; 320;32;32;BT_Depth;2
BlockStat;28; 192; 320;32;32;MT_Depth;2
BlockStat;28; 192; 320;32;32;ChromaQPAdj;0
BlockStat;28; 192; 320;32;32;QP;38
BlockStat;28; 192; 320;32;32;SplitSeries;3137
BlockStat;28; 192; 320;32;32;SkipFlag;0
BlockStat;28; 192; 320;32;32;PredMode;0
BlockStat;28; 192; 320;32;32;MergeFlag;0
BlockStat;28; 192; 320;32;32;InterDir;3
BlockStat;28; 192; 320;32;32;AffineFlag;1
BlockStat;28; 192; 320;32;32;AffineType;1
BlockStat;28; 192; 320;32;32;MVPIdxL0;0
BlockStat;28; 192; 320;32;32;RefIdxL0;0
BlockStat;28; 192; 320;32;32;MVPIdxL1;0
BlockStat;28; 192; 320;32;32;RefIdxL1;0
BlockStat;28; 192; 320;32;32;AffineMVL0; 178; -29; 166; -43; 187; -35
BlockStat;28; 192; 320;32;32;AffineMVL1; 185; -22; 184; -31; 190; -19
BlockStat;28; 192; 320;32;32;RootCbf;0
BlockStat;28; 224; 320;32;32;Depth;3
BlockStat;28; 224; 320;32;32;QT_Depth;1
BlockStat;28; 224; 320;32;32;BT_Depth;2
BlockStat;28; 224; 320;32;32;MT_Depth;2
BlockStat;28; 224; 320;32;32;ChromaQPAdj;0
BlockStat;28; 224; 320;32;32;QP;38
BlockStat;28; 224; 320;32;32;SplitSeries;3137
BlockStat;28; 224; 320;32;32;SkipFlag;1
BlockStat;28; 224; 320;32;32;MMVDSkipFlag;0
BlockStat;28; 224; 320;32;32;PredMode;0
BlockStat;28; 224; 320;32;32;MergeIdx;0
BlockStat;28; 224; 320;32;32;MergeType;0
BlockStat;28; 224; 320;32;32;MMVDMergeFlag;0
BlockStat;28; 224; 320;32;32;AffineFlag;0
BlockStat;28; 224; 320;32;32;MVPIdxL0;255
BlockStat;28; 224; 320;32;32;RefIdxL0;0
BlockStat;28; 224; 320;32;32;MVPIdxL1;255
BlockStat;28; 224; 320;32;32;RefIdxL1;0
BlockStat;28; 224; 320;32;32;MVDL0;   0;   0
BlockStat;28; 224; 320;32;32;MVL0; 174; -49
BlockStat;28; 224; 320;32;32;MVDL1;   0;   0
BlockStat;28; 224; 320;32;32;MVL1; 189; -29
BlockStat;28; 192; 352;64;32;Depth;2
BlockStat;28; 192; 352;64;32;QT_Depth;1
BlockStat;28; 192; 352;64;32;BT_Depth;1
BlockStat;28; 192; 352;64;32;MT_Depth;1
BlockStat;28; 192; 352;64;32;ChromaQPAdj;0
BlockStat;28; 192; 352;64;32;QP;38
BlockStat;28; 192; 352;64;32;SplitSeries;65
BlockStat;28; 192; 352;64;32;SkipFlag;0
BlockStat;28; 192; 352;64;32;PredMode;0
BlockStat;28; 192; 352;64;32;MergeFlag;0
BlockStat;28; 192; 352;64;32;InterDir;3
BlockStat;28; 192; 352;64;32;AffineFlag;1
BlockStat;28; 192; 352;64;32;AffineType;1
BlockStat;28; 192; 352;64;32;MVPIdxL0;0
BlockStat;28; 192; 352;64;32;RefIdxL0;0
BlockStat;28; 192; 352;64;32;MVPIdxL1;0
BlockStat;28; 192; 352;64;32;RefIdxL1;0
BlockStat;28; 192; 352;64;32;AffineMVL0; 189; -16; 192; -31; 196; -13
BlockStat;28; 192; 352;64;32;AffineMVL1; 192; -20; 188; -39; 196; -17
BlockStat;28; 192; 352;64;32;RootCbf;0
BlockStat;28; 256; 256; 8;16;Depth;5
BlockStat;28; 256; 256; 8;16;QT_Depth;2
BlockStat;28; 256; 256; 8;16;BT_Depth;3
BlockStat;28; 256; 256; 8;16;MT_Depth;3
BlockStat;28; 256; 256; 8;16;ChromaQPAdj;0
BlockStat;28; 256; 256; 8;16;QP;38
BlockStat;28; 256; 256; 8;16;SplitSeries;2198561
BlockStat;28; 256; 256; 8;16;SkipFlag;0
BlockStat;28; 256; 256; 8;16;PredMode;1
BlockStat;28; 256; 256; 8;16;Luma_IntraMode;46
BlockStat;28; 256; 256; 8;16;Chroma_IntraMode;46
BlockStat;28; 256; 256; 8;16;MultiRefIdx;0
BlockStat;28; 256; 256; 8;16;Cbf_Y;1
BlockStat;28; 256; 256; 8;16;TransformSkipFlag_Y;0
BlockStat;28; 256; 256; 8;16;Cbf_Cb;0
BlockStat;28; 256; 256; 8;16;Cbf_Cr;0
BlockStat;28; 256; 272; 8;16;Depth;5
BlockStat;28; 256; 272; 8;16;QT_Depth;2
BlockStat;28; 256; 272; 8;16;BT_Depth;3
BlockStat;28; 256; 272; 8;16;MT_Depth;3
BlockStat;28; 256; 272; 8;16;ChromaQPAdj;0
BlockStat;28; 256; 272; 8;16;QP;38
BlockStat;28; 256; 272; 8;16;SplitSeries;2198561
BlockStat;28; 256; 272; 8;16;SkipFlag;0
BlockStat;28; 256; 272; 8;16;PredMode;0
BlockStat;28; 256; 272; 8;16;MergeFlag;0
BlockStat;28; 256; 272; 8;16;InterDir;1
BlockStat;28; 256; 272; 8;16;MVPIdxL0;1
BlockStat;28; 256; 272; 8;16;RefIdxL0;0
BlockStat;28; 256; 272; 8;16;MVDL0; -28; -16
BlockStat;28; 256; 272; 8;16;MVL0; 128; -56
BlockStat;28; 256; 272; 8;16;IMVMode;1
BlockStat;28; 256; 272; 8;16;RootCbf;1
BlockStat;28; 256; 272; 8; 4;Cbf_Y;2
BlockStat;28; 256; 272; 8; 4;TransformSkipFlag_Y;0
BlockStat;28; 256; 272; 8; 4;Cbf_Cb;0
BlockStat;28; 256; 272; 8; 4;Cbf_Cr;0
BlockStat;28; 256; 276; 8;12;Cbf_Y;0
BlockStat;28; 256; 276; 8;12;TransformSkipFlag_Y;0
BlockStat;28; 256; 276; 8;12;Cbf_Cb;0
BlockStat;28; 256; 276; 8;12;Cbf_Cr;0
BlockStat;28; 264; 256; 8;16;Depth;5
BlockStat;28; 264; 256; 8;16;QT_Depth;2
BlockStat;28; 264; 256; 8;16;BT_Depth;3
BlockStat;28; 264; 256; 8;16;MT_Depth;3
BlockStat;28; 264; 256; 8;16;ChromaQPAdj;0
BlockStat;28; 264; 256; 8;16;QP;38
BlockStat;28; 264; 256; 8;16;SplitSeries;2198561
BlockStat;28; 264; 256; 8;16;SkipFlag;0
BlockStat;28; 264; 256; 8;16;PredMode;1
BlockStat;28; 264; 256; 8;16;Luma_IntraMode;0
BlockStat;28; 264; 256; 8;16;Chroma_IntraMode;0
BlockStat;28; 264; 256; 8;16;MultiRefIdx;0
BlockStat;28; 264; 256; 8;16;Cbf_Y;1
BlockStat;28; 264; 256; 8;16;TransformSkipFlag_Y;0
BlockStat;28; 264; 256; 8;16;Cbf_Cb;0
BlockStat;28; 264; 256; 8;16;Cbf_Cr;0
BlockStat;28; 264; 272; 8;16;Depth;5
BlockStat;28; 264; 272; 8;16;QT_Depth;2
BlockStat;28; 264; 272; 8;16;BT_Depth;3
BlockStat;28; 264; 272; 8;16;MT_Depth;3
BlockStat;28; 264; 272; 8;16;ChromaQPAdj;0
BlockStat;28; 264; 272; 8;16;QP;38
BlockStat;28; 264; 272; 8;16;SplitSeries;2198561
BlockStat;28; 264; 272; 8;16;SkipFlag;0
BlockStat;28; 264; 272; 8;16;PredMode;0
BlockStat;28; 264; 272; 8;16;MergeFlag;0
BlockStat;28; 264; 272; 8;16;InterDir;1
BlockStat;28; 264; 272; 8;16;MVPIdxL0;0
BlockStat;28; 264; 272; 8;16;RefIdxL0;0
BlockStat;28; 264; 272; 8;16;MVDL0;   0;  -6
BlockStat;28; 264; 272; 8;16;MVL0; 128; -62
BlockStat;28; 264; 272; 8;16;IMVMode;3
BlockStat;28; 264; 272; 8;16;RootCbf;1
BlockStat;28; 264; 272; 8; 4;Cbf_Y;2
BlockStat;28; 264; 272; 8; 4;TransformSkipFlag_Y;0
BlockStat;28; 264; 272; 8; 4;Cbf_Cb;0
BlockStat;28; 264; 272; 8; 4;Cbf_Cr;0
BlockStat;28; 264; 276; 8;12;Cbf_Y;0
BlockStat;28; 264; 276; 8;12;TransformSkipFlag_Y;0
BlockStat;28; 264; 276; 8;12;Cbf_Cb;0
BlockStat;28; 264; 276; 8;12;Cbf_Cr;0
BlockStat;28; 272; 256;16; 8;Depth;4
BlockStat;28; 272; 256;16; 8;QT_Depth;2
BlockStat;28; 272; 256;16; 8;BT_Depth;3
BlockStat;28; 272; 256;16; 8;MT_Depth;2
BlockStat;28; 272; 256;16; 8;ChromaQPAdj;0
BlockStat;28; 272; 256;16; 8;QP;38
BlockStat;28; 272; 256;16; 8;SplitSeries;134177
BlockStat;28; 272; 256;16; 8;SkipFlag;0
BlockStat;28; 272; 256;16; 8;PredMode;1
BlockStat;28; 272; 256;16; 8;Luma_IntraMode;4
BlockStat;28; 272; 256;16; 8;Chroma_IntraMode;67
BlockStat;28; 272; 256;16; 8;MultiRefIdx;0
BlockStat;28; 272; 256;16; 8;Cbf_Y;1
BlockStat;28; 272; 256;16; 8;TransformSkipFlag_Y;0
BlockStat;28; 272; 256;16; 8;Cbf_Cb;0
BlockStat;28; 272; 256;16; 8;Cbf_Cr;0
BlockStat;28; 272; 264; 4;16;Depth;5
BlockStat;28; 272; 264; 4;16;QT_Depth;2
BlockStat;28; 272; 264; 4;16;BT_Depth;4
BlockStat;28; 272; 264; 4;16;MT_Depth;3
BlockStat;28; 272; 264; 4;16;ChromaQPAdj;0
BlockStat;28; 272; 264; 4;16;QP;38
BlockStat;28; 272; 264; 4;16;SplitSeries;5377057
BlockStat;28; 272; 264; 4;16;SkipFlag;0
BlockStat;28; 272; 264; 4;16;PredMode;1
BlockStat;28; 272; 264; 4;16;Luma_IntraMode;1
BlockStat;28; 272; 264; 4;16;Chroma_IntraMode;1
BlockStat;28; 272; 264; 4;16;MultiRefIdx;3
BlockStat;28; 272; 264; 4;16;Cbf_Y;1
BlockStat;28; 272; 264; 4;16;TransformSkipFlag_Y;2
BlockStat;28; 272; 264; 4;16;Cbf_Cb;0
BlockStat;28; 272; 264; 4;16;Cbf_Cr;0
BlockStat;28; 276; 264; 8;16;Depth;5
BlockStat;28; 276; 264; 8;16;QT_Depth;2
BlockStat;28; 276; 264; 8;16;BT_Depth;3
BlockStat;28; 276; 264; 8;16;MT_Depth;3
BlockStat;28; 276; 264; 8;16;ChromaQPAdj;0
BlockStat;28; 276; 264; 8;16;QP;38
BlockStat;28; 276; 264; 8;16;SplitSeries;5377057
BlockStat;28; 276; 264; 8;16;SkipFlag;0
BlockStat;28; 276; 264; 8;16;PredMode;1
BlockStat;28; 276; 264; 8;16;Luma_IntraMode;0
BlockStat;28; 276; 264; 8;16;Chroma_IntraMode;0
BlockStat;28; 276; 264; 8;16;MultiRefIdx;0
BlockStat;28; 276; 264; 8;16;Cbf_Y;1
BlockStat;28; 276; 264; 8;16;TransformSkipFlag_Y;2
BlockStat;28; 276; 264; 8;16;Cbf_Cb;0
BlockStat;28; 276; 264; 8;16;Cbf_Cr;0
BlockStat;28; 284; 264; 4;16;Depth;5
BlockStat;28; 284; 264; 4;16;QT_Depth;2
BlockStat;28; 284; 264; 4;16;BT_Depth;4
BlockStat;28; 284; 264; 4;16;MT_Depth;3
BlockStat;28; 284; 264; 4;16;ChromaQPAdj;0
BlockStat;28; 284; 264; 4;16;QP;38
BlockStat;28; 284; 264; 4;16;SplitSeries;5377057
BlockStat;28; 284; 264; 4;16;SkipFlag;0
BlockStat;28; 284; 264; 4;16;PredMode;1
BlockStat;28; 284; 264; 4;16;Luma_IntraMode;0
BlockStat;28; 284; 264; 4;16;Chroma_IntraMode;0
BlockStat;28; 284; 264; 4;16;MultiRefIdx;0
BlockStat;28; 284; 264; 4;16;Cbf_Y;1
BlockStat;28; 284; 264; 4;16;TransformSkipFlag_Y;2
BlockStat;28; 284; 264; 4;16;Cbf_Cb;0
BlockStat;28; 284; 264; 4;16;Cbf_Cr;0
BlockStat;28; 272; 280; 8; 8;Depth;5
BlockStat;28; 272; 280; 8; 8;QT_Depth;2
BlockStat;28; 272; 280; 8; 8;BT_Depth;4
BlockStat;28; 272; 280; 8; 8;MT_Depth;3
BlockStat;28; 272; 280; 8; 8;ChromaQPAdj;0
BlockStat;28; 272; 280; 8; 8;QP;38
BlockStat;28; 272; 280; 8; 8;SplitSeries;3279905
BlockStat;28; 272; 280; 8; 8;SkipFlag;0
BlockStat;28; 272; 280; 8; 8;PredMode;1
BlockStat;28; 272; 280; 8; 8;Luma_IntraMode;0
BlockStat;28; 272; 280; 8; 8;Chroma_IntraMode;0
BlockStat;28; 272; 280; 8; 8;MultiRefIdx;0
BlockStat;28; 272; 280; 8; 2;Cbf_Y;2
BlockStat;28; 272; 280; 8; 2;TransformSkipFlag_Y;0
BlockStat;28;   0;   0; 0; 0;Cbf_Cb;0
BlockStat;28;   0;   0; 0; 0;Cbf_Cr;0
BlockStat;28; 272; 282; 8; 2;Cbf_Y;2
BlockStat;28; 272; 282; 8; 2;TransformSkipFlag_Y;0
BlockStat;28;   0;   0; 0; 0;Cbf_Cb;0
BlockStat;28;   0;   0; 0; 0;Cbf_Cr;0
BlockStat;28; 272; 284; 8; 2;Cbf_Y;0
BlockStat;28; 272; 284; 8; 2;TransformSkipFlag_Y;0
BlockStat;28;   0;   0; 0; 0;Cbf_Cb;0
BlockStat;28;   0;   0; 0; 0;Cbf_Cr;0
BlockStat;28; 272; 286; 8; 2;Cbf_Y;0
BlockStat;28; 272; 286; 8; 2;TransformSkipFlag_Y;0
BlockStat;28; 272; 280; 8; 8;Cbf_Cb;0
BlockStat;28; 272; 280; 8; 8;Cbf_Cr;0
BlockStat;28; 280; 280; 8; 8;Depth;5
BlockStat;28; 280; 280; 8; 8;QT_Depth;2
BlockStat;28; 280; 280; 8; 8;BT_Depth;4
BlockStat;28; 280; 280; 8; 8;MT_Depth;3
BlockStat;28; 280; 280; 8; 8;ChromaQPAdj;0
BlockStat;28; 280; 280; 8; 8;QP;38
BlockStat;28; 280; 280; 8; 8;SplitSeries;3279905
BlockStat;28; 280; 280; 8; 8;SkipFlag;0
BlockStat;28; 280; 280; 8; 8;PredMode;1
BlockStat;28; 280; 280; 8; 8;Luma_IntraMode;1
BlockStat;28; 280; 280; 8; 8;Chroma_IntraMode;1
BlockStat;28; 280; 280; 8; 8;MultiRefIdx;0
BlockStat;28; 280; 280; 8; 8;Cbf_Y;1
BlockStat;28; 280; 280; 8; 8;TransformSkipFlag_Y;2
BlockStat;28; 280; 280; 8; 8;Cbf_Cb;0
BlockStat;28; 280; 280; 8; 8;Cbf_Cr;0
BlockStat;28; 288; 256;16;16;Depth;4
BlockStat;28; 288; 256;16;16;QT_Depth;2
BlockStat;28; 288; 256;16;16;BT_Depth;2
BlockStat;28; 288; 256;16;16;MT_Depth;2
BlockStat;28; 288; 256;16;16;ChromaQPAdj;0
BlockStat;28; 288; 256;16;16;QP;38
BlockStat;28; 288; 256;16;16;SplitSeries;100385
BlockStat;28; 288; 256;16;16;SkipFlag;0
BlockStat;28; 288; 256;16;16;PredMode;1
BlockStat;28; 288; 256;16;16;Luma_IntraMode;4
BlockStat;28; 288; 256;16;16;Chroma_IntraMode;4
BlockStat;28; 288; 256;16;16;MultiRefIdx;0
BlockStat;28; 288; 256;16;16;Cbf_Y;1
BlockStat;28; 288; 256;16;16;TransformSkipFlag_Y;2
BlockStat;28; 288; 256;16;16;Cbf_Cb;0
BlockStat;28; 288; 256;16;16;Cbf_Cr;0
BlockStat;28; 304; 256;16; 4;Depth;5
BlockStat;28; 304; 256;16; 4;QT_Depth;2
BlockStat;28; 304; 256;16; 4;BT_Depth;4
BlockStat;28; 304; 256;16; 4;MT_Depth;3
BlockStat;28; 304; 256;16; 4;ChromaQPAdj;0
BlockStat;28; 304; 256;16; 4;QP;38
BlockStat;28; 304; 256;16; 4;SplitSeries;4294689
BlockStat;28; 304; 256;16; 4;SkipFlag;1
BlockStat;28; 304; 256;16; 4;MMVDSkipFlag;0
BlockStat;28; 304; 256;16; 4;PredMode;0
BlockStat;28; 304; 256;16; 4;MergeIdx;0
BlockStat;28; 304; 256;16; 4;MergeType;0
BlockStat;28; 304; 256;16; 4;MMVDMergeFlag;0
BlockStat;28; 304; 256;16; 4;MVPIdxL0;255
BlockStat;28; 304; 256;16; 4;RefIdxL0;0
BlockStat;28; 304; 256;16; 4;MVPIdxL1;255
BlockStat;28; 304; 256;16; 4;RefIdxL1;0
BlockStat;28; 304; 256;16; 4;MVDL0;   0;   0
BlockStat;28; 304; 256;16; 4;MVL0; -17;  24
BlockStat;28; 304; 256;16; 4;MVDL1;   0;   0
BlockStat;28; 304; 256;16; 4;MVL1; -18;  25
BlockStat;28; 304; 260;16; 8;Depth;5
BlockStat;28; 304; 260;16; 8;QT_Depth;2
BlockStat;28; 304; 260;16; 8;BT_Depth;3
BlockStat;28; 304; 260;16; 8;MT_Depth;3
BlockStat;28; 304; 260;16; 8;ChromaQPAdj;0
BlockStat;28; 304; 260;16; 8;QP;38
BlockStat;28; 304; 260;16; 8;SplitSeries;4294689
BlockStat;28; 304; 260;16; 8;SkipFlag;0
BlockStat;28; 304; 260;16; 8;PredMode;1
BlockStat;28; 304; 260;16; 8;Luma_IntraMode;0
BlockStat;28; 304; 260;16; 8;Chroma_IntraMode;68
BlockStat;28; 304; 260;16; 8;MultiRefIdx;0
BlockStat;28; 304; 260; 4; 8;Cbf_Y;2
BlockStat;28; 304; 260; 4; 8;TransformSkipFlag_Y;0
BlockStat;28;   0;   0; 0; 0;Cbf_Cb;0
BlockStat;28;   0;   0; 0; 0;Cbf_Cr;0
BlockStat;28; 308; 260; 4; 8;Cbf_Y;0
BlockStat;28; 308; 260; 4; 8;TransformSkipFlag_Y;0
BlockStat;28;   0;   0; 0; 0;Cbf_Cb;0
BlockStat;28;   0;   0; 0; 0;Cbf_Cr;0
BlockStat;28; 312; 260; 4; 8;Cbf_Y;2
BlockStat;28; 312; 260; 4; 8;TransformSkipFlag_Y;0
BlockStat;28;   0;   0; 0; 0;Cbf_Cb;0
BlockStat;28;   0;   0; 0; 0;Cbf_Cr;0
BlockStat;28; 316; 260; 4; 8;Cbf_Y;2
BlockStat;28; 316; 260; 4; 8;TransformSkipFlag_Y;0
BlockStat;28; 304; 260;16; 8;Cbf_Cb;0
BlockStat;28; 304; 260;16; 8;Cbf_Cr;0
BlockStat;28; 304; 268;16; 4;Depth;5
BlockStat;28; 304; 268;16; 4;QT_Depth;2
BlockStat;28; 304; 268;16; 4;BT_Depth;4
BlockStat;28; 304; 268;16; 4;MT_Depth;3
BlockStat;28; 304; 268;16; 4;ChromaQPAdj;0
BlockStat;28; 304; 268;16; 4;QP;38
BlockStat;28; 304; 268;16; 4;SplitSeries;4294689
BlockStat;28; 304; 268;16; 4;SkipFlag;0
BlockStat;28; 304; 268;16; 4;PredMode;1
BlockStat;28; 304; 268;16; 4;Luma_IntraMode;4
BlockStat;28; 304; 268;16; 4;Chroma_IntraMode;4
BlockStat;28; 304; 268;16; 4;MultiRefIdx;3
BlockStat;28; 304; 268;16; 4;Cbf_Y;1
BlockStat;28; 304; 268;16; 4;TransformSkipFlag_Y;2
BlockStat;28; 304; 268;16; 4;Cbf_Cb;0
BlockStat;28; 304; 268;16; 4;Cbf_Cr;0
BlockStat;28; 288; 272;16; 4;Depth;5
BlockStat;28; 288; 272;16; 4;QT_Depth;2
BlockStat;28; 288; 272;16; 4;BT_Depth;4
BlockStat;28; 288; 272;16; 4;MT_Depth;3
BlockStat;28; 288; 272;16; 4;ChromaQPAdj;0
BlockStat;28; 288; 272;16; 4;QP;38
BlockStat;28; 288; 272;16; 4;SplitSeries;4294689
BlockStat;28; 288; 272;16; 4;SkipFlag;0
BlockStat;28; 288; 272;16; 4;PredMode;1
BlockStat;28; 288; 272;16; 4;Luma_IntraMode;4
BlockStat;28; 288; 272;16; 4;Chroma_IntraMode;0
BlockStat;28; 288; 272;16; 4;MultiRefIdx;0
BlockStat;28; 288; 272;16; 4;Cbf_Y;1
BlockStat;28; 288; 272;16; 4;TransformSkipFlag_Y;2
BlockStat;28; 288; 272;16; 4;Cbf_Cb;0
BlockStat;28; 288; 272;16; 4;Cbf_Cr;0
BlockStat;28; 288; 276;16; 8;Depth;5
BlockStat;28; 288; 276;16; 8;QT_Depth;2
BlockStat;28; 288; 276;16; 8;BT_Depth;3
BlockStat;28; 288; 276;16; 8;MT_Depth;3
BlockStat;28; 288; 276;16; 8;ChromaQPAdj;0
BlockStat;28; 288; 276;16; 8;QP;38
BlockStat;28; 288; 276;16; 8;SplitSeries;4294689
BlockStat;28; 288; 276;16; 8;SkipFlag;0
BlockStat;28; 288; 276;16; 8;PredMode;1
BlockStat;28; 288; 276;16; 8;Luma_IntraMode;0
BlockStat;28; 288; 276;16; 8;Chroma_IntraMode;0
BlockStat;28; 288; 276;16; 8;MultiRefIdx;0
BlockStat;28; 288; 276;16; 8;Cbf_Y;1
BlockStat;28; 288; 276;16; 8;TransformSkipFlag_Y;0
BlockStat;28; 288; 276;16; 8;Cbf_Cb;0
BlockStat;28; 288; 276;16; 8;Cbf_Cr;0
BlockStat;28; 288; 284;16; 4;Depth;5
BlockStat;28; 288; 284;16; 4;QT_Depth;2
BlockStat;28; 288; 284;16; 4;BT_Depth;4
BlockStat;28; 288; 284;16; 4;MT_Depth;3
BlockStat;28; 288; 284;16; 4;ChromaQPAdj;0
BlockStat;28; 288; 284;16; 4;QP;38
BlockStat;28; 288; 284;16; 4;SplitSeries;4294689
BlockStat;28; 288; 284;16; 4;SkipFlag;0
BlockStat;28; 288; 284;16; 4;PredMode;1
BlockStat;28; 288; 284;16; 4;Luma_IntraMode;5
BlockStat;28; 288; 284;16; 4;Chroma_IntraMode;0
BlockStat;28; 288; 284;16; 4;MultiRefIdx;0
BlockStat;28; 288; 284;16; 4;Cbf_Y;1
BlockStat;28; 288; 284;16; 4;TransformSkipFlag_Y;0
BlockStat;28; 288; 284;16; 4;Cbf_Cb;0
BlockStat;28; 288; 284;16; 4;Cbf_Cr;0
BlockStat;28; 304; 272;16;16;Depth;4
BlockStat;28; 304; 272;16;16;QT_Depth;2
BlockStat;28; 304; 272;16;16;BT_Depth;2
BlockStat;28; 304; 272;16;16;MT_Depth;2
BlockStat;28; 304; 272;16;16;ChromaQPAdj;0
BlockStat;28; 304; 272;16;16;QP;38
BlockStat;28; 304; 272;16;16;SplitSeries;100385
BlockStat;28; 304; 272;16;16;SkipFlag;0
BlockStat;28; 304; 272;16;16;PredMode;1
BlockStat;28; 304; 272;16;16;Luma_IntraMode;10
BlockStat;28; 304; 272;16;16;Chroma_IntraMode;0
BlockStat;28; 304; 272;16;16;MultiRefIdx;0
BlockStat;28; 304; 272;16;16;Cbf_Y;1
BlockStat;28; 304; 272;16;16;TransformSkipFlag_Y;2
BlockStat;28; 304; 272;16;16;Cbf_Cb;0
BlockStat;28; 304; 272;16;16;Cbf_Cr;0
BlockStat;28; 256; 288;32;32;Depth;2
BlockStat;28; 256; 288;32;32;QT_Depth;2
BlockStat;28; 256; 288;32;32;BT_Depth;0
BlockStat;28; 256; 288;32;32;MT_Depth;0
BlockStat;28; 256; 288;32;32;ChromaQPAdj;0
BlockStat;28; 256; 288;32;32;QP;38
BlockStat;28; 256; 288;32;32;SplitSeries;33
BlockStat;28; 256; 288;32;32;SkipFlag;0
BlockStat;28; 256; 288;32;32;PredMode;1
BlockStat;28; 256; 288;32;32;Luma_IntraMode;4
BlockStat;28; 256; 288;32;32;Chroma_IntraMode;18
BlockStat;28; 256; 288;32;32;MultiRefIdx;0
BlockStat;28; 256; 288;32;32;Cbf_Y;1
BlockStat;28; 256; 288;32;32;TransformSkipFlag_Y;2
BlockStat;28; 256; 288;32;32;Cbf_Cb;0
BlockStat;28; 256; 288;32;32;Cbf_Cr;0
BlockStat;28; 288; 288;16;32;Depth;3
BlockStat;28; 288; 288;16;32;QT_Depth;2
BlockStat;28; 288; 288;16;32;BT_Depth;1
BlockStat;28; 288; 288;16;32;MT_Depth;1
BlockStat;28; 288; 288;16;32;ChromaQPAdj;0
BlockStat;28; 288; 288;16;32;QP;38
BlockStat;28; 288; 288;16;32;SplitSeries;3105
BlockStat;28; 288; 288;16;32;SkipFlag;0
BlockStat;28; 288; 288;16;32;PredMode;1
BlockStat;28; 288; 288;16;32;Luma_IntraMode;32
BlockStat;28; 288; 288;16;32;Chroma_IntraMode;32
BlockStat;28; 288; 288;16;32;MultiRefIdx;0
BlockStat;28; 288; 288;16;32;Cbf_Y;1
BlockStat;28; 288; 288;16;32;TransformSkipFlag_Y;2
BlockStat;28; 288; 288;16;32;Cbf_Cb;0
BlockStat;28; 288; 288;16;32;Cbf_Cr;0
BlockStat;28; 304; 288;16; 8;Depth;5
BlockStat;28; 304; 288;16; 8;QT_Depth;2
BlockStat;28; 304; 288;16; 8;BT_Depth;3
BlockStat;28; 304; 288;16; 8;MT_Depth;3
BlockStat;28; 304; 288;16; 8;ChromaQPAdj;0
BlockStat;28; 304; 288;16; 8;QP;38
BlockStat;28; 304; 288;16; 8;SplitSeries;2165793
BlockStat;28; 304; 288;16; 8;SkipFlag;0
BlockStat;28; 304; 288;16; 8;PredMode;1
BlockStat;28; 304; 288;16; 8;Luma_IntraMode;0
BlockStat;28; 304; 288;16; 8;Chroma_IntraMode;0
BlockStat;28; 304; 288;16; 8;MultiRefIdx;0
BlockStat;28; 304; 288;16; 8;Cbf_Y;1
BlockStat;28; 304; 288;16; 8;TransformSkipFlag_Y;0
BlockStat;28; 304; 288;16; 8;Cbf_Cb;0
BlockStat;28; 304; 288;16; 8;Cbf_Cr;0
BlockStat;28; 304; 296;16; 8;Depth;5
BlockStat;28; 304; 296;16; 8;QT_Depth;2
BlockStat;28; 304; 296;16; 8;BT_Depth;3
BlockStat;28; 304; 296;16; 8;MT_Depth;3
BlockStat;28; 304; 296;16; 8;ChromaQPAdj;0
BlockStat;28; 304; 296;16; 8;QP;38
BlockStat;28; 304; 296;16; 8;SplitSeries;2165793
BlockStat;28; 304; 296;16; 8;SkipFlag;0
BlockStat;28; 304; 296;16; 8;PredMode;1
BlockStat;28; 304; 296;16; 8;Luma_IntraMode;1
BlockStat;28; 304; 296;16; 8;Chroma_IntraMode;1
BlockStat;28; 304; 296;16; 8;MultiRefIdx;0
BlockStat;28; 304; 296;16; 8;Cbf_Y;1
BlockStat;28; 304; 296;16; 8;TransformSkipFlag_Y;2
BlockStat;28; 304; 296;16; 8;Cbf_Cb;0
BlockStat;28; 304; 296;16; 8;Cbf_Cr;0
BlockStat;28; 304; 304; 4;16;Depth;5
BlockStat;28; 304; 304; 4;16;QT_Depth;2
BlockStat;28; 304; 304; 4;16;BT_Depth;4
BlockStat;28; 304; 304; 4;16;MT_Depth;3
BlockStat;28; 304; 304; 4;16;ChromaQPAdj;0
BlockStat;28; 304; 304; 4;16;QP;38
BlockStat;28; 304; 304; 4;16;SplitSeries;5311521
BlockStat;28; 304; 304; 4;16;SkipFlag;0
BlockStat;28; 304; 304; 4;16;PredMode;1
BlockStat;28; 304; 304; 4;16;Luma_IntraMode;0
BlockStat;28; 304; 304; 4;16;Chroma_IntraMode;1
BlockStat;28; 304; 304; 4;16;MultiRefIdx;0
BlockStat;28; 304; 304; 4;16;Cbf_Y;1
BlockStat;28; 304; 304; 4;16;TransformSkipFlag_Y;2
BlockStat;28; 304; 304; 4;16;Cbf_Cb;0
BlockStat;28; 304; 304; 4;16;Cbf_Cr;0
BlockStat;28; 308; 304; 8;16;Depth;5
BlockStat;28; 308; 304; 8;16;QT_Depth;2
BlockStat;28; 308; 304; 8;16;BT_Depth;3
BlockStat;28; 308; 304; 8;16;MT_Depth;3
BlockStat;28; 308; 304; 8;16;ChromaQPAdj;0
BlockStat;28; 308; 304; 8;16;QP;38
BlockStat;28; 308; 304; 8;16;SplitSeries;5311521
BlockStat;28; 308; 304; 8;16;SkipFlag;0
BlockStat;28; 308; 304; 8;16;PredMode;1
BlockStat;28; 308; 304; 8;16;Luma_IntraMode;0
BlockStat;28; 308; 304; 8;16;Chroma_IntraMode;0
BlockStat;28; 308; 304; 8;16;MultiRefIdx;0
BlockStat;28; 308; 304; 8;16;Cbf_Y;1
BlockStat;28; 308; 304; 8;16;TransformSkipFlag_Y;0
BlockStat;28; 308; 304; 8;16;Cbf_Cb;0
BlockStat;28; 308; 304; 8;16;Cbf_Cr;1
BlockStat;28; 316; 304; 4;16;Depth;5
BlockStat;28; 316; 304; 4;16;QT_Depth;2
BlockStat;28; 316; 304; 4;16;BT_Depth;4
BlockStat;28; 316; 304; 4;16;MT_Depth;3
BlockStat;28; 316; 304; 4;16;ChromaQPAdj;0
BlockStat;28; 316; 304; 4;16;QP;38
BlockStat;28; 316; 304; 4;16;SplitSeries;5311521
BlockStat;28; 316; 304; 4;16;SkipFlag;0
BlockStat;28; 316; 304; 4;16;PredMode;1
BlockStat;28; 316; 304; 4;16;Luma_IntraMode;1
BlockStat;28; 316; 304; 4;16;Chroma_IntraMode;0
BlockStat;28; 316; 304; 4;16;MultiRefIdx;1
BlockStat;28; 316; 304; 4;16;Cbf_Y;1
BlockStat;28; 316; 304; 4;16;TransformSkipFlag_Y;2
BlockStat;28; 316; 304; 4;16;Cbf_Cb;0
BlockStat;28; 316; 304; 4;16;Cbf_Cr;0
BlockStat;28; 320; 256; 4;16;Depth;4
BlockStat;28; 320; 256; 4;16;QT_Depth;3
BlockStat;28; 320; 256; 4;16;BT_Depth;2
BlockStat;28; 320; 256; 4;16;MT_Depth;1
BlockStat;28; 320; 256; 4;16;ChromaQPAdj;0
BlockStat;28; 320; 256; 4;16;QP;38
BlockStat;28; 320; 256; 4;16;SplitSeries;164897
BlockStat;28; 320; 256; 4;16;SkipFlag;0
BlockStat;28; 320; 256; 4;16;PredMode;1
BlockStat;28; 320; 256; 4;16;Luma_IntraMode;0
BlockStat;28; 320; 256; 4;16;Chroma_IntraMode;0
BlockStat;28; 320; 256; 4;16;MultiRefIdx;0
BlockStat;28; 320; 256; 4;16;Cbf_Y;1
BlockStat;28; 320; 256; 4;16;TransformSkipFlag_Y;2
BlockStat;28; 320; 256; 4;16;Cbf_Cb;0
BlockStat;28; 320; 256; 4;16;Cbf_Cr;0
BlockStat;28; 324; 256; 8;16;Depth;4
BlockStat;28; 324; 256; 8;16;QT_Depth;3
BlockStat;28; 324; 256; 8;16;BT_Depth;1
BlockStat;28; 324; 256; 8;16;MT_Depth;1
BlockStat;28; 324; 256; 8;16;ChromaQPAdj;0
BlockStat;28; 324; 256; 8;16;QP;38
BlockStat;28; 324; 256; 8;16;SplitSeries;164897
BlockStat;28; 324; 256; 8;16;SkipFlag;0
BlockStat;28; 324; 256; 8;16;PredMode;1
BlockStat;28; 324; 256; 8;16;Luma_IntraMode;0
BlockStat;28; 324; 256; 8;16;Chroma_IntraMode;0
BlockStat;28; 324; 256; 8;16;MultiRefIdx;0
BlockStat;28; 324; 256; 8;16;Cbf_Y;1
BlockStat;28; 324; 256; 8;16;TransformSkipFlag_Y;2
BlockStat;28; 324; 256; 8;16;Cbf_Cb;0
BlockStat;28; 324; 256; 8;16;Cbf_Cr;0
BlockStat;28; 332; 256; 4;16;Depth;4
BlockStat;28; 332; 256; 4;16;QT_Depth;3
BlockStat;28; 332; 256; 4;16;BT_Depth;2
BlockStat;28; 332; 256; 4;16;MT_Depth;1
BlockStat;28; 332; 256; 4;16;ChromaQPAdj;0
BlockStat;28; 332; 256; 4;16;QP;38
BlockStat;28; 332; 256; 4;16;SplitSeries;164897
BlockStat;28; 332; 256; 4;16;SkipFlag;0
BlockStat;28; 332; 256; 4;16;PredMode;1
BlockStat;28; 332; 256; 4;16;Luma_IntraMode;18
BlockStat;28; 332; 256; 4;16;Chroma_IntraMode;18
BlockStat;28; 332; 256; 4;16;MultiRefIdx;0
BlockStat;28; 332; 256; 4;16;Cbf_Y;1
BlockStat;28; 332; 256; 4;16;TransformSkipFlag_Y;2
BlockStat;28; 332; 256; 4;16;Cbf_Cb;0
BlockStat;28; 332; 256; 4;16;Cbf_Cr;0
BlockStat;28; 336; 256; 4; 4;Depth;6
BlockStat;28; 336; 256; 4; 4;QT_Depth;3
BlockStat;28; 336; 256; 4; 4;BT_Depth;4
BlockStat;28; 336; 256; 4; 4;MT_Depth;3
BlockStat;28; 336; 256; 4; 4;ChromaQPAdj;0
BlockStat;28; 336; 256; 4; 4;QP;38
BlockStat;28; 336; 256; 4; 4;SplitSeries;104956961
BlockStat;28; 336; 256; 4; 4;SkipFlag;0
BlockStat;28; 336; 256; 4; 4;PredMode;1
BlockStat;28; 336; 256; 4; 4;Luma_IntraMode;0
BlockStat;28; 336; 256; 4; 4;MultiRefIdx;0
BlockStat;28; 336; 256; 4; 4;Cbf_Y;1
BlockStat;28; 336; 256; 4; 4;TransformSkipFlag_Y;0
BlockStat;28; 340; 256; 4; 4;Depth;6
BlockStat;28; 340; 256; 4; 4;QT_Depth;3
BlockStat;28; 340; 256; 4; 4;BT_Depth;4
BlockStat;28; 340; 256; 4; 4;MT_Depth;3
BlockStat;28; 340; 256; 4; 4;ChromaQPAdj;0
BlockStat;28; 340; 256; 4; 4;QP;38
BlockStat;28; 340; 256; 4; 4;SplitSeries;104956961
BlockStat;28; 340; 256; 4; 4;SkipFlag;0
BlockStat;28; 340; 256; 4; 4;PredMode;1
BlockStat;28; 340; 256; 4; 4;Luma_IntraMode;0
BlockStat;28; 340; 256; 4; 4;MultiRefIdx;0
BlockStat;28; 340; 256; 4; 4;Cbf_Y;1
BlockStat;28; 340; 256; 4; 4;TransformSkipFlag_Y;2
BlockStat;28; 336; 260; 8; 8;Depth;5
BlockStat;28; 336; 260; 8; 8;QT_Depth;3
BlockStat;28; 336; 260; 8; 8;BT_Depth;2
BlockStat;28; 336; 260; 8; 8;MT_Depth;2
BlockStat;28; 336; 260; 8; 8;ChromaQPAdj;0
BlockStat;28; 336; 260; 8; 8;QP;38
BlockStat;28; 336; 260; 8; 8;SplitSeries;4293665
BlockStat;28; 336; 260; 8; 8;SkipFlag;0
BlockStat;28; 336; 260; 8; 8;PredMode;1
BlockStat;28; 336; 260; 8; 8;Luma_IntraMode;18
BlockStat;28; 336; 260; 8; 8;MultiRefIdx;0
BlockStat;28; 336; 260; 8; 8;Cbf_Y;1
BlockStat;28; 336; 260; 8; 8;TransformSkipFlag_Y;0
BlockStat;28; 336; 268; 4; 4;Depth;6
BlockStat;28; 336; 268; 4; 4;QT_Depth;3
BlockStat;28; 336; 268; 4; 4;BT_Depth;4
BlockStat;28; 336; 268; 4; 4;MT_Depth;3
BlockStat;28; 336; 268; 4; 4;ChromaQPAdj;0
BlockStat;28; 336; 268; 4; 4;QP;38
BlockStat;28; 336; 268; 4; 4;SplitSeries;104956961
BlockStat;28; 336; 268; 4; 4;SkipFlag;0
BlockStat;28; 336; 268; 4; 4;PredMode;1
BlockStat;28; 336; 268; 4; 4;Luma_IntraMode;0
BlockStat;28; 336; 268; 4; 4;MultiRefIdx;0
BlockStat;28; 336; 268; 4; 4;Cbf_Y;1
BlockStat;28; 336; 268; 4; 4;TransformSkipFlag_Y;0
BlockStat;28; 340; 268; 4; 4;Depth;6
BlockStat;28; 340; 268; 4; 4;QT_Depth;3
BlockStat;28; 340; 268; 4; 4;BT_Depth;4
BlockStat;28; 340; 268; 4; 4;MT_Depth;3
BlockStat;28; 340; 268; 4; 4;ChromaQPAdj;0
BlockStat;28; 340; 268; 4; 4;QP;38
BlockStat;28; 340; 268; 4; 4;SplitSeries;104956961
BlockStat;28; 340; 268; 4; 4;SkipFlag;0
BlockStat;28; 340; 268; 4; 4;PredMode;1
BlockStat;28; 340; 268; 4; 4;Luma_IntraMode;0
BlockStat;28; 340; 268; 4; 4;MultiRefIdx;0
BlockStat;28; 340; 268; 4; 4;Cbf_Y;1
BlockStat;28; 340; 268; 4; 4;TransformSkipFlag_Y;0
BlockStat;28;   0;   0; 0; 0;Depth;4
BlockStat;28;   0;   0; 0; 0;QT_Depth;3
BlockStat;28;   0;   0; 0; 0;BT_Depth;1
BlockStat;28;   0;   0; 0; 0;MT_Depth;1
BlockStat;28;   0;   0; 0; 0;ChromaQPAdj;0
BlockStat;28;   0;   0; 0; 0;QP;38
BlockStat;28;   0;   0; 0; 0;SplitSeries;99361
BlockStat;28;   0;   0; 0; 0;PredMode;1
BlockStat;28; 336; 256; 8;16;Chroma_IntraMode;18
BlockStat;28; 336; 256; 8;16;Cbf_Cb;0
BlockStat;28; 336; 256; 8;16;Cbf_Cr;0
BlockStat;28; 344; 256; 8;16;Depth;4
BlockStat;28; 344; 256; 8;16;QT_Depth;3
BlockStat;28; 344; 256; 8;16;BT_Depth;1
BlockStat;28; 344; 256; 8;16;MT_Depth;1
BlockStat;28; 344; 256; 8;16;ChromaQPAdj;0
BlockStat;28; 344; 256; 8;16;QP;38
BlockStat;28; 344; 256; 8;16;SplitSeries;99361
BlockStat;28; 344; 256; 8;16;SkipFlag;0
BlockStat;28; 344; 256; 8;16;PredMode;1
BlockStat;28; 344; 256; 8;16;Luma_IntraMode;45
BlockStat;28; 344; 256; 8;16;Chroma_IntraMode;45
BlockStat;28; 344; 256; 8;16;MultiRefIdx;0
BlockStat;28; 344; 256; 8;16;Cbf_Y;0
BlockStat;28; 344; 256; 8;16;TransformSkipFlag_Y;0
BlockStat;28; 344; 256; 8;16;Cbf_Cb;0
BlockStat;28; 344; 256; 8;16;Cbf_Cr;0
BlockStat;28; 320; 272;16;16;Depth;3
BlockStat;28; 320; 272;16;16;QT_Depth;3
BlockStat;28; 320; 272;16;16;BT_Depth;0
BlockStat;28; 320; 272;16;16;MT_Depth;0
BlockStat;28; 320; 272;16;16;ChromaQPAdj;0
BlockStat;28; 320; 272;16;16;QP;38
BlockStat;28; 320; 272;16;16;SplitSeries;1057
BlockStat;28; 320; 272;16;16;SkipFlag;0
BlockStat;28; 320; 272;16;16;PredMode;1
BlockStat;28; 320; 272;16;16;Luma_IntraMode;3
BlockStat;28; 320; 272;16;16;Chroma_IntraMode;0
BlockStat;28; 320; 272;16;16;MultiRefIdx;0
BlockStat;28; 320; 272;16;16;Cbf_Y;1
BlockStat;28; 320; 272;16;16;TransformSkipFlag_Y;0
BlockStat;28; 320; 272;16;16;Cbf_Cb;0
BlockStat;28; 320; 272;16;16;Cbf_Cr;0
BlockStat;28; 336; 272; 8; 4;Depth;5
BlockStat;28; 336; 272; 8; 4;QT_Depth;3
BlockStat;28; 336; 272; 8; 4;BT_Depth;3
BlockStat;28; 336; 272; 8; 4;MT_Depth;2
BlockStat;28; 336; 272; 8; 4;ChromaQPAdj;0
BlockStat;28; 336; 272; 8; 4;QP;38
BlockStat;28; 336; 272; 8; 4;SplitSeries;3277857
BlockStat;28; 336; 272; 8; 4;SkipFlag;0
BlockStat;28; 336; 272; 8; 4;PredMode;1
BlockStat;28; 336; 272; 8; 4;Luma_IntraMode;3
BlockStat;28; 336; 272; 8; 4;MultiRefIdx;0
BlockStat;28; 336; 272; 8; 4;Cbf_Y;1
BlockStat;28; 336; 272; 8; 4;TransformSkipFlag_Y;0
BlockStat;28; 344; 272; 8; 4;Depth;5
BlockStat;28; 344; 272; 8; 4;QT_Depth;3
BlockStat;28; 344; 272; 8; 4;BT_Depth;3
BlockStat;28; 344; 272; 8; 4;MT_Depth;2
BlockStat;28; 344; 272; 8; 4;ChromaQPAdj;0
BlockStat;28; 344; 272; 8; 4;QP;38
BlockStat;28; 344; 272; 8; 4;SplitSeries;3277857
BlockStat;28; 344; 272; 8; 4;SkipFlag;0
BlockStat;28; 344; 272; 8; 4;PredMode;1
BlockStat;28; 344; 272; 8; 4;Luma_IntraMode;45
BlockStat;28; 344; 272; 8; 4;MultiRefIdx;0
BlockStat;28; 344; 272; 8; 4;Cbf_Y;1
BlockStat;28; 344; 272; 8; 4;TransformSkipFlag_Y;0
BlockStat;28;   0;   0; 0; 0;Depth;4
BlockStat;28;   0;   0; 0; 0;QT_Depth;3
BlockStat;28;   0;   0; 0; 0;BT_Depth;2
BlockStat;28;   0;   0; 0; 0;MT_Depth;1
BlockStat;28;   0;   0; 0; 0;ChromaQPAdj;0
BlockStat;28;   0;   0; 0; 0;QP;38
BlockStat;28;   0;   0; 0; 0;SplitSeries;132129
BlockStat;28;   0;   0; 0; 0;PredMode;1
BlockStat;28; 336; 272;16; 4;Chroma_IntraMode;45
BlockStat;28; 336; 272;16; 4;Cbf_Cb;0
BlockStat;28; 336; 272;16; 4;Cbf_Cr;0
BlockStat;28; 336; 276; 8; 8;Depth;5
BlockStat;28; 336; 276; 8; 8;QT_Depth;3
BlockStat;28; 336; 276; 8; 8;BT_Depth;2
BlockStat;28; 336; 276; 8; 8;MT_Depth;2
BlockStat;28; 336; 276; 8; 8;ChromaQPAdj;0
BlockStat;28; 336; 276; 8; 8;QP;38
BlockStat;28; 336; 276; 8; 8;SplitSeries;3277857
BlockStat;28; 336; 276; 8; 8;SkipFlag;0
BlockStat;28; 336; 276; 8; 8;PredMode;1
BlockStat;28; 336; 276; 8; 8;Luma_IntraMode;1
BlockStat;28; 336; 276; 8; 8;Chroma_IntraMode;1
BlockStat;28; 336; 276; 8; 8;MultiRefIdx;0
BlockStat;28; 336; 276; 8; 8;Cbf_Y;0
BlockStat;28; 336; 276; 8; 8;TransformSkipFlag_Y;0
BlockStat;28; 336; 276; 8; 8;Cbf_Cb;0
BlockStat;28; 336; 276; 8; 8;Cbf_Cr;0
BlockStat;28; 344; 276; 8; 8;Depth;5
BlockStat;28; 344; 276; 8; 8;QT_Depth;3
BlockStat;28; 344; 276; 8; 8;BT_Depth;2
BlockStat;28; 344; 276; 8; 8;MT_Depth;2
BlockStat;28; 344; 276; 8; 8;ChromaQPAdj;0
BlockStat;28; 344; 276; 8; 8;QP;38
BlockStat;28; 344; 276; 8; 8;SplitSeries;3277857
BlockStat;28; 344; 276; 8; 8;SkipFlag;0
BlockStat;28; 344; 276; 8; 8;PredMode;1
BlockStat;28; 344; 276; 8; 8;Luma_IntraMode;45
BlockStat;28; 344; 276; 8; 8;Chroma_IntraMode;45
BlockStat;28; 344; 276; 8; 8;MultiRefIdx;3
BlockStat;28; 344; 276; 8; 8;Cbf_Y;1
BlockStat;28; 344; 276; 8; 8;TransformSkipFlag_Y;2
BlockStat;28; 344; 276; 8; 8;Cbf_Cb;0
BlockStat;28; 344; 276; 8; 8;Cbf_Cr;0
BlockStat;28; 336; 284;16; 4;Depth;4
BlockStat;28; 336; 284;16; 4;QT_Depth;3
BlockStat;28; 336; 284;16; 4;BT_Depth;2
BlockStat;28; 336; 284;16; 4;MT_Depth;1
BlockStat;28; 336; 284;16; 4;ChromaQPAdj;0
BlockStat;28; 336; 284;16; 4;QP;38
BlockStat;28; 336; 284;16; 4;SplitSeries;132129
BlockStat;28; 336; 284;16; 4;SkipFlag;0
BlockStat;28; 336; 284;16; 4;PredMode;1
BlockStat;28; 336; 284;16; 4;Luma_IntraMode;44
BlockStat;28; 336; 284;16; 4;Chroma_IntraMode;44
BlockStat;28; 336; 284;16; 4;MultiRefIdx;0
BlockStat;28; 336; 284;16; 4;Cbf_Y;1
BlockStat;28; 336; 284;16; 4;TransformSkipFlag_Y;0
BlockStat;28; 336; 284;16; 4;Cbf_Cb;0
BlockStat;28; 336; 284;16; 4;Cbf_Cr;0
BlockStat;28; 352; 256;32;32;Depth;2
BlockStat;28; 352; 256;32;32;QT_Depth;2
BlockStat;28; 352; 256;32;32;BT_Depth;0
BlockStat;28; 352; 256;32;32;MT_Depth;0
BlockStat;28; 352; 256;32;32;ChromaQPAdj;0
BlockStat;28; 352; 256;32;32;QP;38
BlockStat;28; 352; 256;32;32;SplitSeries;33
BlockStat;28; 352; 256;32;32;SkipFlag;0
BlockStat;28; 352; 256;32;32;PredMode;1
BlockStat;28; 352; 256;32;32;Luma_IntraMode;4
BlockStat;28; 352; 256;32;32;Chroma_IntraMode;69
BlockStat;28; 352; 256;32;32;MultiRefIdx;0
BlockStat;28; 352; 256;32;32;Cbf_Y;1
BlockStat;28; 352; 256;32;32;TransformSkipFlag_Y;2
BlockStat;28; 352; 256;32;32;Cbf_Cb;0
BlockStat;28; 352; 256;32;32;Cbf_Cr;0
BlockStat;28; 320; 288;16;16;Depth;4
BlockStat;28; 320; 288;16;16;QT_Depth;2
BlockStat;28; 320; 288;16;16;BT_Depth;2
BlockStat;28; 320; 288;16;16;MT_Depth;2
BlockStat;28; 320; 288;16;16;ChromaQPAdj;0
BlockStat;28; 320; 288;16;16;QP;38
BlockStat;28; 320; 288;16;16;SplitSeries;68641
BlockStat;28; 320; 288;16;16;SkipFlag;0
BlockStat;28; 320; 288;16;16;PredMode;1
BlockStat;28; 320; 288;16;16;Luma_IntraMode;1
BlockStat;28; 320; 288;16;16;Chroma_IntraMode;1
BlockStat;28; 320; 288;16;16;MultiRefIdx;0
BlockStat;28; 320; 288;16;16;Cbf_Y;1
BlockStat;28; 320; 288;16;16;TransformSkipFlag_Y;2
BlockStat;28; 320; 288;16;16;Cbf_Cb;0
BlockStat;28; 320; 288;16;16;Cbf_Cr;0
BlockStat;28; 320; 304;16;16;Depth;4
BlockStat;28; 320; 304;16;16;QT_Depth;2
BlockStat;28; 320; 304;16;16;BT_Depth;2
BlockStat;28; 320; 304;16;16;MT_Depth;2
BlockStat;28; 320; 304;16;16;ChromaQPAdj;0
BlockStat;28; 320; 304;16;16;QP;38
BlockStat;28; 320; 304;16;16;SplitSeries;68641
BlockStat;28; 320; 304;16;16;SkipFlag;0
BlockStat;28; 320; 304;16;16;PredMode;1
BlockStat;28; 320; 304;16;16;Luma_IntraMode;65
BlockStat;28; 320; 304;16;16;Chroma_IntraMode;65
BlockStat;28; 320; 304;16;16;MultiRefIdx;0
BlockStat;28; 320; 304;16;16;Cbf_Y;1
BlockStat;28; 320; 304;16;16;TransformSkipFlag_Y;2
BlockStat;28; 320; 304;16;16;Cbf_Cb;0
BlockStat;28; 320; 304;16;16;Cbf_Cr;0
BlockStat;28; 336; 288; 8; 8;Depth;5
BlockStat;28; 336; 288; 8; 8;QT_Depth;2
BlockStat;28; 336; 288; 8; 8;BT_Depth;4
BlockStat;28; 336; 288; 8; 8;MT_Depth;3
BlockStat;28; 336; 288; 8; 8;ChromaQPAdj;0
BlockStat;28; 336; 288; 8; 8;QP;38
BlockStat;28; 336; 288; 8; 8;SplitSeries;3279905
BlockStat;28; 336; 288; 8; 8;SkipFlag;0
BlockStat;28; 336; 288; 8; 8;PredMode;1
BlockStat;28; 336; 288; 8; 8;Luma_IntraMode;0
BlockStat;28; 336; 288; 8; 8;Chroma_IntraMode;0
BlockStat;28; 336; 288; 8; 8;MultiRefIdx;0
BlockStat;28; 336; 288; 8; 8;Cbf_Y;1
BlockStat;28; 336; 288; 8; 8;TransformSkipFlag_Y;2
BlockStat;28; 336; 288; 8; 8;Cbf_Cb;0
BlockStat;28; 336; 288; 8; 8;Cbf_Cr;0
BlockStat;28; 344; 288; 8; 8;Depth;5
BlockStat;28; 344; 288; 8; 8;QT_Depth;2
BlockStat;28; 344; 288; 8; 8;BT_Depth;4
BlockStat;28; 344; 288; 8; 8;MT_Depth;3
BlockStat;28; 344; 288; 8; 8;ChromaQPAdj;0
BlockStat;28; 344; 288; 8; 8;QP;38
BlockStat;28; 344; 288; 8; 8;SplitSeries;3279905
BlockStat;28; 344; 288; 8; 8;SkipFlag;0
BlockStat;28; 344; 288; 8; 8;PredMode;1
BlockStat;28; 344; 288; 8; 8;Luma_IntraMode;0
BlockStat;28; 344; 288; 8; 8;Chroma_IntraMode;67
BlockStat;28; 344; 288; 8; 8;MultiRefIdx;0
BlockStat;28; 344; 288; 8; 8;Cbf_Y;1
BlockStat;28; 344; 288; 8; 8;TransformSkipFlag_Y;0
BlockStat;28; 344; 288; 8; 8;Cbf_Cb;0
BlockStat;28; 344; 288; 8; 8;Cbf_Cr;0
BlockStat;28; 336; 296;16;16;Depth;4
BlockStat;28; 336; 296;16;16;QT_Depth;2
BlockStat;28; 336; 296;16;16;BT_Depth;2
BlockStat;28; 336; 296;16;16;MT_Depth;2
BlockStat;28; 336; 296;16;16;ChromaQPAdj;0
BlockStat;28; 336; 296;16;16;QP;38
BlockStat;28; 336; 296;16;16;SplitSeries;134177
BlockStat;28; 336; 296;16;16;SkipFlag;0
BlockStat;28; 336; 296;16;16;PredMode;1
BlockStat;28; 336; 296;16;16;Luma_IntraMode;9
BlockStat;28; 336; 296;16;16;Chroma_IntraMode;0
BlockStat;28; 336; 296;16;16;MultiRefIdx;0
BlockStat;28; 336; 296;16;16;Cbf_Y;1
BlockStat;28; 336; 296;16;16;TransformSkipFlag_Y;0
BlockStat;28; 336; 296;16;16;Cbf_Cb;0
BlockStat;28; 336; 296;16;16;Cbf_Cr;0
BlockStat;28; 336; 312;16; 8;Depth;4
BlockStat;28; 336; 312;16; 8;QT_Depth;2
BlockStat;28; 336; 312;16; 8;BT_Depth;3
BlockStat;28; 336; 312;16; 8;MT_Depth;2
BlockStat;28; 336; 312;16; 8;ChromaQPAdj;0
BlockStat;28; 336; 312;16; 8;QP;38
BlockStat;28; 336; 312;16; 8;SplitSeries;134177
BlockStat;28; 336; 312;16; 8;SkipFlag;0
BlockStat;28; 336; 312;16; 8;PredMode;1
BlockStat;28; 336; 312;16; 8;Luma_IntraMode;0
BlockStat;28; 336; 312;16; 8;Chroma_IntraMode;0
BlockStat;28; 336; 312;16; 8;MultiRefIdx;0
BlockStat;28; 336; 312;16; 8;Cbf_Y;1
BlockStat;28; 336; 312;16; 8;TransformSkipFlag_Y;0
BlockStat;28; 336; 312;16; 8;Cbf_Cb;0
BlockStat;28; 336; 312;16; 8;Cbf_Cr;0
BlockStat;28; 352; 288;32;16;Depth;3
BlockStat;28; 352; 288;32;16;QT_Depth;2
BlockStat;28; 352; 288;32;16;BT_Depth;1
BlockStat;28; 352; 288;32;16;MT_Depth;1
BlockStat;28; 352; 288;32;16;ChromaQPAdj;0
BlockStat;28; 352; 288;32;16;QP;38
BlockStat;28; 352; 288;32;16;SplitSeries;2081
BlockStat;28; 352; 288;32;16;SkipFlag;0
BlockStat;28; 352; 288;32;16;PredMode;1
BlockStat;28; 352; 288;32;16;Luma_IntraMode;44
BlockStat;28; 352; 288;32;16;Chroma_IntraMode;44
BlockStat;28; 352; 288;32;16;MultiRefIdx;0
BlockStat;28; 352; 288;32;16;Cbf_Y;0
BlockStat;28; 352; 288;32;16;TransformSkipFlag_Y;0
BlockStat;28; 352; 288;32;16;Cbf_Cb;0
BlockStat;28; 352; 288;32;16;Cbf_Cr;0
BlockStat;28; 352; 304;32;16;Depth;3
BlockStat;28; 352; 304;32;16;QT_Depth;2
BlockStat;28; 352; 304;32;16;BT_Depth;1
BlockStat;28; 352; 304;32;16;MT_Depth;1
BlockStat;28; 352; 304;32;16;ChromaQPAdj;0
BlockStat;28; 352; 304;32;16;QP;38
BlockStat;28; 352; 304;32;16;SplitSeries;2081
BlockStat;28; 352; 304;32;16;SkipFlag;0
BlockStat;28; 352; 304;32;16;PredMode;1
BlockStat;28; 352; 304;32;16;Luma_IntraMode;46
BlockStat;28; 352; 304;32;16;Chroma_IntraMode;46
BlockStat;28; 352; 304;32;16;MultiRefIdx;0
BlockStat;28; 352; 304;32;16;Cbf_Y;1
BlockStat;28; 352; 304;32;16;TransformSkipFlag_Y;0
BlockStat;28; 352; 304;32;16;Cbf_Cb;0
BlockStat;28; 352; 304;32;16;Cbf_Cr;0
BlockStat;28; 256; 320;64;64;Depth;1
BlockStat;28; 256; 320;64;64;QT_Depth;1
BlockStat;28; 256; 320;64;64;BT_Depth;0
BlockStat;28; 256; 320;64;64;MT_Depth;0
BlockStat;28; 256; 320;64;64;ChromaQPAdj;0
BlockStat;28; 256; 320;64;64;QP;38
BlockStat;28; 256; 320;64;64;SplitSeries;1
BlockStat;28; 256; 320;64;64;SkipFlag;0
BlockStat;28; 256; 320;64;64;PredMode;0
BlockStat;28; 256; 320;64;64;MergeFlag;1
BlockStat;28; 256; 320;64;64;MergeIdx;45
BlockStat;28; 256; 320;64;64;MergeType;0
BlockStat;28; 256; 320;64;64;MMVDMergeFlag;1
BlockStat;28; 256; 320;64;64;MMVDMergeIdx;45
BlockStat;28; 256; 320;64;64;MVPIdxL0;255
BlockStat;28; 256; 320;64;64;RefIdxL0;0
BlockStat;28; 256; 320;64;64;MVDL0;   0;   0
BlockStat;28; 256; 320;64;64;MVL0; 182; -40
BlockStat;28; 256; 320;64;64;Cbf_Y;1
BlockStat;28; 256; 320;64;64;TransformSkipFlag_Y;0
BlockStat;28; 256; 320;64;64;Cbf_Cb;0
BlockStat;28; 256; 320;64;64;Cbf_Cr;0
BlockStat;28; 320; 320; 8;32;Depth;4
BlockStat;28; 320; 320; 8;32;QT_Depth;2
BlockStat;28; 320; 320; 8;32;BT_Depth;2
BlockStat;28; 320; 320; 8;32;MT_Depth;2
BlockStat;28; 320; 320; 8;32;ChromaQPAdj;0
BlockStat;28; 320; 320; 8;32;QP;38
BlockStat;28; 320; 320; 8;32;SplitSeries;101409
BlockStat;28; 320; 320; 8;32;SkipFlag;0
BlockStat;28; 320; 320; 8;32;PredMode;1
BlockStat;28; 320; 320; 8;32;Luma_IntraMode;39
BlockStat;28; 320; 320; 8;32;Chroma_IntraMode;39
BlockStat;28; 320; 320; 8;32;MultiRefIdx;0
BlockStat;28; 320; 320; 8;32;Cbf_Y;0
BlockStat;28; 320; 320; 8;32;TransformSkipFlag_Y;0
BlockStat;28; 320; 320; 8;32;Cbf_Cb;0
BlockStat;28; 320; 320; 8;32;Cbf_Cr;0
BlockStat;28; 328; 320; 8;32;Depth;4
BlockStat;28; 328; 320; 8;32;QT_Depth;2
BlockStat;28; 328; 320; 8;32;BT_Depth;2
BlockStat;28; 328; 320; 8;32;MT_Depth;2
BlockStat;28; 328; 320; 8;32;ChromaQPAdj;0
BlockStat;28; 328; 320; 8;32;QP;38
BlockStat;28; 328; 320; 8;32;SplitSeries;101409
BlockStat;28; 328; 320; 8;32;SkipFlag;0
BlockStat;28; 328; 320; 8;32;PredMode;1
BlockStat;28; 328; 320; 8;32;Luma_IntraMode;0
BlockStat;28; 328; 320; 8;32;Chroma_IntraMode;0
BlockStat;28; 328; 320; 8;32;MultiRefIdx;0
BlockStat;28; 328; 320; 8; 8;Cbf_Y;2
BlockStat;28; 328; 320; 8; 8;TransformSkipFlag_Y;0
BlockStat;28;   0;   0; 0; 0;Cbf_Cb;0
BlockStat;28;   0;   0; 0; 0;Cbf_Cr;0
BlockStat;28; 328; 328; 8; 8;Cbf_Y;2
BlockStat;28; 328; 328; 8; 8;TransformSkipFlag_Y;0
BlockStat;28;   0;   0; 0; 0;Cbf_Cb;0
BlockStat;28;   0;   0; 0; 0;Cbf_Cr;0
BlockStat;28; 328; 336; 8; 8;Cbf_Y;2
BlockStat;28; 328; 336; 8; 8;TransformSkipFlag_Y;0
BlockStat;28;   0;   0; 0; 0;Cbf_Cb;0
BlockStat;28;   0;   0; 0; 0;Cbf_Cr;0
BlockStat;28; 328; 344; 8; 8;Cbf_Y;2
BlockStat;28; 328; 344; 8; 8;TransformSkipFlag_Y;0
BlockStat;28; 328; 320; 8;32;Cbf_Cb;0
BlockStat;28; 328; 320; 8;32;Cbf_Cr;0
BlockStat;28; 336; 320;16;16;Depth;4
BlockStat;28; 336; 320;16;16;QT_Depth;2
BlockStat;28; 336; 320;16;16;BT_Depth;2
BlockStat;28; 336; 320;16;16;MT_Depth;2
BlockStat;28; 336; 320;16;16;ChromaQPAdj;0
BlockStat;28; 336; 320;16;16;QP;38
BlockStat;28; 336; 320;16;16;SplitSeries;68641
BlockStat;28; 336; 320;16;16;SkipFlag;0
BlockStat;28; 336; 320;16;16;PredMode;1
BlockStat;28; 336; 320;16;16;Luma_IntraMode;1
BlockStat;28; 336; 320;16;16;Chroma_IntraMode;1
BlockStat;28; 336; 320;16;16;MultiRefIdx;3
BlockStat;28; 336; 320;16;16;Cbf_Y;1
BlockStat;28; 336; 320;16;16;TransformSkipFlag_Y;2
BlockStat;28; 336; 320;16;16;Cbf_Cb;0
BlockStat;28; 336; 320;16;16;Cbf_Cr;0
BlockStat;28; 336; 336;16;16;Depth;4
BlockStat;28; 336; 336;16;16;QT_Depth;2
BlockStat;28; 336; 336;16;16;BT_Depth;2
BlockStat;28; 336; 336;16;16;MT_Depth;2
BlockStat;28; 336; 336;16;16;ChromaQPAdj;0
BlockStat;28; 336; 336;16;16;QP;38
BlockStat;28; 336; 336;16;16;SplitSeries;68641
BlockStat;28; 336; 336;16;16;SkipFlag;0
BlockStat;28; 336; 336;16;16;PredMode;1
BlockStat;28; 336; 336;16;16;Luma_IntraMode;4
BlockStat;28; 336; 336;16;16;Chroma_IntraMode;50
BlockStat;28; 336; 336;16;16;MultiRefIdx;0
BlockStat;28; 336; 336;16;16;Cbf_Y;1
BlockStat;28; 336; 336;16;16;TransformSkipFlag_Y;2
BlockStat;28; 336; 336;16;16;Cbf_Cb;0
BlockStat;28; 336; 336;16;16;Cbf_Cr;0
BlockStat;28; 352; 320; 8;32;Depth;3
BlockStat;28; 352; 320; 8;32;QT_Depth;2
BlockStat;28; 352; 320; 8;32;BT_Depth;2
BlockStat;28; 352; 320; 8;32;MT_Depth;1
BlockStat;28; 352; 320; 8;32;ChromaQPAdj;0
BlockStat;28; 352; 320; 8;32;QP;38
BlockStat;28; 352; 320; 8;32;SplitSeries;5153
BlockStat;28; 352; 320; 8;32;SkipFlag;0
BlockStat;28; 352; 320; 8;32;PredMode;1
BlockStat;28; 352; 320; 8;32;Luma_IntraMode;47
BlockStat;28; 352; 320; 8;32;Chroma_IntraMode;47
BlockStat;28; 352; 320; 8;32;MultiRefIdx;0
BlockStat;28; 352; 320; 8;32;Cbf_Y;1
BlockStat;28; 352; 320; 8;32;TransformSkipFlag_Y;0
BlockStat;28; 352; 320; 8;32;Cbf_Cb;0
BlockStat;28; 352; 320; 8;32;Cbf_Cr;0
BlockStat;28; 360; 320;16;32;Depth;3
BlockStat;28; 360; 320;16;32;QT_Depth;2
BlockStat;28; 360; 320;16;32;BT_Depth;1
BlockStat;28; 360; 320;16;32;MT_Depth;1
BlockStat;28; 360; 320;16;32;ChromaQPAdj;0
BlockStat;28; 360; 320;16;32;QP;38
BlockStat;28; 360; 320;16;32;SplitSeries;5153
BlockStat;28; 360; 320;16;32;SkipFlag;0
BlockStat;28; 360; 320;16;32;PredMode;0
BlockStat;28; 360; 320;16;32;MergeFlag;0
BlockStat;28; 360; 320;16;32;InterDir;1
BlockStat;28; 360; 320;16;32;AffineFlag;0
BlockStat;28; 360; 320;16;32;MVPIdxL0;1
BlockStat;28; 360; 320;16;32;RefIdxL0;0
BlockStat;28; 360; 320;16;32;MVDL0; -16; -96
BlockStat;28; 360; 320;16;32;MVL0; 160;-144
BlockStat;28; 360; 320;16;32;IMVMode;2
BlockStat;28; 360; 320;16;32;RootCbf;0
BlockStat;28; 376; 320; 8;32;Depth;3
BlockStat;28; 376; 320; 8;32;QT_Depth;2
BlockStat;28; 376; 320; 8;32;BT_Depth;2
BlockStat;28; 376; 320; 8;32;MT_Depth;1
BlockStat;28; 376; 320; 8;32;ChromaQPAdj;0
BlockStat;28; 376; 320; 8;32;QP;38
BlockStat;28; 376; 320; 8;32;SplitSeries;5153
BlockStat;28; 376; 320; 8;32;SkipFlag;0
BlockStat;28; 376; 320; 8;32;PredMode;1
BlockStat;28; 376; 320; 8;32;Luma_IntraMode;1
BlockStat;28; 376; 320; 8;32;Chroma_IntraMode;0
BlockStat;28; 376; 320; 8;32;MultiRefIdx;0
BlockStat;28; 376; 320; 8;32;Cbf_Y;0
BlockStat;28; 376; 320; 8;32;TransformSkipFlag_Y;0
BlockStat;28; 376; 320; 8;32;Cbf_Cb;0
BlockStat;28; 376; 320; 8;32;Cbf_Cr;0
BlockStat;28; 320; 352; 8;32;Depth;3
BlockStat;28; 320; 352; 8;32;QT_Depth;2
BlockStat;28; 320; 352; 8;32;BT_Depth;2
BlockStat;28; 320; 352; 8;32;MT_Depth;1
BlockStat;28; 320; 352; 8;32;ChromaQPAdj;0
BlockStat;28; 320; 352; 8;32;QP;38
BlockStat;28; 320; 352; 8;32;SplitSeries;5153
BlockStat;28; 320; 352; 8;32;SkipFlag;1
BlockStat;28; 320; 352; 8;32;MMVDSkipFlag;0
BlockStat;28; 320; 352; 8;32;PredMode;0
BlockStat;28; 320; 352; 8;32;MergeIdx;0
BlockStat;28; 320; 352; 8;32;MergeType;0
BlockStat;28; 320; 352; 8;32;MMVDMergeFlag;0
BlockStat;28; 320; 352; 8;32;AffineFlag;0
BlockStat;28; 320; 352; 8;32;MVPIdxL0;255
BlockStat;28; 320; 352; 8;32;RefIdxL0;0
BlockStat;28; 320; 352; 8;32;MVDL0;   0;   0
BlockStat;28; 320; 352; 8;32;MVL0; 182; -40
BlockStat;28; 328; 352;16;32;Depth;3
BlockStat;28; 328; 352;16;32;QT_Depth;2
BlockStat;28; 328; 352;16;32;BT_Depth;1
BlockStat;28; 328; 352;16;32;MT_Depth;1
BlockStat;28; 328; 352;16;32;ChromaQPAdj;0
BlockStat;28; 328; 352;16;32;QP;38
BlockStat;28; 328; 352;16;32;SplitSeries;5153
BlockStat;28; 328; 352;16;32;SkipFlag;0
BlockStat;28; 328; 352;16;32;PredMode;1
BlockStat;28; 328; 352;16;32;Luma_IntraMode;38
BlockStat;28; 328; 352;16;32;Chroma_IntraMode;38
BlockStat;28; 328; 352;16;32;MultiRefIdx;0
BlockStat;28; 328; 352;16;32;Cbf_Y;1
BlockStat;28; 328; 352;16;32;TransformSkipFlag_Y;1
BlockStat;28; 328; 352;16;32;Cbf_Cb;0
BlockStat;28; 328; 352;16;32;Cbf_Cr;0
BlockStat;28; 344; 352; 8;16;Depth;4
BlockStat;28; 344; 352; 8;16;QT_Depth;2
BlockStat;28; 344; 352; 8;16;BT_Depth;3
BlockStat;28; 344; 352; 8;16;MT_Depth;2
BlockStat;28; 344; 352; 8;16;ChromaQPAdj;0
BlockStat;28; 344; 352; 8;16;QP;38
BlockStat;28; 344; 352; 8;16;SplitSeries;70689
BlockStat;28; 344; 352; 8;16;SkipFlag;0
BlockStat;28; 344; 352; 8;16;PredMode;1
BlockStat;28; 344; 352; 8;16;Luma_IntraMode;1
BlockStat;28; 344; 352; 8;16;Chroma_IntraMode;50
BlockStat;28; 344; 352; 8;16;MultiRefIdx;0
BlockStat;28; 344; 352; 8; 4;Cbf_Y;2
BlockStat;28; 344; 352; 8; 4;TransformSkipFlag_Y;0
BlockStat;28;   0;   0; 0; 0;Cbf_Cb;0
BlockStat;28;   0;   0; 0; 0;Cbf_Cr;0
BlockStat;28; 344; 356; 8; 4;Cbf_Y;0
BlockStat;28; 344; 356; 8; 4;TransformSkipFlag_Y;0
BlockStat;28;   0;   0; 0; 0;Cbf_Cb;0
BlockStat;28;   0;   0; 0; 0;Cbf_Cr;0
BlockStat;28; 344; 360; 8; 4;Cbf_Y;2
BlockStat;28; 344; 360; 8; 4;TransformSkipFlag_Y;0
BlockStat;28;   0;   0; 0; 0;Cbf_Cb;0
BlockStat;28;   0;   0; 0; 0;Cbf_Cr;0
BlockStat;28; 344; 364; 8; 4;Cbf_Y;2
BlockStat;28; 344; 364; 8; 4;TransformSkipFlag_Y;0
BlockStat;28; 344; 352; 8;16;Cbf_Cb;0
BlockStat;28; 344; 352; 8;16;Cbf_Cr;0
BlockStat;28; 344; 368; 8; 4;Depth;5
BlockStat;28; 344; 368; 8; 4;QT_Depth;2
BlockStat;28; 344; 368; 8; 4;BT_Depth;5
BlockStat;28; 344; 368; 8; 4;MT_Depth;3
BlockStat;28; 344; 368; 8; 4;ChromaQPAdj;0
BlockStat;28; 344; 368; 8; 4;QP;38
BlockStat;28; 344; 368; 8; 4;SplitSeries;4264993
BlockStat;28; 344; 368; 8; 4;SkipFlag;0
BlockStat;28; 344; 368; 8; 4;PredMode;1
BlockStat;28; 344; 368; 8; 4;Luma_IntraMode;38
BlockStat;28; 344; 368; 8; 4;MultiRefIdx;0
BlockStat;28; 344; 368; 8; 2;Cbf_Y;0
BlockStat;28; 344; 368; 8; 2;TransformSkipFlag_Y;0
BlockStat;28; 344; 370; 8; 2;Cbf_Y;2
BlockStat;28; 344; 370; 8; 2;TransformSkipFlag_Y;0
BlockStat;28; 344; 372; 8; 8;Depth;5
BlockStat;28; 344; 372; 8; 8;QT_Depth;2
BlockStat;28; 344; 372; 8; 8;BT_Depth;4
BlockStat;28; 344; 372; 8; 8;MT_Depth;3
BlockStat;28; 344; 372; 8; 8;ChromaQPAdj;0
BlockStat;28; 344; 372; 8; 8;QP;38
BlockStat;28; 344; 372; 8; 8;SplitSeries;4264993
BlockStat;28; 344; 372; 8; 8;SkipFlag;0
BlockStat;28; 344; 372; 8; 8;PredMode;1
BlockStat;28; 344; 372; 8; 8;Luma_IntraMode;0
BlockStat;28; 344; 372; 8; 8;MultiRefIdx;0
BlockStat;28; 344; 372; 2; 8;Cbf_Y;0
BlockStat;28; 344; 372; 2; 8;TransformSkipFlag_Y;0
BlockStat;28; 346; 372; 2; 8;Cbf_Y;2
BlockStat;28; 346; 372; 2; 8;TransformSkipFlag_Y;0
BlockStat;28; 348; 372; 2; 8;Cbf_Y;2
BlockStat;28; 348; 372; 2; 8;TransformSkipFlag_Y;0
BlockStat;28; 350; 372; 2; 8;Cbf_Y;0
BlockStat;28; 350; 372; 2; 8;TransformSkipFlag_Y;0
BlockStat;28; 344; 380; 8; 4;Depth;5
BlockStat;28; 344; 380; 8; 4;QT_Depth;2
BlockStat;28; 344; 380; 8; 4;BT_Depth;5
BlockStat;28; 344; 380; 8; 4;MT_Depth;3
BlockStat;28; 344; 380; 8; 4;ChromaQPAdj;0
BlockStat;28; 344; 380; 8; 4;QP;38
BlockStat;28; 344; 380; 8; 4;SplitSeries;4264993
BlockStat;28; 344; 380; 8; 4;SkipFlag;0
BlockStat;28; 344; 380; 8; 4;PredMode;1
BlockStat;28; 344; 380; 8; 4;Luma_IntraMode;0
BlockStat;28; 344; 380; 8; 4;MultiRefIdx;0
BlockStat;28; 344; 380; 8; 4;Cbf_Y;1
BlockStat;28; 344; 380; 8; 4;TransformSkipFlag_Y;0
BlockStat;28;   0;   0; 0; 0;Depth;4
BlockStat;28;   0;   0; 0; 0;QT_Depth;2
BlockStat;28;   0;   0; 0; 0;BT_Depth;3
BlockStat;28;   0;   0; 0; 0;MT_Depth;2
BlockStat;28;   0;   0; 0; 0;ChromaQPAdj;0
BlockStat;28;   0;   0; 0; 0;QP;38
BlockStat;28;   0;   0; 0; 0;SplitSeries;70689
BlockStat;28;   0;   0; 0; 0;PredMode;1
BlockStat;28; 344; 368; 8;16;Chroma_IntraMode;50
BlockStat;28; 344; 368; 8;16;Cbf_Cb;0
BlockStat;28; 344; 368; 8;16;Cbf_Cr;0
BlockStat;28; 352; 352; 8; 8;Depth;4
BlockStat;28; 352; 352; 8; 8;QT_Depth;2
BlockStat;28; 352; 352; 8; 8;BT_Depth;4
BlockStat;28; 352; 352; 8; 8;MT_Depth;2
BlockStat;28; 352; 352; 8; 8;ChromaQPAdj;0
BlockStat;28; 352; 352; 8; 8;QP;38
BlockStat;28; 352; 352; 8; 8;SplitSeries;136225
BlockStat;28; 352; 352; 8; 8;SkipFlag;0
BlockStat;28; 352; 352; 8; 8;PredMode;1
BlockStat;28; 352; 352; 8; 8;Luma_IntraMode;16
BlockStat;28; 352; 352; 8; 8;Chroma_IntraMode;50
BlockStat;28; 352; 352; 8; 8;MultiRefIdx;0
BlockStat;28; 352; 352; 8; 8;Cbf_Y;1
BlockStat;28; 352; 352; 8; 8;TransformSkipFlag_Y;1
BlockStat;28; 352; 352; 8; 8;Cbf_Cb;0
BlockStat;28; 352; 352; 8; 8;Cbf_Cr;0
BlockStat;28; 352; 360; 8;16;Depth;4
BlockStat;28; 352; 360; 8;16;QT_Depth;2
BlockStat;28; 352; 360; 8;16;BT_Depth;3
BlockStat;28; 352; 360; 8;16;MT_Depth;2
BlockStat;28; 352; 360; 8;16;ChromaQPAdj;0
BlockStat;28; 352; 360; 8;16;QP;38
BlockStat;28; 352; 360; 8;16;SplitSeries;136225
BlockStat;28; 352; 360; 8;16;SkipFlag;0
BlockStat;28; 352; 360; 8;16;PredMode;1
BlockStat;28; 352; 360; 8;16;Luma_IntraMode;65
BlockStat;28; 352; 360; 8;16;Chroma_IntraMode;65
BlockStat;28; 352; 360; 8;16;MultiRefIdx;0
BlockStat;28; 352; 360; 8;16;Cbf_Y;1
BlockStat;28; 352; 360; 8;16;TransformSkipFlag_Y;2
BlockStat;28; 352; 360; 8;16;Cbf_Cb;0
BlockStat;28; 352; 360; 8;16;Cbf_Cr;0
BlockStat;28; 352; 376; 8; 4;Depth;5
BlockStat;28; 352; 376; 8; 4;QT_Depth;2
BlockStat;28; 352; 376; 8; 4;BT_Depth;5
BlockStat;28; 352; 376; 8; 4;MT_Depth;3
BlockStat;28; 352; 376; 8; 4;ChromaQPAdj;0
BlockStat;28; 352; 376; 8; 4;QP;38
BlockStat;28; 352; 376; 8; 4;SplitSeries;2233377
BlockStat;28; 352; 376; 8; 4;SkipFlag;0
BlockStat;28; 352; 376; 8; 4;PredMode;1
BlockStat;28; 352; 376; 8; 4;Luma_IntraMode;65
BlockStat;28; 352; 376; 8; 4;MultiRefIdx;3
BlockStat;28; 352; 376; 8; 4;Cbf_Y;1
BlockStat;28; 352; 376; 8; 4;TransformSkipFlag_Y;2
BlockStat;28; 352; 380; 8; 4;Depth;5
BlockStat;28; 352; 380; 8; 4;QT_Depth;2
BlockStat;28; 352; 380; 8; 4;BT_Depth;5
BlockStat;28; 352; 380; 8; 4;MT_Depth;3
BlockStat;28; 352; 380; 8; 4;ChromaQPAdj;0
BlockStat;28; 352; 380; 8; 4;QP;38
BlockStat;28; 352; 380; 8; 4;SplitSeries;2233377
BlockStat;28; 352; 380; 8; 4;SkipFlag;0
BlockStat;28; 352; 380; 8; 4;PredMode;1
BlockStat;28; 352; 380; 8; 4;Luma_IntraMode;14
BlockStat;28; 352; 380; 8; 4;MultiRefIdx;0
BlockStat;28; 352; 380; 8; 4;Cbf_Y;1
BlockStat;28; 352; 380; 8; 4;TransformSkipFlag_Y;0
BlockStat;28;   0;   0; 0; 0;Depth;4
BlockStat;28;   0;   0; 0; 0;QT_Depth;2
BlockStat;28;   0;   0; 0; 0;BT_Depth;4
BlockStat;28;   0;   0; 0; 0;MT_Depth;2
BlockStat;28;   0;   0; 0; 0;ChromaQPAdj;0
BlockStat;28;   0;   0; 0; 0;QP;38
BlockStat;28;   0;   0; 0; 0;SplitSeries;136225
BlockStat;28;   0;   0; 0; 0;PredMode;1
BlockStat;28; 352; 376; 8; 8;Chroma_IntraMode;0
BlockStat;28; 352; 376; 8; 8;Cbf_Cb;0
BlockStat;28; 352; 376; 8; 8;Cbf_Cr;0
BlockStat;28; 360; 352;16;16;Depth;4
BlockStat;28; 360; 352;16;16;QT_Depth;2
BlockStat;28; 360; 352;16;16;BT_Depth;2
BlockStat;28; 360; 352;16;16;MT_Depth;2
BlockStat;28; 360; 352;16;16;ChromaQPAdj;0
BlockStat;28; 360; 352;16;16;QP;38
BlockStat;28; 360; 352;16;16;SplitSeries;70689
BlockStat;28; 360; 352;16;16;SkipFlag;0
BlockStat;28; 360; 352;16;16;PredMode;1
BlockStat;28; 360; 352;16;16;Luma_IntraMode;47
BlockStat;28; 360; 352;16;16;Chroma_IntraMode;47
BlockStat;28; 360; 352;16;16;MultiRefIdx;0
BlockStat;28; 360; 352;16;16;Cbf_Y;0
BlockStat;28; 360; 352;16;16;TransformSkipFlag_Y;0
BlockStat;28; 360; 352;16;16;Cbf_Cb;0
BlockStat;28; 360; 352;16;16;Cbf_Cr;0
BlockStat;28; 360; 368;16;16;Depth;4
BlockStat;28; 360; 368;16;16;QT_Depth;2
BlockStat;28; 360; 368;16;16;BT_Depth;2
BlockStat;28; 360; 368;16;16;MT_Depth;2
BlockStat;28; 360; 368;16;16;ChromaQPAdj;0
BlockStat;28; 360; 368;16;16;QP;38
BlockStat;28; 360; 368;16;16;SplitSeries;70689
BlockStat;28; 360; 368;16;16;SkipFlag;0
BlockStat;28; 360; 368;16;16;PredMode;1
BlockStat;28; 360; 368;16;16;Luma_IntraMode;47
BlockStat;28; 360; 368;16;16;Chroma_IntraMode;47
BlockStat;28; 360; 368;16;16;MultiRefIdx;0
BlockStat;28; 360; 368; 4;16;Cbf_Y;2
BlockStat;28; 360; 368; 4;16;TransformSkipFlag_Y;0
BlockStat;28;   0;   0; 0; 0;Cbf_Cb;0
BlockStat;28;   0;   0; 0; 0;Cbf_Cr;0
BlockStat;28; 364; 368; 4;16;Cbf_Y;2
BlockStat;28; 364; 368; 4;16;TransformSkipFlag_Y;0
BlockStat;28;   0;   0; 0; 0;Cbf_Cb;0
BlockStat;28;   0;   0; 0; 0;Cbf_Cr;0
BlockStat;28; 368; 368; 4;16;Cbf_Y;2
BlockStat;28; 368; 368; 4;16;TransformSkipFlag_Y;0
BlockStat;28;   0;   0; 0; 0;Cbf_Cb;0
BlockStat;28;   0;   0; 0; 0;Cbf_Cr;0
BlockStat;28; 372; 368; 4;16;Cbf_Y;2
BlockStat;28; 372; 368; 4;16;TransformSkipFlag_Y;0
BlockStat;28; 360; 368;16;16;Cbf_Cb;0
BlockStat;28; 360; 368;16;16;Cbf_Cr;0
BlockStat;28; 376; 352; 8;32;Depth;3
BlockStat;28; 376; 352; 8;32;QT_Depth;2
BlockStat;28; 376; 352; 8;32;BT_Depth;2
BlockStat;28; 376; 352; 8;32;MT_Depth;1
BlockStat;28; 376; 352; 8;32;ChromaQPAdj;0
BlockStat;28; 376; 352; 8;32;QP;38
BlockStat;28; 376; 352; 8;32;SplitSeries;5153
BlockStat;28; 376; 352; 8;32;SkipFlag;0
BlockStat;28; 376; 352; 8;32;PredMode;1
BlockStat;28; 376; 352; 8;32;Luma_IntraMode;3
BlockStat;28; 376; 352; 8;32;Chroma_IntraMode;0
BlockStat;28; 376; 352; 8;32;MultiRefIdx;0
BlockStat;28; 376; 352; 8;32;Cbf_Y;0
BlockStat;28; 376; 352; 8;32;TransformSkipFlag_Y;0
BlockStat;28; 376; 352; 8;32;Cbf_Cb;0
BlockStat;28; 376; 352; 8;32;Cbf_Cr;0
BlockStat;28; 384; 256;32;32;Depth;2
BlockStat;28; 384; 256;32;32;QT_Depth;2
BlockStat;28; 384; 256;32;32;BT_Depth;0
BlockStat;28; 384; 256;32;32;MT_Depth;0
BlockStat;28; 384; 256;32;32;ChromaQPAdj;0
BlockStat;28; 384; 256;32;32;QP;38
BlockStat;28; 384; 256;32;32;SplitSeries;33
BlockStat;28; 384; 256;32;32;SkipFlag;0
BlockStat;28; 384; 256;32;32;PredMode;0
BlockStat;28; 384; 256;32;32;MergeFlag;0
BlockStat;28; 384; 256;32;32;InterDir;1
BlockStat;28; 384; 256;32;32;AffineFlag;1
BlockStat;28; 384; 256;32;32;AffineType;1
BlockStat;28; 384; 256;32;32;MVPIdxL0;0
BlockStat;28; 384; 256;32;32;RefIdxL0;1
BlockStat;28; 384; 256;32;32;AffineMVL0;-305; -11;-295; -35;-330; -25
BlockStat;28; 384; 256;32;32;RootCbf;1
BlockStat;28; 384; 256;32;32;Cbf_Y;1
BlockStat;28; 384; 256;32;32;TransformSkipFlag_Y;0
BlockStat;28; 384; 256;32;32;Cbf_Cb;0
BlockStat;28; 384; 256;32;32;Cbf_Cr;0
BlockStat;28; 416; 256;16;32;Depth;3
BlockStat;28; 416; 256;16;32;QT_Depth;2
BlockStat;28; 416; 256;16;32;BT_Depth;1
BlockStat;28; 416; 256;16;32;MT_Depth;1
BlockStat;28; 416; 256;16;32;ChromaQPAdj;0
BlockStat;28; 416; 256;16;32;QP;38
BlockStat;28; 416; 256;16;32;SplitSeries;3105
BlockStat;28; 416; 256;16;32;SkipFlag;0
BlockStat;28; 416; 256;16;32;PredMode;1
BlockStat;28; 416; 256;16;32;Luma_IntraMode;3
BlockStat;28; 416; 256;16;32;Chroma_IntraMode;0
BlockStat;28; 416; 256;16;32;MultiRefIdx;0
BlockStat;28; 416; 256;16;32;Cbf_Y;0
BlockStat;28; 416; 256;16;32;TransformSkipFlag_Y;0
BlockStat;28; 416; 256;16;32;Cbf_Cb;0
BlockStat;28; 416; 256;16;32;Cbf_Cr;0
BlockStat;28; 432; 256;16;32;Depth;3
BlockStat;28; 432; 256;16;32;QT_Depth;2
BlockStat;28; 432; 256;16;32;BT_Depth;1
BlockStat;28; 432; 256;16;32;MT_Depth;1
BlockStat;28; 432; 256;16;32;ChromaQPAdj;0
BlockStat;28; 432; 256;16;32;QP;38
BlockStat;28; 432; 256;16;32;SplitSeries;3105
BlockStat;28; 432; 256;16;32;SkipFlag;0
BlockStat;28; 432; 256;16;32;PredMode;0
BlockStat;28; 432; 256;16;32;MergeFlag;0
BlockStat;28; 432; 256;16;32;InterDir;3
BlockStat;28; 432; 256;16;32;AffineFlag;1
BlockStat;28; 432; 256;16;32;AffineType;0
BlockStat;28; 432; 256;16;32;MVPIdxL0;0
BlockStat;28; 432; 256;16;32;RefIdxL0;0
BlockStat;28; 432; 256;16;32;MVPIdxL1;0
BlockStat;28; 432; 256;16;32;RefIdxL1;0
BlockStat;28; 432; 256;16;32;AffineMVL0;-106;  -3;-109;   6;-127; -10
BlockStat;28; 432; 256;16;32;AffineMVL1;-112;   0;-112;   0;-112;   0
BlockStat;28; 432; 256;16;32;RootCbf;1
BlockStat;28; 432; 256; 8;32;Cbf_Y;0
BlockStat;28; 432; 256; 8;32;TransformSkipFlag_Y;0
BlockStat;28; 432; 256; 8;32;Cbf_Cb;0
BlockStat;28; 432; 256; 8;32;Cbf_Cr;0
BlockStat;28; 440; 256; 8;32;Cbf_Y;2
BlockStat;28; 440; 256; 8;32;TransformSkipFlag_Y;0
BlockStat;28; 440; 256; 8;32;Cbf_Cb;0
BlockStat;28; 440; 256; 8;32;Cbf_Cr;0
BlockStat;28; 384; 288;16;32;Depth;3
BlockStat;28; 384; 288;16;32;QT_Depth;2
BlockStat;28; 384; 288;16;32;BT_Depth;1
BlockStat;28; 384; 288;16;32;MT_Depth;1
BlockStat;28; 384; 288;16;32;ChromaQPAdj;0
BlockStat;28; 384; 288;16;32;QP;38
BlockStat;28; 384; 288;16;32;SplitSeries;3105
BlockStat;28; 384; 288;16;32;SkipFlag;0
BlockStat;28; 384; 288;16;32;PredMode;1
BlockStat;28; 384; 288;16;32;Luma_IntraMode;10
BlockStat;28; 384; 288;16;32;Chroma_IntraMode;0
BlockStat;28; 384; 288;16;32;MultiRefIdx;0
BlockStat;28; 384; 288;16;32;Cbf_Y;1
BlockStat;28; 384; 288;16;32;TransformSkipFlag_Y;0
BlockStat;28; 384; 288;16;32;Cbf_Cb;0
BlockStat;28; 384; 288;16;32;Cbf_Cr;0
BlockStat;28; 400; 288; 8;16;Depth;5
BlockStat;28; 400; 288; 8;16;QT_Depth;2
BlockStat;28; 400; 288; 8;16;BT_Depth;3
BlockStat;28; 400; 288; 8;16;MT_Depth;3
BlockStat;28; 400; 288; 8;16;ChromaQPAdj;0
BlockStat;28; 400; 288; 8;16;QP;38
BlockStat;28; 400; 288; 8;16;SplitSeries;3214369
BlockStat;28; 400; 288; 8;16;SkipFlag;0
BlockStat;28; 400; 288; 8;16;PredMode;0
BlockStat;28; 400; 288; 8;16;MergeFlag;0
BlockStat;28; 400; 288; 8;16;InterDir;1
BlockStat;28; 400; 288; 8;16;MVPIdxL0;0
BlockStat;28; 400; 288; 8;16;RefIdxL0;0
BlockStat;28; 400; 288; 8;16;MVDL0;   8; 280
BlockStat;28; 400; 288; 8;16;MVL0;  96; 264
BlockStat;28; 400; 288; 8;16;IMVMode;1
BlockStat;28; 400; 288; 8;16;RootCbf;0
BlockStat;28; 408; 288; 8;16;Depth;5
BlockStat;28; 408; 288; 8;16;QT_Depth;2
BlockStat;28; 408; 288; 8;16;BT_Depth;3
BlockStat;28; 408; 288; 8;16;MT_Depth;3
BlockStat;28; 408; 288; 8;16;ChromaQPAdj;0
BlockStat;28; 408; 288; 8;16;QP;38
BlockStat;28; 408; 288; 8;16;SplitSeries;3214369
BlockStat;28; 408; 288; 8;16;SkipFlag;0
BlockStat;28; 408; 288; 8;16;PredMode;0
BlockStat;28; 408; 288; 8;16;MergeFlag;0
BlockStat;28; 408; 288; 8;16;InterDir;1
BlockStat;28; 408; 288; 8;16;MVPIdxL0;0
BlockStat;28; 408; 288; 8;16;RefIdxL0;0
BlockStat;28; 408; 288; 8;16;MVDL0;   0;  10
BlockStat;28; 408; 288; 8;16;MVL0;  96; 274
BlockStat;28; 408; 288; 8;16;IMVMode;3
BlockStat;28; 408; 288; 8;16;RootCbf;1
BlockStat;28; 408; 288; 8;16;Cbf_Y;1
BlockStat;28; 408; 288; 8;16;TransformSkipFlag_Y;0
BlockStat;28; 408; 288; 8;16;Cbf_Cb;0
BlockStat;28; 408; 288; 8;16;Cbf_Cr;0
BlockStat;28; 400; 304; 8;16;Depth;5
BlockStat;28; 400; 304; 8;16;QT_Depth;2
BlockStat;28; 400; 304; 8;16;BT_Depth;3
BlockStat;28; 400; 304; 8;16;MT_Depth;3
BlockStat;28; 400; 304; 8;16;ChromaQPAdj;0
BlockStat;28; 400; 304; 8;16;QP;38
BlockStat;28; 400; 304; 8;16;SplitSeries;3214369
BlockStat;28; 400; 304; 8;16;SkipFlag;0
BlockStat;28; 400; 304; 8;16;PredMode;1
BlockStat;28; 400; 304; 8;16;Luma_IntraMode;57
BlockStat;28; 400; 304; 8;16;Chroma_IntraMode;57
BlockStat;28; 400; 304; 8;16;MultiRefIdx;0
BlockStat;28; 400; 304; 8;16;Cbf_Y;1
BlockStat;28; 400; 304; 8;16;TransformSkipFlag_Y;0
BlockStat;28; 400; 304; 8;16;Cbf_Cb;0
BlockStat;28; 400; 304; 8;16;Cbf_Cr;0
BlockStat;28; 408; 304; 8;16;Depth;5
BlockStat;28; 408; 304; 8;16;QT_Depth;2
BlockStat;28; 408; 304; 8;16;BT_Depth;3
BlockStat;28; 408; 304; 8;16;MT_Depth;3
BlockStat;28; 408; 304; 8;16;ChromaQPAdj;0
BlockStat;28; 408; 304; 8;16;QP;38
BlockStat;28; 408; 304; 8;16;SplitSeries;3214369
BlockStat;28; 408; 304; 8;16;SkipFlag;0
BlockStat;28; 408; 304; 8;16;PredMode;0
BlockStat;28; 408; 304; 8;16;MergeFlag;1
BlockStat;28; 408; 304; 8;16;MergeIdx;0
BlockStat;28; 408; 304; 8;16;MergeType;0
BlockStat;28; 408; 304; 8;16;MMVDMergeFlag;0
BlockStat;28; 408; 304; 8;16;AffineFlag;0
BlockStat;28; 408; 304; 8;16;MHIntraFlag;1
BlockStat;28; 408; 304; 8;16;Luma_IntraMode;0
BlockStat;28; 408; 304; 8;16;Chroma_IntraMode;70
BlockStat;28; 408; 304; 8;16;MVPIdxL0;255
BlockStat;28; 408; 304; 8;16;RefIdxL0;0
BlockStat;28; 408; 304; 8;16;MVDL0;   0;   0
BlockStat;28; 408; 304; 8;16;MVL0;  96; 274
BlockStat;28; 408; 304; 8;16;Cbf_Y;1
BlockStat;28; 408; 304; 8;16;TransformSkipFlag_Y;0
BlockStat;28; 408; 304; 8;16;Cbf_Cb;0
BlockStat;28; 408; 304; 8;16;Cbf_Cr;0
BlockStat;28; 416; 288;16; 8;Depth;5
BlockStat;28; 416; 288;16; 8;QT_Depth;2
BlockStat;28; 416; 288;16; 8;BT_Depth;3
BlockStat;28; 416; 288;16; 8;MT_Depth;3
BlockStat;28; 416; 288;16; 8;ChromaQPAdj;0
BlockStat;28; 416; 288;16; 8;QP;38
BlockStat;28; 416; 288;16; 8;SplitSeries;2165793
BlockStat;28; 416; 288;16; 8;SkipFlag;0
BlockStat;28; 416; 288;16; 8;PredMode;1
BlockStat;28; 416; 288;16; 8;Luma_IntraMode;1
BlockStat;28; 416; 288;16; 8;Chroma_IntraMode;1
BlockStat;28; 416; 288;16; 8;MultiRefIdx;0
BlockStat;28; 416; 288;16; 8;Cbf_Y;0
BlockStat;28; 416; 288;16; 8;TransformSkipFlag_Y;0
BlockStat;28; 416; 288;16; 8;Cbf_Cb;0
BlockStat;28; 416; 288;16; 8;Cbf_Cr;0
BlockStat;28; 416; 296;16; 8;Depth;5
BlockStat;28; 416; 296;16; 8;QT_Depth;2
BlockStat;28; 416; 296;16; 8;BT_Depth;3
BlockStat;28; 416; 296;16; 8;MT_Depth;3
BlockStat;28; 416; 296;16; 8;ChromaQPAdj;0
BlockStat;28; 416; 296;16; 8;QP;38
BlockStat;28; 416; 296;16; 8;SplitSeries;2165793
BlockStat;28; 416; 296;16; 8;SkipFlag;0
BlockStat;28; 416; 296;16; 8;PredMode;1
BlockStat;28; 416; 296;16; 8;Luma_IntraMode;39
BlockStat;28; 416; 296;16; 8;Chroma_IntraMode;39
BlockStat;28; 416; 296;16; 8;MultiRefIdx;0
BlockStat;28; 416; 296; 4; 8;Cbf_Y;2
BlockStat;28; 416; 296; 4; 8;TransformSkipFlag_Y;0
BlockStat;28;   0;   0; 0; 0;Cbf_Cb;0
BlockStat;28;   0;   0; 0; 0;Cbf_Cr;0
BlockStat;28; 420; 296; 4; 8;Cbf_Y;0
BlockStat;28; 420; 296; 4; 8;TransformSkipFlag_Y;0
BlockStat;28;   0;   0; 0; 0;Cbf_Cb;0
BlockStat;28;   0;   0; 0; 0;Cbf_Cr;0
BlockStat;28; 424; 296; 4; 8;Cbf_Y;0
BlockStat;28; 424; 296; 4; 8;TransformSkipFlag_Y;0
BlockStat;28;   0;   0; 0; 0;Cbf_Cb;0
BlockStat;28;   0;   0; 0; 0;Cbf_Cr;0
BlockStat;28; 428; 296; 4; 8;Cbf_Y;0
BlockStat;28; 428; 296; 4; 8;TransformSkipFlag_Y;0
BlockStat;28; 416; 296;16; 8;Cbf_Cb;0
BlockStat;28; 416; 296;16; 8;Cbf_Cr;0
BlockStat;28; 416; 304;16;16;Depth;4
BlockStat;28; 416; 304;16;16;QT_Depth;2
BlockStat;28; 416; 304;16;16;BT_Depth;2
BlockStat;28; 416; 304;16;16;MT_Depth;2
BlockStat;28; 416; 304;16;16;ChromaQPAdj;0
BlockStat;28; 416; 304;16;16;QP;38
BlockStat;28; 416; 304;16;16;SplitSeries;68641
BlockStat;28; 416; 304;16;16;SkipFlag;0
BlockStat;28; 416; 304;16;16;PredMode;1
BlockStat;28; 416; 304;16;16;Luma_IntraMode;33
BlockStat;28; 416; 304;16;16;Chroma_IntraMode;33
BlockStat;28; 416; 304;16;16;MultiRefIdx;0
BlockStat;28; 416; 304;16;16;Cbf_Y;1
BlockStat;28; 416; 304;16;16;TransformSkipFlag_Y;2
BlockStat;28; 416; 304;16;16;Cbf_Cb;0
BlockStat;28; 416; 304;16;16;Cbf_Cr;0
BlockStat;28; 432; 288;16; 8;Depth;4
BlockStat;28; 432; 288;16; 8;QT_Depth;2
BlockStat;28; 432; 288;16; 8;BT_Depth;3
BlockStat;28; 432; 288;16; 8;MT_Depth;2
BlockStat;28; 432; 288;16; 8;ChromaQPAdj;0
BlockStat;28; 432; 288;16; 8;QP;38
BlockStat;28; 432; 288;16; 8;SplitSeries;134177
BlockStat;28; 432; 288;16; 8;SkipFlag;0
BlockStat;28; 432; 288;16; 8;PredMode;1
BlockStat;28; 432; 288;16; 8;Luma_IntraMode;0
BlockStat;28; 432; 288;16; 8;Chroma_IntraMode;0
BlockStat;28; 432; 288;16; 8;MultiRefIdx;0
BlockStat;28; 432; 288;16; 8;Cbf_Y;0
BlockStat;28; 432; 288;16; 8;TransformSkipFlag_Y;0
BlockStat;28; 432; 288;16; 8;Cbf_Cb;0
BlockStat;28; 432; 288;16; 8;Cbf_Cr;0
BlockStat;28; 432; 296;16;16;Depth;4
BlockStat;28; 432; 296;16;16;QT_Depth;2
BlockStat;28; 432; 296;16;16;BT_Depth;2
BlockStat;28; 432; 296;16;16;MT_Depth;2
BlockStat;28; 432; 296;16;16;ChromaQPAdj;0
BlockStat;28; 432; 296;16;16;QP;38
BlockStat;28; 432; 296;16;16;SplitSeries;134177
BlockStat;28; 432; 296;16;16;SkipFlag;0
BlockStat;28; 432; 296;16;16;PredMode;0
BlockStat;28; 432; 296;16;16;MergeFlag;1
BlockStat;28; 432; 296;16;16;MergeIdx;4
BlockStat;28; 432; 296;16;16;MergeType;0
BlockStat;28; 432; 296;16;16;MMVDMergeFlag;0
BlockStat;28; 432; 296;16;16;AffineFlag;0
BlockStat;28; 432; 296;16;16;MHIntraFlag;0
BlockStat;28; 432; 296;16;16;MVPIdxL0;255
BlockStat;28; 432; 296;16;16;RefIdxL0;0
BlockStat;28; 432; 296;16;16;MVPIdxL1;255
BlockStat;28; 432; 296;16;16;RefIdxL1;0
BlockStat;28; 432; 296;16;16;MVDL0;   0;   0
BlockStat;28; 432; 296;16;16;MVL0; -17;  24
BlockStat;28; 432; 296;16;16;MVDL1;   0;   0
BlockStat;28; 432; 296;16;16;MVL1; -18;  25
BlockStat;28; 432; 296;16;16;Cbf_Y;1
BlockStat;28; 432; 296;16;16;TransformSkipFlag_Y;0
BlockStat;28; 432; 296;16;16;Cbf_Cb;0
BlockStat;28; 432; 296;16;16;Cbf_Cr;0
BlockStat;28; 432; 312;16; 4;Depth;5
BlockStat;28; 432; 312;16; 4;QT_Depth;2
BlockStat;28; 432; 312;16; 4;BT_Depth;4
BlockStat;28; 432; 312;16; 4;MT_Depth;3
BlockStat;28; 432; 312;16; 4;ChromaQPAdj;0
BlockStat;28; 432; 312;16; 4;QP;38
BlockStat;28; 432; 312;16; 4;SplitSeries;2231329
BlockStat;28; 432; 312;16; 4;SkipFlag;0
BlockStat;28; 432; 312;16; 4;PredMode;1
BlockStat;28; 432; 312;16; 4;Luma_IntraMode;33
BlockStat;28; 432; 312;16; 4;Chroma_IntraMode;33
BlockStat;28; 432; 312;16; 4;MultiRefIdx;0
BlockStat;28; 432; 312;16; 4;Cbf_Y;0
BlockStat;28; 432; 312;16; 4;TransformSkipFlag_Y;0
BlockStat;28; 432; 312;16; 4;Cbf_Cb;0
BlockStat;28; 432; 312;16; 4;Cbf_Cr;0
BlockStat;28; 432; 316;16; 4;Depth;5
BlockStat;28; 432; 316;16; 4;QT_Depth;2
BlockStat;28; 432; 316;16; 4;BT_Depth;4
BlockStat;28; 432; 316;16; 4;MT_Depth;3
BlockStat;28; 432; 316;16; 4;ChromaQPAdj;0
BlockStat;28; 432; 316;16; 4;QP;38
BlockStat;28; 432; 316;16; 4;SplitSeries;2231329
BlockStat;28; 432; 316;16; 4;SkipFlag;0
BlockStat;28; 432; 316;16; 4;PredMode;1
BlockStat;28; 432; 316;16; 4;Luma_IntraMode;1
BlockStat;28; 432; 316;16; 4;Chroma_IntraMode;1
BlockStat;28; 432; 316;16; 4;MultiRefIdx;0
BlockStat;28; 432; 316;16; 4;Cbf_Y;1
BlockStat;28; 432; 316;16; 4;TransformSkipFlag_Y;2
BlockStat;28; 432; 316;16; 4;Cbf_Cb;0
BlockStat;28; 432; 316;16; 4;Cbf_Cr;0
BlockStat;28; 448; 256; 4;16;Depth;5
BlockStat;28; 448; 256; 4;16;QT_Depth;3
BlockStat;28; 448; 256; 4;16;BT_Depth;2
BlockStat;28; 448; 256; 4;16;MT_Depth;2
BlockStat;28; 448; 256; 4;16;ChromaQPAdj;0
BlockStat;28; 448; 256; 4;16;QP;38
BlockStat;28; 448; 256; 4;16;SplitSeries;3245089
BlockStat;28; 448; 256; 4;16;SkipFlag;0
BlockStat;28; 448; 256; 4;16;PredMode;0
BlockStat;28; 448; 256; 4;16;MergeFlag;1
BlockStat;28; 448; 256; 4;16;MergeIdx;0
BlockStat;28; 448; 256; 4;16;MergeType;0
BlockStat;28; 448; 256; 4;16;MMVDMergeFlag;0
BlockStat;28; 448; 256; 4;16;MHIntraFlag;1
BlockStat;28; 448; 256; 4;16;Luma_IntraMode;0
BlockStat;28; 448; 256; 4;16;Chroma_IntraMode;70
BlockStat;28; 448; 256; 4;16;MVPIdxL0;255
BlockStat;28; 448; 256; 4;16;RefIdxL0;0
BlockStat;28; 448; 256; 4;16;MVPIdxL1;255
BlockStat;28; 448; 256; 4;16;RefIdxL1;0
BlockStat;28; 448; 256; 4;16;MVDL0;   0;   0
BlockStat;28; 448; 256; 4;16;MVL0;-118;   3
BlockStat;28; 448; 256; 4;16;MVDL1;   0;   0
BlockStat;28; 448; 256; 4;16;MVL1;-112;   0
BlockStat;28; 448; 256; 4;16;Cbf_Y;1
BlockStat;28; 448; 256; 4;16;TransformSkipFlag_Y;0
BlockStat;28; 448; 256; 4;16;Cbf_Cb;0
BlockStat;28; 448; 256; 4;16;Cbf_Cr;0
BlockStat;28; 452; 256; 4;16;Depth;5
BlockStat;28; 452; 256; 4;16;QT_Depth;3
BlockStat;28; 452; 256; 4;16;BT_Depth;2
BlockStat;28; 452; 256; 4;16;MT_Depth;2
BlockStat;28; 452; 256; 4;16;ChromaQPAdj;0
BlockStat;28; 452; 256; 4;16;QP;38
BlockStat;28; 452; 256; 4;16;SplitSeries;3245089
BlockStat;28; 452; 256; 4;16;SkipFlag;1
BlockStat;28; 452; 256; 4;16;MMVDSkipFlag;0
BlockStat;28; 452; 256; 4;16;PredMode;0
BlockStat;28; 452; 256; 4;16;MergeIdx;9
BlockStat;28; 452; 256; 4;16;MergeType;0
BlockStat;28; 452; 256; 4;16;MMVDMergeFlag;1
BlockStat;28; 452; 256; 4;16;MMVDMergeIdx;9
BlockStat;28; 452; 256; 4;16;MVPIdxL0;255
BlockStat;28; 452; 256; 4;16;RefIdxL0;0
BlockStat;28; 452; 256; 4;16;MVPIdxL1;255
BlockStat;28; 452; 256; 4;16;RefIdxL1;0
BlockStat;28; 452; 256; 4;16;MVDL0;   0;   0
BlockStat;28; 452; 256; 4;16;MVL0;-122;   3
BlockStat;28; 452; 256; 4;16;MVDL1;   0;   0
BlockStat;28; 452; 256; 4;16;MVL1;-116;   0
BlockStat;28; 456; 256; 8;16;Depth;4
BlockStat;28; 456; 256; 8;16;QT_Depth;3
BlockStat;28; 456; 256; 8;16;BT_Depth;1
BlockStat;28; 456; 256; 8;16;MT_Depth;1
BlockStat;28; 456; 256; 8;16;ChromaQPAdj;0
BlockStat;28; 456; 256; 8;16;QP;38
BlockStat;28; 456; 256; 8;16;SplitSeries;99361
BlockStat;28; 456; 256; 8;16;SkipFlag;0
BlockStat;28; 456; 256; 8;16;PredMode;1
BlockStat;28; 456; 256; 8;16;Luma_IntraMode;5
BlockStat;28; 456; 256; 8;16;Chroma_IntraMode;0
BlockStat;28; 456; 256; 8;16;MultiRefIdx;0
BlockStat;28; 456; 256; 8;16;Cbf_Y;0
BlockStat;28; 456; 256; 8;16;TransformSkipFlag_Y;0
BlockStat;28; 456; 256; 8;16;Cbf_Cb;0
BlockStat;28; 456; 256; 8;16;Cbf_Cr;0
BlockStat;28; 464; 256; 4; 8;Depth;6
BlockStat;28; 464; 256; 4; 8;QT_Depth;3
BlockStat;28; 464; 256; 4; 8;BT_Depth;3
BlockStat;28; 464; 256; 4; 8;MT_Depth;3
BlockStat;28; 464; 256; 4; 8;ChromaQPAdj;0
BlockStat;28; 464; 256; 4; 8;QP;38
BlockStat;28; 464; 256; 4; 8;SplitSeries;102859809
BlockStat;28; 464; 256; 4; 8;SkipFlag;1
BlockStat;28; 464; 256; 4; 8;MMVDSkipFlag;0
BlockStat;28; 464; 256; 4; 8;PredMode;0
BlockStat;28; 464; 256; 4; 8;MergeIdx;9
BlockStat;28; 464; 256; 4; 8;MergeType;0
BlockStat;28; 464; 256; 4; 8;MMVDMergeFlag;1
BlockStat;28; 464; 256; 4; 8;MMVDMergeIdx;9
BlockStat;28; 464; 256; 4; 8;MVPIdxL0;255
BlockStat;28; 464; 256; 4; 8;RefIdxL0;1
BlockStat;28; 464; 256; 4; 8;MVDL0;   0;   0
BlockStat;28; 464; 256; 4; 8;MVL0;-352; -24
BlockStat;28; 468; 256; 4; 8;Depth;6
BlockStat;28; 468; 256; 4; 8;QT_Depth;3
BlockStat;28; 468; 256; 4; 8;BT_Depth;3
BlockStat;28; 468; 256; 4; 8;MT_Depth;3
BlockStat;28; 468; 256; 4; 8;ChromaQPAdj;0
BlockStat;28; 468; 256; 4; 8;QP;38
BlockStat;28; 468; 256; 4; 8;SplitSeries;102859809
BlockStat;28; 468; 256; 4; 8;SkipFlag;0
BlockStat;28; 468; 256; 4; 8;PredMode;0
BlockStat;28; 468; 256; 4; 8;MergeFlag;1
BlockStat;28; 468; 256; 4; 8;MergeIdx;37
BlockStat;28; 468; 256; 4; 8;MergeType;0
BlockStat;28; 468; 256; 4; 8;MMVDMergeFlag;1
BlockStat;28; 468; 256; 4; 8;MMVDMergeIdx;37
BlockStat;28; 468; 256; 4; 8;MVPIdxL0;255
BlockStat;28; 468; 256; 4; 8;RefIdxL0;1
BlockStat;28; 468; 256; 4; 8;MVDL0;   0;   0
BlockStat;28; 468; 256; 4; 8;MVL0;-351; -22
BlockStat;28; 468; 256; 4; 4;Cbf_Y;0
BlockStat;28; 468; 256; 4; 4;TransformSkipFlag_Y;0
BlockStat;28; 468; 256; 4; 4;Cbf_Cb;0
BlockStat;28; 468; 256; 4; 4;Cbf_Cr;0
BlockStat;28; 468; 260; 4; 4;Cbf_Y;2
BlockStat;28; 468; 260; 4; 4;TransformSkipFlag_Y;0
BlockStat;28; 468; 260; 4; 4;Cbf_Cb;0
BlockStat;28; 468; 260; 4; 4;Cbf_Cr;0
BlockStat;28; 464; 264; 8; 8;Depth;5
BlockStat;28; 464; 264; 8; 8;QT_Depth;3
BlockStat;28; 464; 264; 8; 8;BT_Depth;2
BlockStat;28; 464; 264; 8; 8;MT_Depth;2
BlockStat;28; 464; 264; 8; 8;ChromaQPAdj;0
BlockStat;28; 464; 264; 8; 8;QP;38
BlockStat;28; 464; 264; 8; 8;SplitSeries;2196513
BlockStat;28; 464; 264; 8; 8;SkipFlag;1
BlockStat;28; 464; 264; 8; 8;MMVDSkipFlag;0
BlockStat;28; 464; 264; 8; 8;PredMode;0
BlockStat;28; 464; 264; 8; 8;MergeIdx;2
BlockStat;28; 464; 264; 8; 8;MergeType;0
BlockStat;28; 464; 264; 8; 8;MMVDMergeFlag;0
BlockStat;28; 464; 264; 8; 8;AffineFlag;0
BlockStat;28; 464; 264; 8; 8;MVPIdxL0;255
BlockStat;28; 464; 264; 8; 8;RefIdxL0;0
BlockStat;28; 464; 264; 8; 8;MVPIdxL1;255
BlockStat;28; 464; 264; 8; 8;RefIdxL1;0
BlockStat;28; 464; 264; 8; 8;MVDL0;   0;   0
BlockStat;28; 464; 264; 8; 8;MVL0;-122;   3
BlockStat;28; 464; 264; 8; 8;MVDL1;   0;   0
BlockStat;28; 464; 264; 8; 8;MVL1;-116;   0
BlockStat;28; 472; 256; 8; 8;Depth;5
BlockStat;28; 472; 256; 8; 8;QT_Depth;3
BlockStat;28; 472; 256; 8; 8;BT_Depth;2
BlockStat;28; 472; 256; 8; 8;MT_Depth;2
BlockStat;28; 472; 256; 8; 8;ChromaQPAdj;0
BlockStat;28; 472; 256; 8; 8;QP;38
BlockStat;28; 472; 256; 8; 8;SplitSeries;2196513
BlockStat;28; 472; 256; 8; 8;SkipFlag;0
BlockStat;28; 472; 256; 8; 8;PredMode;0
BlockStat;28; 472; 256; 8; 8;MergeFlag;0
BlockStat;28; 472; 256; 8; 8;InterDir;1
BlockStat;28; 472; 256; 8; 8;MVPIdxL0;0
BlockStat;28; 472; 256; 8; 8;RefIdxL0;0
BlockStat;28; 472; 256; 8; 8;MVDL0; -14;   3
BlockStat;28; 472; 256; 8; 8;MVL0;-136;   6
BlockStat;28; 472; 256; 8; 8;IMVMode;0
BlockStat;28; 472; 256; 8; 8;RootCbf;0
BlockStat;28; 472; 264; 8; 8;Depth;5
BlockStat;28; 472; 264; 8; 8;QT_Depth;3
BlockStat;28; 472; 264; 8; 8;BT_Depth;2
BlockStat;28; 472; 264; 8; 8;MT_Depth;2
BlockStat;28; 472; 264; 8; 8;ChromaQPAdj;0
BlockStat;28; 472; 264; 8; 8;QP;38
BlockStat;28; 472; 264; 8; 8;SplitSeries;2196513
BlockStat;28; 472; 264; 8; 8;SkipFlag;1
BlockStat;28; 472; 264; 8; 8;MMVDSkipFlag;0
BlockStat;28; 472; 264; 8; 8;PredMode;0
BlockStat;28; 472; 264; 8; 8;MergeIdx;0
BlockStat;28; 472; 264; 8; 8;MergeType;0
BlockStat;28; 472; 264; 8; 8;MMVDMergeFlag;0
BlockStat;28; 472; 264; 8; 8;AffineFlag;0
BlockStat;28; 472; 264; 8; 8;MVPIdxL0;255
BlockStat;28; 472; 264; 8; 8;RefIdxL0;0
BlockStat;28; 472; 264; 8; 8;MVPIdxL1;255
BlockStat;28; 472; 264; 8; 8;RefIdxL1;0
BlockStat;28; 472; 264; 8; 8;MVDL0;   0;   0
BlockStat;28; 472; 264; 8; 8;MVL0;-122;   3
BlockStat;28; 472; 264; 8; 8;MVDL1;   0;   0
BlockStat;28; 472; 264; 8; 8;MVL1;-116;   0
BlockStat;28; 448; 272;16;16;Depth;3
BlockStat;28; 448; 272;16;16;QT_Depth;3
BlockStat;28; 448; 272;16;16;BT_Depth;0
BlockStat;28; 448; 272;16;16;MT_Depth;0
BlockStat;28; 448; 272;16;16;ChromaQPAdj;0
BlockStat;28; 448; 272;16;16;QP;38
BlockStat;28; 448; 272;16;16;SplitSeries;1057
BlockStat;28; 448; 272;16;16;SkipFlag;0
BlockStat;28; 448; 272;16;16;PredMode;0
BlockStat;28; 448; 272;16;16;MergeFlag;0
BlockStat;28; 448; 272;16;16;InterDir;1
BlockStat;28; 448; 272;16;16;AffineFlag;0
BlockStat;28; 448; 272;16;16;MVPIdxL0;0
BlockStat;28; 448; 272;16;16;RefIdxL0;1
BlockStat;28; 448; 272;16;16;MVDL0;  28; -32
BlockStat;28; 448; 272;16;16;MVL0;-324; -56
BlockStat;28; 448; 272;16;16;IMVMode;1
BlockStat;28; 448; 272;16;16;RootCbf;0
BlockStat;28; 464; 272;16;16;Depth;3
BlockStat;28; 464; 272;16;16;QT_Depth;3
BlockStat;28; 464; 272;16;16;BT_Depth;0
BlockStat;28; 464; 272;16;16;MT_Depth;0
BlockStat;28; 464; 272;16;16;ChromaQPAdj;0
BlockStat;28; 464; 272;16;16;QP;38
BlockStat;28; 464; 272;16;16;SplitSeries;1057
BlockStat;28; 464; 272;16;16;SkipFlag;1
BlockStat;28; 464; 272;16;16;MMVDSkipFlag;0
BlockStat;28; 464; 272;16;16;PredMode;0
BlockStat;28; 464; 272;16;16;MergeIdx;44
BlockStat;28; 464; 272;16;16;MergeType;0
BlockStat;28; 464; 272;16;16;MMVDMergeFlag;1
BlockStat;28; 464; 272;16;16;MMVDMergeIdx;44
BlockStat;28; 464; 272;16;16;MVPIdxL0;255
BlockStat;28; 464; 272;16;16;RefIdxL0;0
BlockStat;28; 464; 272;16;16;MVPIdxL1;255
BlockStat;28; 464; 272;16;16;RefIdxL1;0
BlockStat;28; 464; 272;16;16;MVDL0;   0;   0
BlockStat;28; 464; 272;16;16;MVL0;-114;   3
BlockStat;28; 464; 272;16;16;MVDL1;   0;   0
BlockStat;28; 464; 272;16;16;MVL1;-108;   0
BlockStat;28; 480; 256;16; 8;Depth;4
BlockStat;28; 480; 256;16; 8;QT_Depth;3
BlockStat;28; 480; 256;16; 8;BT_Depth;1
BlockStat;28; 480; 256;16; 8;MT_Depth;1
BlockStat;28; 480; 256;16; 8;ChromaQPAdj;0
BlockStat;28; 480; 256;16; 8;QP;38
BlockStat;28; 480; 256;16; 8;SplitSeries;66593
BlockStat;28; 480; 256;16; 8;SkipFlag;1
BlockStat;28; 480; 256;16; 8;MMVDSkipFlag;0
BlockStat;28; 480; 256;16; 8;PredMode;0
BlockStat;28; 480; 256;16; 8;MergeIdx;0
BlockStat;28; 480; 256;16; 8;MergeType;0
BlockStat;28; 480; 256;16; 8;MMVDMergeFlag;0
BlockStat;28; 480; 256;16; 8;AffineFlag;0
BlockStat;28; 480; 256;16; 8;MVPIdxL0;255
BlockStat;28; 480; 256;16; 8;RefIdxL0;0
BlockStat;28; 480; 256;16; 8;MVDL0;   0;   0
BlockStat;28; 480; 256;16; 8;MVL0;-136;   6
BlockStat;28; 480; 264;16; 8;Depth;4
BlockStat;28; 480; 264;16; 8;QT_Depth;3
BlockStat;28; 480; 264;16; 8;BT_Depth;1
BlockStat;28; 480; 264;16; 8;MT_Depth;1
BlockStat;28; 480; 264;16; 8;ChromaQPAdj;0
BlockStat;28; 480; 264;16; 8;QP;38
BlockStat;28; 480; 264;16; 8;SplitSeries;66593
BlockStat;28; 480; 264;16; 8;SkipFlag;1
BlockStat;28; 480; 264;16; 8;MMVDSkipFlag;0
BlockStat;28; 480; 264;16; 8;PredMode;0
BlockStat;28; 480; 264;16; 8;MergeIdx;0
BlockStat;28; 480; 264;16; 8;MergeType;0
BlockStat;28; 480; 264;16; 8;MMVDMergeFlag;0
BlockStat;28; 480; 264;16; 8;AffineFlag;0
BlockStat;28; 480; 264;16; 8;MVPIdxL0;255
BlockStat;28; 480; 264;16; 8;RefIdxL0;0
BlockStat;28; 480; 264;16; 8;MVPIdxL1;255
BlockStat;28; 480; 264;16; 8;RefIdxL1;0
BlockStat;28; 480; 264;16; 8;MVDL0;   0;   0
BlockStat;28; 480; 264;16; 8;MVL0;-122;   3
BlockStat;28; 480; 264;16; 8;MVDL1;   0;   0
BlockStat;28; 480; 264;16; 8;MVL1;-116;   0
BlockStat;28; 496; 256;16; 8;Depth;4
BlockStat;28; 496; 256;16; 8;QT_Depth;3
BlockStat;28; 496; 256;16; 8;BT_Depth;1
BlockStat;28; 496; 256;16; 8;MT_Depth;1
BlockStat;28; 496; 256;16; 8;ChromaQPAdj;0
BlockStat;28; 496; 256;16; 8;QP;38
BlockStat;28; 496; 256;16; 8;SplitSeries;66593
BlockStat;28; 496; 256;16; 8;SkipFlag;0
BlockStat;28; 496; 256;16; 8;PredMode;1
BlockStat;28; 496; 256;16; 8;Luma_IntraMode;43
BlockStat;28; 496; 256;16; 8;Chroma_IntraMode;43
BlockStat;28; 496; 256;16; 8;MultiRefIdx;0
BlockStat;28; 496; 256;16; 8;Cbf_Y;0
BlockStat;28; 496; 256;16; 8;TransformSkipFlag_Y;0
BlockStat;28; 496; 256;16; 8;Cbf_Cb;0
BlockStat;28; 496; 256;16; 8;Cbf_Cr;0
BlockStat;28; 496; 264;16; 8;Depth;4
BlockStat;28; 496; 264;16; 8;QT_Depth;3
BlockStat;28; 496; 264;16; 8;BT_Depth;1
BlockStat;28; 496; 264;16; 8;MT_Depth;1
BlockStat;28; 496; 264;16; 8;ChromaQPAdj;0
BlockStat;28; 496; 264;16; 8;QP;38
BlockStat;28; 496; 264;16; 8;SplitSeries;66593
BlockStat;28; 496; 264;16; 8;SkipFlag;0
BlockStat;28; 496; 264;16; 8;PredMode;1
BlockStat;28; 496; 264;16; 8;Luma_IntraMode;42
BlockStat;28; 496; 264;16; 8;Chroma_IntraMode;42
BlockStat;28; 496; 264;16; 8;MultiRefIdx;0
BlockStat;28; 496; 264; 4; 8;Cbf_Y;2
BlockStat;28; 496; 264; 4; 8;TransformSkipFlag_Y;0
BlockStat;28;   0;   0; 0; 0;Cbf_Cb;0
BlockStat;28;   0;   0; 0; 0;Cbf_Cr;0
BlockStat;28; 500; 264; 4; 8;Cbf_Y;0
BlockStat;28; 500; 264; 4; 8;TransformSkipFlag_Y;0
BlockStat;28;   0;   0; 0; 0;Cbf_Cb;0
BlockStat;28;   0;   0; 0; 0;Cbf_Cr;0
BlockStat;28; 504; 264; 4; 8;Cbf_Y;0
BlockStat;28; 504; 264; 4; 8;TransformSkipFlag_Y;0
BlockStat;28;   0;   0; 0; 0;Cbf_Cb;0
BlockStat;28;   0;   0; 0; 0;Cbf_Cr;0
BlockStat;28; 508; 264; 4; 8;Cbf_Y;0
BlockStat;28; 508; 264; 4; 8;TransformSkipFlag_Y;0
BlockStat;28; 496; 264;16; 8;Cbf_Cb;0
BlockStat;28; 496; 264;16; 8;Cbf_Cr;0
BlockStat;28; 480; 272;16;16;Depth;3
BlockStat;28; 480; 272;16;16;QT_Depth;3
BlockStat;28; 480; 272;16;16;BT_Depth;0
BlockStat;28; 480; 272;16;16;MT_Depth;0
BlockStat;28; 480; 272;16;16;ChromaQPAdj;0
BlockStat;28; 480; 272;16;16;QP;38
BlockStat;28; 480; 272;16;16;SplitSeries;1057
BlockStat;28; 480; 272;16;16;SkipFlag;1
BlockStat;28; 480; 272;16;16;MMVDSkipFlag;0
BlockStat;28; 480; 272;16;16;PredMode;0
BlockStat;28; 480; 272;16;16;MergeIdx;16
BlockStat;28; 480; 272;16;16;MergeType;0
BlockStat;28; 480; 272;16;16;MMVDMergeFlag;1
BlockStat;28; 480; 272;16;16;MMVDMergeIdx;16
BlockStat;28; 480; 272;16;16;MVPIdxL0;255
BlockStat;28; 480; 272;16;16;RefIdxL0;0
BlockStat;28; 480; 272;16;16;MVPIdxL1;255
BlockStat;28; 480; 272;16;16;RefIdxL1;0
BlockStat;28; 480; 272;16;16;MVDL0;   0;   0
BlockStat;28; 480; 272;16;16;MVL0; -98;   3
BlockStat;28; 480; 272;16;16;MVDL1;   0;   0
BlockStat;28; 480; 272;16;16;MVL1; -92;   0
BlockStat;28; 496; 272; 8; 4;Depth;5
BlockStat;28; 496; 272; 8; 4;QT_Depth;3
BlockStat;28; 496; 272; 8; 4;BT_Depth;3
BlockStat;28; 496; 272; 8; 4;MT_Depth;2
BlockStat;28; 496; 272; 8; 4;ChromaQPAdj;0
BlockStat;28; 496; 272; 8; 4;QP;38
BlockStat;28; 496; 272; 8; 4;SplitSeries;4293665
BlockStat;28; 496; 272; 8; 4;SkipFlag;0
BlockStat;28; 496; 272; 8; 4;PredMode;1
BlockStat;28; 496; 272; 8; 4;Luma_IntraMode;1
BlockStat;28; 496; 272; 8; 4;MultiRefIdx;0
BlockStat;28; 496; 272; 8; 4;Cbf_Y;0
BlockStat;28; 496; 272; 8; 4;TransformSkipFlag_Y;0
BlockStat;28; 496; 276; 8; 8;Depth;5
BlockStat;28; 496; 276; 8; 8;QT_Depth;3
BlockStat;28; 496; 276; 8; 8;BT_Depth;2
BlockStat;28; 496; 276; 8; 8;MT_Depth;2
BlockStat;28; 496; 276; 8; 8;ChromaQPAdj;0
BlockStat;28; 496; 276; 8; 8;QP;38
BlockStat;28; 496; 276; 8; 8;SplitSeries;4293665
BlockStat;28; 496; 276; 8; 8;SkipFlag;0
BlockStat;28; 496; 276; 8; 8;PredMode;1
BlockStat;28; 496; 276; 8; 8;Luma_IntraMode;46
BlockStat;28; 496; 276; 8; 8;MultiRefIdx;0
BlockStat;28; 496; 276; 8; 8;Cbf_Y;0
BlockStat;28; 496; 276; 8; 8;TransformSkipFlag_Y;0
BlockStat;28; 496; 284; 4; 4;Depth;6
BlockStat;28; 496; 284; 4; 4;QT_Depth;3
BlockStat;28; 496; 284; 4; 4;BT_Depth;4
BlockStat;28; 496; 284; 4; 4;MT_Depth;3
BlockStat;28; 496; 284; 4; 4;ChromaQPAdj;0
BlockStat;28; 496; 284; 4; 4;QP;38
BlockStat;28; 496; 284; 4; 4;SplitSeries;104956961
BlockStat;28; 496; 284; 4; 4;SkipFlag;0
BlockStat;28; 496; 284; 4; 4;PredMode;1
BlockStat;28; 496; 284; 4; 4;Luma_IntraMode;10
BlockStat;28; 496; 284; 4; 4;MultiRefIdx;0
BlockStat;28; 496; 284; 4; 4;Cbf_Y;0
BlockStat;28; 496; 284; 4; 4;TransformSkipFlag_Y;0
BlockStat;28; 500; 284; 4; 4;Depth;6
BlockStat;28; 500; 284; 4; 4;QT_Depth;3
BlockStat;28; 500; 284; 4; 4;BT_Depth;4
BlockStat;28; 500; 284; 4; 4;MT_Depth;3
BlockStat;28; 500; 284; 4; 4;ChromaQPAdj;0
BlockStat;28; 500; 284; 4; 4;QP;38
BlockStat;28; 500; 284; 4; 4;SplitSeries;104956961
BlockStat;28; 500; 284; 4; 4;SkipFlag;0
BlockStat;28; 500; 284; 4; 4;PredMode;1
BlockStat;28; 500; 284; 4; 4;Luma_IntraMode;0
BlockStat;28; 500; 284; 4; 4;MultiRefIdx;0
BlockStat;28; 500; 284; 4; 4;Cbf_Y;1
BlockStat;28; 500; 284; 4; 4;TransformSkipFlag_Y;0
BlockStat;28;   0;   0; 0; 0;Depth;4
BlockStat;28;   0;   0; 0; 0;QT_Depth;3
BlockStat;28;   0;   0; 0; 0;BT_Depth;1
BlockStat;28;   0;   0; 0; 0;MT_Depth;1
BlockStat;28;   0;   0; 0; 0;ChromaQPAdj;0
BlockStat;28;   0;   0; 0; 0;QP;38
BlockStat;28;   0;   0; 0; 0;SplitSeries;99361
BlockStat;28;   0;   0; 0; 0;PredMode;1
BlockStat;28; 496; 272; 8;16;Chroma_IntraMode;46
BlockStat;28; 496; 272; 8;16;Cbf_Cb;0
BlockStat;28; 496; 272; 8;16;Cbf_Cr;0
BlockStat;28; 504; 272; 8;16;Depth;4
BlockStat;28; 504; 272; 8;16;QT_Depth;3
BlockStat;28; 504; 272; 8;16;BT_Depth;1
BlockStat;28; 504; 272; 8;16;MT_Depth;1
BlockStat;28; 504; 272; 8;16;ChromaQPAdj;0
BlockStat;28; 504; 272; 8;16;QP;38
BlockStat;28; 504; 272; 8;16;SplitSeries;99361
BlockStat;28; 504; 272; 8;16;SkipFlag;1
BlockStat;28; 504; 272; 8;16;MMVDSkipFlag;0
BlockStat;28; 504; 272; 8;16;PredMode;0
BlockStat;28; 504; 272; 8;16;MergeIdx;0
BlockStat;28; 504; 272; 8;16;MergeType;0
BlockStat;28; 504; 272; 8;16;MMVDMergeFlag;0
BlockStat;28; 504; 272; 8;16;AffineFlag;1
BlockStat;28; 504; 272; 8;16;MVPIdxL0;0
BlockStat;28; 504; 272; 8;16;RefIdxL0;0
BlockStat;28; 504; 272; 8;16;MVPIdxL1;0
BlockStat;28; 504; 272; 8;16;RefIdxL1;0
BlockStat;28; 504; 272; 8;16;AffineMVL0;   0;   0;   0;   0;   0;   0
BlockStat;28; 504; 272; 8;16;AffineMVL1;   0;   0;   0;   0;   0;   0
BlockStat;28; 448; 288;32;32;Depth;2
BlockStat;28; 448; 288;32;32;QT_Depth;2
BlockStat;28; 448; 288;32;32;BT_Depth;0
BlockStat;28; 448; 288;32;32;MT_Depth;0
BlockStat;28; 448; 288;32;32;ChromaQPAdj;0
BlockStat;28; 448; 288;32;32;QP;38
BlockStat;28; 448; 288;32;32;SplitSeries;33
BlockStat;28; 448; 288;32;32;SkipFlag;0
BlockStat;28; 448; 288;32;32;PredMode;1
BlockStat;28; 448; 288;32;32;Luma_IntraMode;1
BlockStat;28; 448; 288;32;32;Chroma_IntraMode;1
BlockStat;28; 448; 288;32;32;MultiRefIdx;0
BlockStat;28; 448; 288;32;32;Cbf_Y;1
BlockStat;28; 448; 288;32;32;TransformSkipFlag_Y;2
BlockStat;28; 448; 288;32;32;Cbf_Cb;0
BlockStat;28; 448; 288;32;32;Cbf_Cr;0
BlockStat;28; 480; 288; 8;32;Depth;3
BlockStat;28; 480; 288; 8;32;QT_Depth;2
BlockStat;28; 480; 288; 8;32;BT_Depth;2
BlockStat;28; 480; 288; 8;32;MT_Depth;1
BlockStat;28; 480; 288; 8;32;ChromaQPAdj;0
BlockStat;28; 480; 288; 8;32;QP;38
BlockStat;28; 480; 288; 8;32;SplitSeries;5153
BlockStat;28; 480; 288; 8;32;SkipFlag;1
BlockStat;28; 480; 288; 8;32;MMVDSkipFlag;0
BlockStat;28; 480; 288; 8;32;PredMode;0
BlockStat;28; 480; 288; 8;32;MergeIdx;0
BlockStat;28; 480; 288; 8;32;MergeType;0
BlockStat;28; 480; 288; 8;32;MMVDMergeFlag;0
BlockStat;28; 480; 288; 8;32;AffineFlag;0
BlockStat;28; 480; 288; 8;32;MVPIdxL0;255
BlockStat;28; 480; 288; 8;32;RefIdxL0;0
BlockStat;28; 480; 288; 8;32;MVPIdxL1;255
BlockStat;28; 480; 288; 8;32;RefIdxL1;0
BlockStat;28; 480; 288; 8;32;MVDL0;   0;   0
BlockStat;28; 480; 288; 8;32;MVL0; -98;   3
BlockStat;28; 480; 288; 8;32;MVDL1;   0;   0
BlockStat;28; 480; 288; 8;32;MVL1; -92;   0
BlockStat;28; 488; 288; 4;32;Depth;4
BlockStat;28; 488; 288; 4;32;QT_Depth;2
BlockStat;28; 488; 288; 4;32;BT_Depth;3
BlockStat;28; 488; 288; 4;32;MT_Depth;2
BlockStat;28; 488; 288; 4;32;ChromaQPAdj;0
BlockStat;28; 488; 288; 4;32;QP;38
BlockStat;28; 488; 288; 4;32;SplitSeries;168993
BlockStat;28; 488; 288; 4;32;SkipFlag;1
BlockStat;28; 488; 288; 4;32;MMVDSkipFlag;0
BlockStat;28; 488; 288; 4;32;PredMode;0
BlockStat;28; 488; 288; 4;32;MergeIdx;0
BlockStat;28; 488; 288; 4;32;MergeType;0
BlockStat;28; 488; 288; 4;32;MMVDMergeFlag;0
BlockStat;28; 488; 288; 4;32;MVPIdxL0;255
BlockStat;28; 488; 288; 4;32;RefIdxL0;0
BlockStat;28; 488; 288; 4;32;MVPIdxL1;255
BlockStat;28; 488; 288; 4;32;RefIdxL1;0
BlockStat;28; 488; 288; 4;32;MVDL0;   0;   0
BlockStat;28; 488; 288; 4;32;MVL0; -98;   3
BlockStat;28; 488; 288; 4;32;MVDL1;   0;   0
BlockStat;28; 488; 288; 4;32;MVL1; -92;   0
BlockStat;28; 492; 288; 8;32;Depth;4
BlockStat;28; 492; 288; 8;32;QT_Depth;2
BlockStat;28; 492; 288; 8;32;BT_Depth;2
BlockStat;28; 492; 288; 8;32;MT_Depth;2
BlockStat;28; 492; 288; 8;32;ChromaQPAdj;0
BlockStat;28; 492; 288; 8;32;QP;38
BlockStat;28; 492; 288; 8;32;SplitSeries;168993
BlockStat;28; 492; 288; 8;32;SkipFlag;1
BlockStat;28; 492; 288; 8;32;MMVDSkipFlag;0
BlockStat;28; 492; 288; 8;32;PredMode;0
BlockStat;28; 492; 288; 8;32;MergeIdx;12
BlockStat;28; 492; 288; 8;32;MergeType;0
BlockStat;28; 492; 288; 8;32;MMVDMergeFlag;1
BlockStat;28; 492; 288; 8;32;MMVDMergeIdx;12
BlockStat;28; 492; 288; 8;32;MVPIdxL0;255
BlockStat;28; 492; 288; 8;32;RefIdxL0;0
BlockStat;28; 492; 288; 8;32;MVPIdxL1;255
BlockStat;28; 492; 288; 8;32;RefIdxL1;0
BlockStat;28; 492; 288; 8;32;MVDL0;   0;   0
BlockStat;28; 492; 288; 8;32;MVL0; -90;   3
BlockStat;28; 492; 288; 8;32;MVDL1;   0;   0
BlockStat;28; 492; 288; 8;32;MVL1; -84;   0
BlockStat;28; 500; 288; 4;16;Depth;5
BlockStat;28; 500; 288; 4;16;QT_Depth;2
BlockStat;28; 500; 288; 4;16;BT_Depth;4
BlockStat;28; 500; 288; 4;16;MT_Depth;3
BlockStat;28; 500; 288; 4;16;ChromaQPAdj;0
BlockStat;28; 500; 288; 4;16;QP;38
BlockStat;28; 500; 288; 4;16;SplitSeries;2266145
BlockStat;28; 500; 288; 4;16;SkipFlag;0
BlockStat;28; 500; 288; 4;16;PredMode;1
BlockStat;28; 500; 288; 4;16;Luma_IntraMode;0
BlockStat;28; 500; 288; 4;16;Chroma_IntraMode;0
BlockStat;28; 500; 288; 4;16;MultiRefIdx;0
BlockStat;28; 500; 288; 4; 4;Cbf_Y;2
BlockStat;28; 500; 288; 4; 4;TransformSkipFlag_Y;0
BlockStat;28;   0;   0; 0; 0;Cbf_Cb;0
BlockStat;28;   0;   0; 0; 0;Cbf_Cr;0
BlockStat;28; 500; 292; 4; 4;Cbf_Y;2
BlockStat;28; 500; 292; 4; 4;TransformSkipFlag_Y;0
BlockStat;28;   0;   0; 0; 0;Cbf_Cb;0
BlockStat;28;   0;   0; 0; 0;Cbf_Cr;0
BlockStat;28; 500; 296; 4; 4;Cbf_Y;2
BlockStat;28; 500; 296; 4; 4;TransformSkipFlag_Y;0
BlockStat;28;   0;   0; 0; 0;Cbf_Cb;0
BlockStat;28;   0;   0; 0; 0;Cbf_Cr;0
BlockStat;28; 500; 300; 4; 4;Cbf_Y;2
BlockStat;28; 500; 300; 4; 4;TransformSkipFlag_Y;0
BlockStat;28; 500; 288; 4;16;Cbf_Cb;0
BlockStat;28; 500; 288; 4;16;Cbf_Cr;0
BlockStat;28; 500; 304; 4;16;Depth;5
BlockStat;28; 500; 304; 4;16;QT_Depth;2
BlockStat;28; 500; 304; 4;16;BT_Depth;4
BlockStat;28; 500; 304; 4;16;MT_Depth;3
BlockStat;28; 500; 304; 4;16;ChromaQPAdj;0
BlockStat;28; 500; 304; 4;16;QP;38
BlockStat;28; 500; 304; 4;16;SplitSeries;2266145
BlockStat;28; 500; 304; 4;16;SkipFlag;0
BlockStat;28; 500; 304; 4;16;PredMode;1
BlockStat;28; 500; 304; 4;16;Luma_IntraMode;3
BlockStat;28; 500; 304; 4;16;Chroma_IntraMode;0
BlockStat;28; 500; 304; 4;16;MultiRefIdx;0
BlockStat;28; 500; 304; 4;16;Cbf_Y;1
BlockStat;28; 500; 304; 4;16;TransformSkipFlag_Y;2
BlockStat;28; 500; 304; 4;16;Cbf_Cb;0
BlockStat;28; 500; 304; 4;16;Cbf_Cr;0
BlockStat;28; 504; 288; 8; 8;Depth;4
BlockStat;28; 504; 288; 8; 8;QT_Depth;2
BlockStat;28; 504; 288; 8; 8;BT_Depth;4
BlockStat;28; 504; 288; 8; 8;MT_Depth;2
BlockStat;28; 504; 288; 8; 8;ChromaQPAdj;0
BlockStat;28; 504; 288; 8; 8;QP;38
BlockStat;28; 504; 288; 8; 8;SplitSeries;136225
BlockStat;28; 504; 288; 8; 8;SkipFlag;1
BlockStat;28; 504; 288; 8; 8;MMVDSkipFlag;0
BlockStat;28; 504; 288; 8; 8;PredMode;0
BlockStat;28; 504; 288; 8; 8;MergeIdx;0
BlockStat;28; 504; 288; 8; 8;MergeType;0
BlockStat;28; 504; 288; 8; 8;MMVDMergeFlag;0
BlockStat;28; 504; 288; 8; 8;AffineFlag;0
BlockStat;28; 504; 288; 8; 8;MVPIdxL0;255
BlockStat;28; 504; 288; 8; 8;RefIdxL0;0
BlockStat;28; 504; 288; 8; 8;MVPIdxL1;255
BlockStat;28; 504; 288; 8; 8;RefIdxL1;0
BlockStat;28; 504; 288; 8; 8;MVDL0;   0;   0
BlockStat;28; 504; 288; 8; 8;MVL0;   0;   0
BlockStat;28; 504; 288; 8; 8;MVDL1;   0;   0
BlockStat;28; 504; 288; 8; 8;MVL1;   0;   0
BlockStat;28; 504; 296; 8; 4;Depth;5
BlockStat;28; 504; 296; 8; 4;QT_Depth;2
BlockStat;28; 504; 296; 8; 4;BT_Depth;5
BlockStat;28; 504; 296; 8; 4;MT_Depth;3
BlockStat;28; 504; 296; 8; 4;ChromaQPAdj;0
BlockStat;28; 504; 296; 8; 4;QP;38
BlockStat;28; 504; 296; 8; 4;SplitSeries;4330529
BlockStat;28; 504; 296; 8; 4;SkipFlag;0
BlockStat;28; 504; 296; 8; 4;PredMode;1
BlockStat;28; 504; 296; 8; 4;Luma_IntraMode;1
BlockStat;28; 504; 296; 8; 4;MultiRefIdx;0
BlockStat;28; 504; 296; 8; 4;Cbf_Y;0
BlockStat;28; 504; 296; 8; 4;TransformSkipFlag_Y;0
BlockStat;28; 504; 300; 8; 8;Depth;5
BlockStat;28; 504; 300; 8; 8;QT_Depth;2
BlockStat;28; 504; 300; 8; 8;BT_Depth;4
BlockStat;28; 504; 300; 8; 8;MT_Depth;3
BlockStat;28; 504; 300; 8; 8;ChromaQPAdj;0
BlockStat;28; 504; 300; 8; 8;QP;38
BlockStat;28; 504; 300; 8; 8;SplitSeries;4330529
BlockStat;28; 504; 300; 8; 8;SkipFlag;0
BlockStat;28; 504; 300; 8; 8;PredMode;1
BlockStat;28; 504; 300; 8; 8;Luma_IntraMode;0
BlockStat;28; 504; 300; 8; 8;MultiRefIdx;0
BlockStat;28; 504; 300; 8; 2;Cbf_Y;0
BlockStat;28; 504; 300; 8; 2;TransformSkipFlag_Y;0
BlockStat;28; 504; 302; 8; 2;Cbf_Y;0
BlockStat;28; 504; 302; 8; 2;TransformSkipFlag_Y;0
BlockStat;28; 504; 304; 8; 2;Cbf_Y;0
BlockStat;28; 504; 304; 8; 2;TransformSkipFlag_Y;0
BlockStat;28; 504; 306; 8; 2;Cbf_Y;2
BlockStat;28; 504; 306; 8; 2;TransformSkipFlag_Y;0
BlockStat;28; 504; 308; 8; 4;Depth;5
BlockStat;28; 504; 308; 8; 4;QT_Depth;2
BlockStat;28; 504; 308; 8; 4;BT_Depth;5
BlockStat;28; 504; 308; 8; 4;MT_Depth;3
BlockStat;28; 504; 308; 8; 4;ChromaQPAdj;0
BlockStat;28; 504; 308; 8; 4;QP;38
BlockStat;28; 504; 308; 8; 4;SplitSeries;4330529
BlockStat;28; 504; 308; 8; 4;SkipFlag;0
BlockStat;28; 504; 308; 8; 4;PredMode;1
BlockStat;28; 504; 308; 8; 4;Luma_IntraMode;58
BlockStat;28; 504; 308; 8; 4;MultiRefIdx;0
BlockStat;28; 504; 308; 8; 4;Cbf_Y;0
BlockStat;28; 504; 308; 8; 4;TransformSkipFlag_Y;0
BlockStat;28;   0;   0; 0; 0;Depth;4
BlockStat;28;   0;   0; 0; 0;QT_Depth;2
BlockStat;28;   0;   0; 0; 0;BT_Depth;3
BlockStat;28;   0;   0; 0; 0;MT_Depth;2
BlockStat;28;   0;   0; 0; 0;ChromaQPAdj;0
BlockStat;28;   0;   0; 0; 0;QP;38
BlockStat;28;   0;   0; 0; 0;SplitSeries;136225
BlockStat;28;   0;   0; 0; 0;PredMode;1
BlockStat;28; 504; 296; 8;16;Chroma_IntraMode;0
BlockStat;28; 504; 296; 8;16;Cbf_Cb;0
BlockStat;28; 504; 296; 8;16;Cbf_Cr;0
BlockStat;28; 504; 312; 4; 8;Depth;5
BlockStat;28; 504; 312; 4; 8;QT_Depth;2
BlockStat;28; 504; 312; 4; 8;BT_Depth;5
BlockStat;28; 504; 312; 4; 8;MT_Depth;3
BlockStat;28; 504; 312; 4; 8;ChromaQPAdj;0
BlockStat;28; 504; 312; 4; 8;QP;38
BlockStat;28; 504; 312; 4; 8;SplitSeries;3281953
BlockStat;28; 504; 312; 4; 8;SkipFlag;0
BlockStat;28; 504; 312; 4; 8;PredMode;1
BlockStat;28; 504; 312; 4; 8;Luma_IntraMode;0
BlockStat;28; 504; 312; 4; 8;MultiRefIdx;0
BlockStat;28; 504; 312; 4; 8;Cbf_Y;1
BlockStat;28; 504; 312; 4; 8;TransformSkipFlag_Y;0
BlockStat;28; 508; 312; 4; 8;Depth;5
BlockStat;28; 508; 312; 4; 8;QT_Depth;2
BlockStat;28; 508; 312; 4; 8;BT_Depth;5
BlockStat;28; 508; 312; 4; 8;MT_Depth;3
BlockStat;28; 508; 312; 4; 8;ChromaQPAdj;0
BlockStat;28; 508; 312; 4; 8;QP;38
BlockStat;28; 508; 312; 4; 8;SplitSeries;3281953
BlockStat;28; 508; 312; 4; 8;SkipFlag;0
BlockStat;28; 508; 312; 4; 8;PredMode;1
BlockStat;28; 508; 312; 4; 8;Luma_IntraMode;0
BlockStat;28; 508; 312; 4; 8;MultiRefIdx;0
BlockStat;28; 508; 312; 2; 8;Cbf_Y;0
BlockStat;28; 508; 312; 2; 8;TransformSkipFlag_Y;0
BlockStat;28; 510; 312; 2; 8;Cbf_Y;2
BlockStat;28; 510; 312; 2; 8;TransformSkipFlag_Y;0
BlockStat;28;   0;   0; 0; 0;Depth;4
BlockStat;28;   0;   0; 0; 0;QT_Depth;2
BlockStat;28;   0;   0; 0; 0;BT_Depth;4
BlockStat;28;   0;   0; 0; 0;MT_Depth;2
BlockStat;28;   0;   0; 0; 0;ChromaQPAdj;0
BlockStat;28;   0;   0; 0; 0;QP;38
BlockStat;28;   0;   0; 0; 0;SplitSeries;136225
BlockStat;28;   0;   0; 0; 0;PredMode;1
BlockStat;28; 504; 312; 8; 8;Chroma_IntraMode;0
BlockStat;28; 504; 312; 8; 8;Cbf_Cb;0
BlockStat;28; 504; 312; 8; 8;Cbf_Cr;0
BlockStat;28; 384; 320;16;32;Depth;3
BlockStat;28; 384; 320;16;32;QT_Depth;2
BlockStat;28; 384; 320;16;32;BT_Depth;1
BlockStat;28; 384; 320;16;32;MT_Depth;1
BlockStat;28; 384; 320;16;32;ChromaQPAdj;0
BlockStat;28; 384; 320;16;32;QP;38
BlockStat;28; 384; 320;16;32;SplitSeries;3105
BlockStat;28; 384; 320;16;32;SkipFlag;0
BlockStat;28; 384; 320;16;32;PredMode;1
BlockStat;28; 384; 320;16;32;Luma_IntraMode;0
BlockStat;28; 384; 320;16;32;Chroma_IntraMode;0
BlockStat;28; 384; 320;16;32;MultiRefIdx;0
BlockStat;28; 384; 320;16;32;Cbf_Y;0
BlockStat;28; 384; 320;16;32;TransformSkipFlag_Y;0
BlockStat;28; 384; 320;16;32;Cbf_Cb;0
BlockStat;28; 384; 320;16;32;Cbf_Cr;0
BlockStat;28; 400; 320;16;16;Depth;4
BlockStat;28; 400; 320;16;16;QT_Depth;2
BlockStat;28; 400; 320;16;16;BT_Depth;2
BlockStat;28; 400; 320;16;16;MT_Depth;2
BlockStat;28; 400; 320;16;16;ChromaQPAdj;0
BlockStat;28; 400; 320;16;16;QP;38
BlockStat;28; 400; 320;16;16;SplitSeries;68641
BlockStat;28; 400; 320;16;16;SkipFlag;0
BlockStat;28; 400; 320;16;16;PredMode;1
BlockStat;28; 400; 320;16;16;Luma_IntraMode;54
BlockStat;28; 400; 320;16;16;Chroma_IntraMode;54
BlockStat;28; 400; 320;16;16;MultiRefIdx;0
BlockStat;28; 400; 320;16;16;Cbf_Y;1
BlockStat;28; 400; 320;16;16;TransformSkipFlag_Y;0
BlockStat;28; 400; 320;16;16;Cbf_Cb;0
BlockStat;28; 400; 320;16;16;Cbf_Cr;0
BlockStat;28; 400; 336; 4;16;Depth;5
BlockStat;28; 400; 336; 4;16;QT_Depth;2
BlockStat;28; 400; 336; 4;16;BT_Depth;4
BlockStat;28; 400; 336; 4;16;MT_Depth;3
BlockStat;28; 400; 336; 4;16;ChromaQPAdj;0
BlockStat;28; 400; 336; 4;16;QP;38
BlockStat;28; 400; 336; 4;16;SplitSeries;5311521
BlockStat;28; 400; 336; 4;16;SkipFlag;0
BlockStat;28; 400; 336; 4;16;PredMode;1
BlockStat;28; 400; 336; 4;16;Luma_IntraMode;52
BlockStat;28; 400; 336; 4;16;Chroma_IntraMode;52
BlockStat;28; 400; 336; 4;16;MultiRefIdx;3
BlockStat;28; 400; 336; 4;16;Cbf_Y;1
BlockStat;28; 400; 336; 4;16;TransformSkipFlag_Y;2
BlockStat;28; 400; 336; 4;16;Cbf_Cb;0
BlockStat;28; 400; 336; 4;16;Cbf_Cr;0
BlockStat;28; 404; 336; 8;16;Depth;5
BlockStat;28; 404; 336; 8;16;QT_Depth;2
BlockStat;28; 404; 336; 8;16;BT_Depth;3
BlockStat;28; 404; 336; 8;16;MT_Depth;3
BlockStat;28; 404; 336; 8;16;ChromaQPAdj;0
BlockStat;28; 404; 336; 8;16;QP;38
BlockStat;28; 404; 336; 8;16;SplitSeries;5311521
BlockStat;28; 404; 336; 8;16;SkipFlag;0
BlockStat;28; 404; 336; 8;16;PredMode;1
BlockStat;28; 404; 336; 8;16;Luma_IntraMode;3
BlockStat;28; 404; 336; 8;16;Chroma_IntraMode;67
BlockStat;28; 404; 336; 8;16;MultiRefIdx;0
BlockStat;28; 404; 336; 8;16;Cbf_Y;1
BlockStat;28; 404; 336; 8;16;TransformSkipFlag_Y;0
BlockStat;28; 404; 336; 8;16;Cbf_Cb;1
BlockStat;28; 404; 336; 8;16;Cbf_Cr;0
BlockStat;28; 412; 336; 4;16;Depth;5
BlockStat;28; 412; 336; 4;16;QT_Depth;2
BlockStat;28; 412; 336; 4;16;BT_Depth;4
BlockStat;28; 412; 336; 4;16;MT_Depth;3
BlockStat;28; 412; 336; 4;16;ChromaQPAdj;0
BlockStat;28; 412; 336; 4;16;QP;38
BlockStat;28; 412; 336; 4;16;SplitSeries;5311521
BlockStat;28; 412; 336; 4;16;SkipFlag;0
BlockStat;28; 412; 336; 4;16;PredMode;1
BlockStat;28; 412; 336; 4;16;Luma_IntraMode;3
BlockStat;28; 412; 336; 4;16;Chroma_IntraMode;3
BlockStat;28; 412; 336; 4;16;MultiRefIdx;0
BlockStat;28; 412; 336; 4;16;Cbf_Y;0
BlockStat;28; 412; 336; 4;16;TransformSkipFlag_Y;0
BlockStat;28; 412; 336; 4;16;Cbf_Cb;0
BlockStat;28; 412; 336; 4;16;Cbf_Cr;0
BlockStat;28; 416; 320;16;16;Depth;4
BlockStat;28; 416; 320;16;16;QT_Depth;2
BlockStat;28; 416; 320;16;16;BT_Depth;2
BlockStat;28; 416; 320;16;16;MT_Depth;2
BlockStat;28; 416; 320;16;16;ChromaQPAdj;0
BlockStat;28; 416; 320;16;16;QP;38
BlockStat;28; 416; 320;16;16;SplitSeries;68641
BlockStat;28; 416; 320;16;16;SkipFlag;0
BlockStat;28; 416; 320;16;16;PredMode;1
BlockStat;28; 416; 320;16;16;Luma_IntraMode;63
BlockStat;28; 416; 320;16;16;Chroma_IntraMode;63
BlockStat;28; 416; 320;16;16;MultiRefIdx;0
BlockStat;28; 416; 320;16;16;Cbf_Y;1
BlockStat;28; 416; 320;16;16;TransformSkipFlag_Y;0
BlockStat;28; 416; 320;16;16;Cbf_Cb;0
BlockStat;28; 416; 320;16;16;Cbf_Cr;0
BlockStat;28; 416; 336; 8;16;Depth;5
BlockStat;28; 416; 336; 8;16;QT_Depth;2
BlockStat;28; 416; 336; 8;16;BT_Depth;3
BlockStat;28; 416; 336; 8;16;MT_Depth;3
BlockStat;28; 416; 336; 8;16;ChromaQPAdj;0
BlockStat;28; 416; 336; 8;16;QP;38
BlockStat;28; 416; 336; 8;16;SplitSeries;3214369
BlockStat;28; 416; 336; 8;16;SkipFlag;0
BlockStat;28; 416; 336; 8;16;PredMode;1
BlockStat;28; 416; 336; 8;16;Luma_IntraMode;3
BlockStat;28; 416; 336; 8;16;Chroma_IntraMode;3
BlockStat;28; 416; 336; 8;16;MultiRefIdx;0
BlockStat;28; 416; 336; 8;16;Cbf_Y;1
BlockStat;28; 416; 336; 8;16;TransformSkipFlag_Y;2
BlockStat;28; 416; 336; 8;16;Cbf_Cb;1
BlockStat;28; 416; 336; 8;16;Cbf_Cr;0
BlockStat;28; 424; 336; 8;16;Depth;5
BlockStat;28; 424; 336; 8;16;QT_Depth;2
BlockStat;28; 424; 336; 8;16;BT_Depth;3
BlockStat;28; 424; 336; 8;16;MT_Depth;3
BlockStat;28; 424; 336; 8;16;ChromaQPAdj;0
BlockStat;28; 424; 336; 8;16;QP;38
BlockStat;28; 424; 336; 8;16;SplitSeries;3214369
BlockStat;28; 424; 336; 8;16;SkipFlag;0
BlockStat;28; 424; 336; 8;16;PredMode;1
BlockStat;28; 424; 336; 8;16;Luma_IntraMode;10
BlockStat;28; 424; 336; 8;16;Chroma_IntraMode;0
BlockStat;28; 424; 336; 8;16;MultiRefIdx;0
BlockStat;28; 424; 336; 8;16;Cbf_Y;0
BlockStat;28; 424; 336; 8;16;TransformSkipFlag_Y;0
BlockStat;28; 424; 336; 8;16;Cbf_Cb;0
BlockStat;28; 424; 336; 8;16;Cbf_Cr;0
BlockStat;28; 432; 320; 8;32;Depth;4
BlockStat;28; 432; 320; 8;32;QT_Depth;2
BlockStat;28; 432; 320; 8;32;BT_Depth;2
BlockStat;28; 432; 320; 8;32;MT_Depth;2
BlockStat;28; 432; 320; 8;32;ChromaQPAdj;0
BlockStat;28; 432; 320; 8;32;QP;38
BlockStat;28; 432; 320; 8;32;SplitSeries;101409
BlockStat;28; 432; 320; 8;32;SkipFlag;0
BlockStat;28; 432; 320; 8;32;PredMode;1
BlockStat;28; 432; 320; 8;32;Luma_IntraMode;57
BlockStat;28; 432; 320; 8;32;Chroma_IntraMode;57
BlockStat;28; 432; 320; 8;32;MultiRefIdx;0
BlockStat;28; 432; 320; 8;32;Cbf_Y;1
BlockStat;28; 432; 320; 8;32;TransformSkipFlag_Y;0
BlockStat;28; 432; 320; 8;32;Cbf_Cb;0
BlockStat;28; 432; 320; 8;32;Cbf_Cr;0
BlockStat;28; 440; 320; 8;32;Depth;4
BlockStat;28; 440; 320; 8;32;QT_Depth;2
BlockStat;28; 440; 320; 8;32;BT_Depth;2
BlockStat;28; 440; 320; 8;32;MT_Depth;2
BlockStat;28; 440; 320; 8;32;ChromaQPAdj;0
BlockStat;28; 440; 320; 8;32;QP;38
BlockStat;28; 440; 320; 8;32;SplitSeries;101409
BlockStat;28; 440; 320; 8;32;SkipFlag;0
BlockStat;28; 440; 320; 8;32;PredMode;0
BlockStat;28; 440; 320; 8;32;MergeFlag;0
BlockStat;28; 440; 320; 8;32;InterDir;1
BlockStat;28; 440; 320; 8;32;MVPIdxL0;0
BlockStat;28; 440; 320; 8;32;RefIdxL0;0
BlockStat;28; 440; 320; 8;32;MVDL0; -12;  12
BlockStat;28; 440; 320; 8;32;MVL0;-148;  16
BlockStat;28; 440; 320; 8;32;IMVMode;1
BlockStat;28; 440; 320; 8;32;RootCbf;0
BlockStat;28; 384; 352; 4;32;Depth;4
BlockStat;28; 384; 352; 4;32;QT_Depth;2
BlockStat;28; 384; 352; 4;32;BT_Depth;3
BlockStat;28; 384; 352; 4;32;MT_Depth;2
BlockStat;28; 384; 352; 4;32;ChromaQPAdj;0
BlockStat;28; 384; 352; 4;32;QP;38
BlockStat;28; 384; 352; 4;32;SplitSeries;166945
BlockStat;28; 384; 352; 4;32;SkipFlag;0
BlockStat;28; 384; 352; 4;32;PredMode;1
BlockStat;28; 384; 352; 4;32;Luma_IntraMode;0
BlockStat;28; 384; 352; 4;32;Chroma_IntraMode;0
BlockStat;28; 384; 352; 4;32;MultiRefIdx;0
BlockStat;28; 384; 352; 4;32;Cbf_Y;0
BlockStat;28; 384; 352; 4;32;TransformSkipFlag_Y;0
BlockStat;28; 384; 352; 4;32;Cbf_Cb;0
BlockStat;28; 384; 352; 4;32;Cbf_Cr;0
BlockStat;28; 388; 352; 8;32;Depth;4
BlockStat;28; 388; 352; 8;32;QT_Depth;2
BlockStat;28; 388; 352; 8;32;BT_Depth;2
BlockStat;28; 388; 352; 8;32;MT_Depth;2
BlockStat;28; 388; 352; 8;32;ChromaQPAdj;0
BlockStat;28; 388; 352; 8;32;QP;38
BlockStat;28; 388; 352; 8;32;SplitSeries;166945
BlockStat;28; 388; 352; 8;32;SkipFlag;0
BlockStat;28; 388; 352; 8;32;PredMode;1
BlockStat;28; 388; 352; 8;32;Luma_IntraMode;1
BlockStat;28; 388; 352; 8;32;Chroma_IntraMode;1
BlockStat;28; 388; 352; 8;32;MultiRefIdx;0
BlockStat;28; 388; 352; 8;32;Cbf_Y;0
BlockStat;28; 388; 352; 8;32;TransformSkipFlag_Y;0
BlockStat;28; 388; 352; 8;32;Cbf_Cb;0
BlockStat;28; 388; 352; 8;32;Cbf_Cr;0
BlockStat;28; 396; 352; 4;32;Depth;4
BlockStat;28; 396; 352; 4;32;QT_Depth;2
BlockStat;28; 396; 352; 4;32;BT_Depth;3
BlockStat;28; 396; 352; 4;32;MT_Depth;2
BlockStat;28; 396; 352; 4;32;ChromaQPAdj;0
BlockStat;28; 396; 352; 4;32;QP;38
BlockStat;28; 396; 352; 4;32;SplitSeries;166945
BlockStat;28; 396; 352; 4;32;SkipFlag;0
BlockStat;28; 396; 352; 4;32;PredMode;1
BlockStat;28; 396; 352; 4;32;Luma_IntraMode;0
BlockStat;28; 396; 352; 4;32;Chroma_IntraMode;0
BlockStat;28; 396; 352; 4;32;MultiRefIdx;0
BlockStat;28; 396; 352; 1;32;Cbf_Y;0
BlockStat;28; 396; 352; 1;32;TransformSkipFlag_Y;0
BlockStat;28;   0;   0; 0; 0;Cbf_Cb;0
BlockStat;28;   0;   0; 0; 0;Cbf_Cr;0
BlockStat;28; 397; 352; 1;32;Cbf_Y;2
BlockStat;28; 397; 352; 1;32;TransformSkipFlag_Y;0
BlockStat;28;   0;   0; 0; 0;Cbf_Cb;0
BlockStat;28;   0;   0; 0; 0;Cbf_Cr;0
BlockStat;28; 398; 352; 1;32;Cbf_Y;2
BlockStat;28; 398; 352; 1;32;TransformSkipFlag_Y;0
BlockStat;28;   0;   0; 0; 0;Cbf_Cb;0
BlockStat;28;   0;   0; 0; 0;Cbf_Cr;0
BlockStat;28; 399; 352; 1;32;Cbf_Y;2
BlockStat;28; 399; 352; 1;32;TransformSkipFlag_Y;0
BlockStat;28; 396; 352; 4;32;Cbf_Cb;0
BlockStat;28; 396; 352; 4;32;Cbf_Cr;0
BlockStat;28; 400; 352; 4; 8;Depth;5
BlockStat;28; 400; 352; 4; 8;QT_Depth;2
BlockStat;28; 400; 352; 4; 8;BT_Depth;5
BlockStat;28; 400; 352; 4; 8;MT_Depth;3
BlockStat;28; 400; 352; 4; 8;ChromaQPAdj;0
BlockStat;28; 400; 352; 4; 8;QP;38
BlockStat;28; 400; 352; 4; 8;SplitSeries;4361249
BlockStat;28; 400; 352; 4; 8;SkipFlag;0
BlockStat;28; 400; 352; 4; 8;PredMode;1
BlockStat;28; 400; 352; 4; 8;Luma_IntraMode;58
BlockStat;28; 400; 352; 4; 8;MultiRefIdx;0
BlockStat;28; 400; 352; 2; 8;Cbf_Y;2
BlockStat;28; 400; 352; 2; 8;TransformSkipFlag_Y;0
BlockStat;28; 402; 352; 2; 8;Cbf_Y;2
BlockStat;28; 402; 352; 2; 8;TransformSkipFlag_Y;0
BlockStat;28; 400; 360; 4;16;Depth;5
BlockStat;28; 400; 360; 4;16;QT_Depth;2
BlockStat;28; 400; 360; 4;16;BT_Depth;4
BlockStat;28; 400; 360; 4;16;MT_Depth;3
BlockStat;28; 400; 360; 4;16;ChromaQPAdj;0
BlockStat;28; 400; 360; 4;16;QP;38
BlockStat;28; 400; 360; 4;16;SplitSeries;4361249
BlockStat;28; 400; 360; 4;16;SkipFlag;0
BlockStat;28; 400; 360; 4;16;PredMode;1
BlockStat;28; 400; 360; 4;16;Luma_IntraMode;45
BlockStat;28; 400; 360; 4;16;MultiRefIdx;0
BlockStat;28; 400; 360; 4;16;Cbf_Y;1
BlockStat;28; 400; 360; 4;16;TransformSkipFlag_Y;1
BlockStat;28; 400; 376; 4; 8;Depth;5
BlockStat;28; 400; 376; 4; 8;QT_Depth;2
BlockStat;28; 400; 376; 4; 8;BT_Depth;5
BlockStat;28; 400; 376; 4; 8;MT_Depth;3
BlockStat;28; 400; 376; 4; 8;ChromaQPAdj;0
BlockStat;28; 400; 376; 4; 8;QP;38
BlockStat;28; 400; 376; 4; 8;SplitSeries;4361249
BlockStat;28; 400; 376; 4; 8;SkipFlag;0
BlockStat;28; 400; 376; 4; 8;PredMode;1
BlockStat;28; 400; 376; 4; 8;Luma_IntraMode;45
BlockStat;28; 400; 376; 4; 8;MultiRefIdx;0
BlockStat;28; 400; 376; 2; 8;Cbf_Y;0
BlockStat;28; 400; 376; 2; 8;TransformSkipFlag_Y;0
BlockStat;28; 402; 376; 2; 8;Cbf_Y;2
BlockStat;28; 402; 376; 2; 8;TransformSkipFlag_Y;0
BlockStat;28;   0;   0; 0; 0;Depth;4
BlockStat;28;   0;   0; 0; 0;QT_Depth;2
BlockStat;28;   0;   0; 0; 0;BT_Depth;3
BlockStat;28;   0;   0; 0; 0;MT_Depth;2
BlockStat;28;   0;   0; 0; 0;ChromaQPAdj;0
BlockStat;28;   0;   0; 0; 0;QP;38
BlockStat;28;   0;   0; 0; 0;SplitSeries;166945
BlockStat;28;   0;   0; 0; 0;PredMode;1
BlockStat;28; 400; 352; 4;32;Chroma_IntraMode;67
BlockStat;28; 400; 352; 4;32;Cbf_Cb;0
BlockStat;28; 400; 352; 4;32;Cbf_Cr;0
BlockStat;28; 404; 352; 8; 8;Depth;5
BlockStat;28; 404; 352; 8; 8;QT_Depth;2
BlockStat;28; 404; 352; 8; 8;BT_Depth;4
BlockStat;28; 404; 352; 8; 8;MT_Depth;3
BlockStat;28; 404; 352; 8; 8;ChromaQPAdj;0
BlockStat;28; 404; 352; 8; 8;QP;38
BlockStat;28; 404; 352; 8; 8;SplitSeries;4361249
BlockStat;28; 404; 352; 8; 8;SkipFlag;1
BlockStat;28; 404; 352; 8; 8;MMVDSkipFlag;0
BlockStat;28; 404; 352; 8; 8;PredMode;0
BlockStat;28; 404; 352; 8; 8;MergeIdx;1
BlockStat;28; 404; 352; 8; 8;MergeType;0
BlockStat;28; 404; 352; 8; 8;MMVDMergeFlag;0
BlockStat;28; 404; 352; 8; 8;AffineFlag;0
BlockStat;28; 404; 352; 8; 8;MVPIdxL0;255
BlockStat;28; 404; 352; 8; 8;RefIdxL0;0
BlockStat;28; 404; 352; 8; 8;MVPIdxL1;255
BlockStat;28; 404; 352; 8; 8;RefIdxL1;0
BlockStat;28; 404; 352; 8; 8;MVDL0;   0;   0
BlockStat;28; 404; 352; 8; 8;MVL0;   0;   0
BlockStat;28; 404; 352; 8; 8;MVDL1;   0;   0
BlockStat;28; 404; 352; 8; 8;MVL1;   0;   0
BlockStat;28; 404; 360; 8;16;Depth;5
BlockStat;28; 404; 360; 8;16;QT_Depth;2
BlockStat;28; 404; 360; 8;16;BT_Depth;3
BlockStat;28; 404; 360; 8;16;MT_Depth;3
BlockStat;28; 404; 360; 8;16;ChromaQPAdj;0
BlockStat;28; 404; 360; 8;16;QP;38
BlockStat;28; 404; 360; 8;16;SplitSeries;4361249
BlockStat;28; 404; 360; 8;16;SkipFlag;0
BlockStat;28; 404; 360; 8;16;PredMode;1
BlockStat;28; 404; 360; 8;16;Luma_IntraMode;45
BlockStat;28; 404; 360; 8;16;Chroma_IntraMode;45
BlockStat;28; 404; 360; 8;16;MultiRefIdx;0
BlockStat;28; 404; 360; 8;16;Cbf_Y;1
BlockStat;28; 404; 360; 8;16;TransformSkipFlag_Y;0
BlockStat;28; 404; 360; 8;16;Cbf_Cb;0
BlockStat;28; 404; 360; 8;16;Cbf_Cr;0
BlockStat;28; 404; 376; 8; 8;Depth;5
BlockStat;28; 404; 376; 8; 8;QT_Depth;2
BlockStat;28; 404; 376; 8; 8;BT_Depth;4
BlockStat;28; 404; 376; 8; 8;MT_Depth;3
BlockStat;28; 404; 376; 8; 8;ChromaQPAdj;0
BlockStat;28; 404; 376; 8; 8;QP;38
BlockStat;28; 404; 376; 8; 8;SplitSeries;4361249
BlockStat;28; 404; 376; 8; 8;SkipFlag;0
BlockStat;28; 404; 376; 8; 8;PredMode;1
BlockStat;28; 404; 376; 8; 8;Luma_IntraMode;57
BlockStat;28; 404; 376; 8; 8;Chroma_IntraMode;57
BlockStat;28; 404; 376; 8; 8;MultiRefIdx;0
BlockStat;28; 404; 376; 8; 8;Cbf_Y;1
BlockStat;28; 404; 376; 8; 8;TransformSkipFlag_Y;0
BlockStat;28; 404; 376; 8; 8;Cbf_Cb;0
BlockStat;28; 404; 376; 8; 8;Cbf_Cr;0
BlockStat;28; 412; 352; 4;32;Depth;4
BlockStat;28; 412; 352; 4;32;QT_Depth;2
BlockStat;28; 412; 352; 4;32;BT_Depth;3
BlockStat;28; 412; 352; 4;32;MT_Depth;2
BlockStat;28; 412; 352; 4;32;ChromaQPAdj;0
BlockStat;28; 412; 352; 4;32;QP;38
BlockStat;28; 412; 352; 4;32;SplitSeries;166945
BlockStat;28; 412; 352; 4;32;SkipFlag;0
BlockStat;28; 412; 352; 4;32;PredMode;1
BlockStat;28; 412; 352; 4;32;Luma_IntraMode;3
BlockStat;28; 412; 352; 4;32;Chroma_IntraMode;3
BlockStat;28; 412; 352; 4;32;MultiRefIdx;0
BlockStat;28; 412; 352; 4;32;Cbf_Y;0
BlockStat;28; 412; 352; 4;32;TransformSkipFlag_Y;0
BlockStat;28; 412; 352; 4;32;Cbf_Cb;0
BlockStat;28; 412; 352; 4;32;Cbf_Cr;0
BlockStat;28; 416; 352;16;32;Depth;3
BlockStat;28; 416; 352;16;32;QT_Depth;2
BlockStat;28; 416; 352;16;32;BT_Depth;1
BlockStat;28; 416; 352;16;32;MT_Depth;1
BlockStat;28; 416; 352;16;32;ChromaQPAdj;0
BlockStat;28; 416; 352;16;32;QP;38
BlockStat;28; 416; 352;16;32;SplitSeries;3105
BlockStat;28; 416; 352;16;32;SkipFlag;0
BlockStat;28; 416; 352;16;32;PredMode;1
BlockStat;28; 416; 352;16;32;Luma_IntraMode;5
BlockStat;28; 416; 352;16;32;Chroma_IntraMode;67
BlockStat;28; 416; 352;16;32;MultiRefIdx;0
BlockStat;28; 416; 352;16;32;Cbf_Y;1
BlockStat;28; 416; 352;16;32;TransformSkipFlag_Y;0
BlockStat;28; 416; 352;16;32;Cbf_Cb;0
BlockStat;28; 416; 352;16;32;Cbf_Cr;0
BlockStat;28; 432; 352; 8;32;Depth;4
BlockStat;28; 432; 352; 8;32;QT_Depth;2
BlockStat;28; 432; 352; 8;32;BT_Depth;2
BlockStat;28; 432; 352; 8;32;MT_Depth;2
BlockStat;28; 432; 352; 8;32;ChromaQPAdj;0
BlockStat;28; 432; 352; 8;32;QP;38
BlockStat;28; 432; 352; 8;32;SplitSeries;101409
BlockStat;28; 432; 352; 8;32;SkipFlag;0
BlockStat;28; 432; 352; 8;32;PredMode;1
BlockStat;28; 432; 352; 8;32;Luma_IntraMode;57
BlockStat;28; 432; 352; 8;32;Chroma_IntraMode;57
BlockStat;28; 432; 352; 8;32;MultiRefIdx;0
BlockStat;28; 432; 352; 8;32;Cbf_Y;1
BlockStat;28; 432; 352; 8;32;TransformSkipFlag_Y;0
BlockStat;28; 432; 352; 8;32;Cbf_Cb;0
BlockStat;28; 432; 352; 8;32;Cbf_Cr;0
BlockStat;28; 440; 352; 8; 8;Depth;5
BlockStat;28; 440; 352; 8; 8;QT_Depth;2
BlockStat;28; 440; 352; 8; 8;BT_Depth;4
BlockStat;28; 440; 352; 8; 8;MT_Depth;3
BlockStat;28; 440; 352; 8; 8;ChromaQPAdj;0
BlockStat;28; 440; 352; 8; 8;QP;38
BlockStat;28; 440; 352; 8; 8;SplitSeries;4295713
BlockStat;28; 440; 352; 8; 8;SkipFlag;1
BlockStat;28; 440; 352; 8; 8;MMVDSkipFlag;0
BlockStat;28; 440; 352; 8; 8;PredMode;0
BlockStat;28; 440; 352; 8; 8;MergeIdx;0
BlockStat;28; 440; 352; 8; 8;MergeType;0
BlockStat;28; 440; 352; 8; 8;MMVDMergeFlag;0
BlockStat;28; 440; 352; 8; 8;AffineFlag;0
BlockStat;28; 440; 352; 8; 8;MVPIdxL0;255
BlockStat;28; 440; 352; 8; 8;RefIdxL0;0
BlockStat;28; 440; 352; 8; 8;MVDL0;   0;   0
BlockStat;28; 440; 352; 8; 8;MVL0;-148;  16
BlockStat;28; 440; 360; 8;16;Depth;5
BlockStat;28; 440; 360; 8;16;QT_Depth;2
BlockStat;28; 440; 360; 8;16;BT_Depth;3
BlockStat;28; 440; 360; 8;16;MT_Depth;3
BlockStat;28; 440; 360; 8;16;ChromaQPAdj;0
BlockStat;28; 440; 360; 8;16;QP;38
BlockStat;28; 440; 360; 8;16;SplitSeries;4295713
BlockStat;28; 440; 360; 8;16;SkipFlag;0
BlockStat;28; 440; 360; 8;16;PredMode;0
BlockStat;28; 440; 360; 8;16;MergeFlag;0
BlockStat;28; 440; 360; 8;16;InterDir;1
BlockStat;28; 440; 360; 8;16;MVPIdxL0;0
BlockStat;28; 440; 360; 8;16;RefIdxL0;0
BlockStat;28; 440; 360; 8;16;MVDL0;  48;   0
BlockStat;28; 440; 360; 8;16;MVL0;-100;  16
BlockStat;28; 440; 360; 8;16;IMVMode;1
BlockStat;28; 440; 360; 8;16;RootCbf;0
BlockStat;28; 440; 376; 8; 8;Depth;5
BlockStat;28; 440; 376; 8; 8;QT_Depth;2
BlockStat;28; 440; 376; 8; 8;BT_Depth;4
BlockStat;28; 440; 376; 8; 8;MT_Depth;3
BlockStat;28; 440; 376; 8; 8;ChromaQPAdj;0
BlockStat;28; 440; 376; 8; 8;QP;38
BlockStat;28; 440; 376; 8; 8;SplitSeries;4295713
BlockStat;28; 440; 376; 8; 8;SkipFlag;0
BlockStat;28; 440; 376; 8; 8;PredMode;1
BlockStat;28; 440; 376; 8; 8;Luma_IntraMode;63
BlockStat;28; 440; 376; 8; 8;Chroma_IntraMode;67
BlockStat;28; 440; 376; 8; 8;MultiRefIdx;0
BlockStat;28; 440; 376; 2; 8;Cbf_Y;0
BlockStat;28; 440; 376; 2; 8;TransformSkipFlag_Y;0
BlockStat;28;   0;   0; 0; 0;Cbf_Cb;0
BlockStat;28;   0;   0; 0; 0;Cbf_Cr;0
BlockStat;28; 442; 376; 2; 8;Cbf_Y;0
BlockStat;28; 442; 376; 2; 8;TransformSkipFlag_Y;0
BlockStat;28;   0;   0; 0; 0;Cbf_Cb;0
BlockStat;28;   0;   0; 0; 0;Cbf_Cr;0
BlockStat;28; 444; 376; 2; 8;Cbf_Y;2
BlockStat;28; 444; 376; 2; 8;TransformSkipFlag_Y;0
BlockStat;28;   0;   0; 0; 0;Cbf_Cb;0
BlockStat;28;   0;   0; 0; 0;Cbf_Cr;0
BlockStat;28; 446; 376; 2; 8;Cbf_Y;2
BlockStat;28; 446; 376; 2; 8;TransformSkipFlag_Y;0
BlockStat;28; 440; 376; 8; 8;Cbf_Cb;0
BlockStat;28; 440; 376; 8; 8;Cbf_Cr;0
BlockStat;28; 448; 320;32;32;Depth;2
BlockStat;28; 448; 320;32;32;QT_Depth;2
BlockStat;28; 448; 320;32;32;BT_Depth;0
BlockStat;28; 448; 320;32;32;MT_Depth;0
BlockStat;28; 448; 320;32;32;ChromaQPAdj;0
BlockStat;28; 448; 320;32;32;QP;38
BlockStat;28; 448; 320;32;32;SplitSeries;33
BlockStat;28; 448; 320;32;32;SkipFlag;0
BlockStat;28; 448; 320;32;32;PredMode;0
BlockStat;28; 448; 320;32;32;MergeFlag;0
BlockStat;28; 448; 320;32;32;InterDir;1
BlockStat;28; 448; 320;32;32;AffineFlag;0
BlockStat;28; 448; 320;32;32;MVPIdxL0;0
BlockStat;28; 448; 320;32;32;RefIdxL0;0
BlockStat;28; 448; 320;32;32;MVDL0;   0; -22
BlockStat;28; 448; 320;32;32;MVL0;-148;  -6
BlockStat;28; 448; 320;32;32;IMVMode;3
BlockStat;28; 448; 320;32;32;RootCbf;1
BlockStat;28; 448; 320;32;32;Cbf_Y;1
BlockStat;28; 448; 320;32;32;TransformSkipFlag_Y;0
BlockStat;28; 448; 320;32;32;Cbf_Cb;0
BlockStat;28; 448; 320;32;32;Cbf_Cr;1
BlockStat;28; 480; 320;16;16;Depth;3
BlockStat;28; 480; 320;16;16;QT_Depth;3
BlockStat;28; 480; 320;16;16;BT_Depth;0
BlockStat;28; 480; 320;16;16;MT_Depth;0
BlockStat;28; 480; 320;16;16;ChromaQPAdj;0
BlockStat;28; 480; 320;16;16;QP;38
BlockStat;28; 480; 320;16;16;SplitSeries;1057
BlockStat;28; 480; 320;16;16;SkipFlag;1
BlockStat;28; 480; 320;16;16;MMVDSkipFlag;0
BlockStat;28; 480; 320;16;16;PredMode;0
BlockStat;28; 480; 320;16;16;MergeIdx;0
BlockStat;28; 480; 320;16;16;MergeType;0
BlockStat;28; 480; 320;16;16;MMVDMergeFlag;0
BlockStat;28; 480; 320;16;16;AffineFlag;0
BlockStat;28; 480; 320;16;16;MVPIdxL0;255
BlockStat;28; 480; 320;16;16;RefIdxL0;0
BlockStat;28; 480; 320;16;16;MVDL0;   0;   0
BlockStat;28; 480; 320;16;16;MVL0;-148;  -6
BlockStat;28; 496; 320; 4;16;Depth;4
BlockStat;28; 496; 320; 4;16;QT_Depth;3
BlockStat;28; 496; 320; 4;16;BT_Depth;2
BlockStat;28; 496; 320; 4;16;MT_Depth;1
BlockStat;28; 496; 320; 4;16;ChromaQPAdj;0
BlockStat;28; 496; 320; 4;16;QP;38
BlockStat;28; 496; 320; 4;16;SplitSeries;164897
BlockStat;28; 496; 320; 4;16;SkipFlag;1
BlockStat;28; 496; 320; 4;16;MMVDSkipFlag;0
BlockStat;28; 496; 320; 4;16;PredMode;0
BlockStat;28; 496; 320; 4;16;MergeIdx;1
BlockStat;28; 496; 320; 4;16;MergeType;0
BlockStat;28; 496; 320; 4;16;MMVDMergeFlag;0
BlockStat;28; 496; 320; 4;16;MVPIdxL0;255
BlockStat;28; 496; 320; 4;16;RefIdxL0;0
BlockStat;28; 496; 320; 4;16;MVPIdxL1;255
BlockStat;28; 496; 320; 4;16;RefIdxL1;0
BlockStat;28; 496; 320; 4;16;MVDL0;   0;   0
BlockStat;28; 496; 320; 4;16;MVL0; -90;   3
BlockStat;28; 496; 320; 4;16;MVDL1;   0;   0
BlockStat;28; 496; 320; 4;16;MVL1; -84;   0
BlockStat;28; 500; 320; 8; 8;Depth;5
BlockStat;28; 500; 320; 8; 8;QT_Depth;3
BlockStat;28; 500; 320; 8; 8;BT_Depth;2
BlockStat;28; 500; 320; 8; 8;MT_Depth;2
BlockStat;28; 500; 320; 8; 8;ChromaQPAdj;0
BlockStat;28; 500; 320; 8; 8;QP;38
BlockStat;28; 500; 320; 8; 8;SplitSeries;2262049
BlockStat;28; 500; 320; 8; 8;SkipFlag;0
BlockStat;28; 500; 320; 8; 8;PredMode;1
BlockStat;28; 500; 320; 8; 8;Luma_IntraMode;46
BlockStat;28; 500; 320; 8; 8;Chroma_IntraMode;46
BlockStat;28; 500; 320; 8; 8;MultiRefIdx;1
BlockStat;28; 500; 320; 8; 8;Cbf_Y;1
BlockStat;28; 500; 320; 8; 8;TransformSkipFlag_Y;0
BlockStat;28; 500; 320; 8; 8;Cbf_Cb;0
BlockStat;28; 500; 320; 8; 8;Cbf_Cr;0
BlockStat;28; 500; 328; 8; 8;Depth;5
BlockStat;28; 500; 328; 8; 8;QT_Depth;3
BlockStat;28; 500; 328; 8; 8;BT_Depth;2
BlockStat;28; 500; 328; 8; 8;MT_Depth;2
BlockStat;28; 500; 328; 8; 8;ChromaQPAdj;0
BlockStat;28; 500; 328; 8; 8;QP;38
BlockStat;28; 500; 328; 8; 8;SplitSeries;2262049
BlockStat;28; 500; 328; 8; 8;SkipFlag;0
BlockStat;28; 500; 328; 8; 8;PredMode;0
BlockStat;28; 500; 328; 8; 8;MergeFlag;0
BlockStat;28; 500; 328; 8; 8;InterDir;1
BlockStat;28; 500; 328; 8; 8;MVPIdxL0;0
BlockStat;28; 500; 328; 8; 8;RefIdxL0;0
BlockStat;28; 500; 328; 8; 8;MVDL0; 112;   0
BlockStat;28; 500; 328; 8; 8;MVL0;  16;   0
BlockStat;28; 500; 328; 8; 8;IMVMode;2
BlockStat;28; 500; 328; 8; 8;RootCbf;1
BlockStat;28; 500; 328; 8; 8;Cbf_Y;1
BlockStat;28; 500; 328; 8; 8;TransformSkipFlag_Y;0
BlockStat;28; 500; 328; 8; 8;Cbf_Cb;0
BlockStat;28; 500; 328; 8; 8;Cbf_Cr;0
BlockStat;28; 508; 320; 4;16;Depth;4
BlockStat;28; 508; 320; 4;16;QT_Depth;3
BlockStat;28; 508; 320; 4;16;BT_Depth;2
BlockStat;28; 508; 320; 4;16;MT_Depth;1
BlockStat;28; 508; 320; 4;16;ChromaQPAdj;0
BlockStat;28; 508; 320; 4;16;QP;38
BlockStat;28; 508; 320; 4;16;SplitSeries;164897
BlockStat;28; 508; 320; 4;16;SkipFlag;0
BlockStat;28; 508; 320; 4;16;PredMode;0
BlockStat;28; 508; 320; 4;16;MergeFlag;0
BlockStat;28; 508; 320; 4;16;InterDir;1
BlockStat;28; 508; 320; 4;16;MVPIdxL0;0
BlockStat;28; 508; 320; 4;16;RefIdxL0;0
BlockStat;28; 508; 320; 4;16;MVDL0;  91;-120
BlockStat;28; 508; 320; 4;16;MVL0; 107;-120
BlockStat;28; 508; 320; 4;16;IMVMode;0
BlockStat;28; 508; 320; 4;16;RootCbf;1
BlockStat;28; 508; 320; 4;16;Cbf_Y;1
BlockStat;28; 508; 320; 4;16;TransformSkipFlag_Y;0
BlockStat;28; 508; 320; 4;16;Cbf_Cb;0
BlockStat;28; 508; 320; 4;16;Cbf_Cr;0
BlockStat;28; 480; 336;16; 8;Depth;4
BlockStat;28; 480; 336;16; 8;QT_Depth;3
BlockStat;28; 480; 336;16; 8;BT_Depth;1
BlockStat;28; 480; 336;16; 8;MT_Depth;1
BlockStat;28; 480; 336;16; 8;ChromaQPAdj;0
BlockStat;28; 480; 336;16; 8;QP;38
BlockStat;28; 480; 336;16; 8;SplitSeries;66593
BlockStat;28; 480; 336;16; 8;SkipFlag;0
BlockStat;28; 480; 336;16; 8;PredMode;0
BlockStat;28; 480; 336;16; 8;MergeFlag;1
BlockStat;28; 480; 336;16; 8;MergeIdx;0
BlockStat;28; 480; 336;16; 8;MergeType;0
BlockStat;28; 480; 336;16; 8;MMVDMergeFlag;0
BlockStat;28; 480; 336;16; 8;AffineFlag;0
BlockStat;28; 480; 336;16; 8;MHIntraFlag;1
BlockStat;28; 480; 336;16; 8;Luma_IntraMode;0
BlockStat;28; 480; 336;16; 8;Chroma_IntraMode;70
BlockStat;28; 480; 336;16; 8;MVPIdxL0;255
BlockStat;28; 480; 336;16; 8;RefIdxL0;0
BlockStat;28; 480; 336;16; 8;MVDL0;   0;   0
BlockStat;28; 480; 336;16; 8;MVL0;-148;  -6
BlockStat;28; 480; 336;16; 8;Cbf_Y;1
BlockStat;28; 480; 336;16; 8;TransformSkipFlag_Y;0
BlockStat;28; 480; 336;16; 8;Cbf_Cb;0
BlockStat;28; 480; 336;16; 8;Cbf_Cr;0
BlockStat;28; 480; 344; 4; 4;Depth;6
BlockStat;28; 480; 344; 4; 4;QT_Depth;3
BlockStat;28; 480; 344; 4; 4;BT_Depth;4
BlockStat;28; 480; 344; 4; 4;MT_Depth;3
BlockStat;28; 480; 344; 4; 4;ChromaQPAdj;0
BlockStat;28; 480; 344; 4; 4;QP;38
BlockStat;28; 480; 344; 4; 4;SplitSeries;169935905
BlockStat;28; 480; 344; 4; 4;SkipFlag;0
BlockStat;28; 480; 344; 4; 4;PredMode;1
BlockStat;28; 480; 344; 4; 4;Luma_IntraMode;0
BlockStat;28; 480; 344; 4; 4;MultiRefIdx;0
BlockStat;28; 480; 344; 4; 4;Cbf_Y;1
BlockStat;28; 480; 344; 4; 4;TransformSkipFlag_Y;0
BlockStat;28; 484; 344; 8; 4;Depth;6
BlockStat;28; 484; 344; 8; 4;QT_Depth;3
BlockStat;28; 484; 344; 8; 4;BT_Depth;3
BlockStat;28; 484; 344; 8; 4;MT_Depth;3
BlockStat;28; 484; 344; 8; 4;ChromaQPAdj;0
BlockStat;28; 484; 344; 8; 4;QP;38
BlockStat;28; 484; 344; 8; 4;SplitSeries;169935905
BlockStat;28; 484; 344; 8; 4;SkipFlag;0
BlockStat;28; 484; 344; 8; 4;PredMode;1
BlockStat;28; 484; 344; 8; 4;Luma_IntraMode;5
BlockStat;28; 484; 344; 8; 4;MultiRefIdx;0
BlockStat;28; 484; 344; 8; 4;Cbf_Y;0
BlockStat;28; 484; 344; 8; 4;TransformSkipFlag_Y;0
BlockStat;28; 492; 344; 4; 4;Depth;6
BlockStat;28; 492; 344; 4; 4;QT_Depth;3
BlockStat;28; 492; 344; 4; 4;BT_Depth;4
BlockStat;28; 492; 344; 4; 4;MT_Depth;3
BlockStat;28; 492; 344; 4; 4;ChromaQPAdj;0
BlockStat;28; 492; 344; 4; 4;QP;38
BlockStat;28; 492; 344; 4; 4;SplitSeries;169935905
BlockStat;28; 492; 344; 4; 4;SkipFlag;0
BlockStat;28; 492; 344; 4; 4;PredMode;1
BlockStat;28; 492; 344; 4; 4;Luma_IntraMode;20
BlockStat;28; 492; 344; 4; 4;MultiRefIdx;0
BlockStat;28; 492; 344; 4; 4;Cbf_Y;1
BlockStat;28; 492; 344; 4; 4;TransformSkipFlag_Y;2
BlockStat;28;   0;   0; 0; 0;Depth;5
BlockStat;28;   0;   0; 0; 0;QT_Depth;3
BlockStat;28;   0;   0; 0; 0;BT_Depth;2
BlockStat;28;   0;   0; 0; 0;MT_Depth;2
BlockStat;28;   0;   0; 0; 0;ChromaQPAdj;0
BlockStat;28;   0;   0; 0; 0;QP;38
BlockStat;28;   0;   0; 0; 0;SplitSeries;2163745
BlockStat;28;   0;   0; 0; 0;PredMode;1
BlockStat;28; 480; 344;16; 4;Chroma_IntraMode;0
BlockStat;28; 480; 344;16; 4;Cbf_Cb;0
BlockStat;28; 480; 344;16; 4;Cbf_Cr;0
BlockStat;28; 480; 348;16; 4;Depth;5
BlockStat;28; 480; 348;16; 4;QT_Depth;3
BlockStat;28; 480; 348;16; 4;BT_Depth;2
BlockStat;28; 480; 348;16; 4;MT_Depth;2
BlockStat;28; 480; 348;16; 4;ChromaQPAdj;0
BlockStat;28; 480; 348;16; 4;QP;38
BlockStat;28; 480; 348;16; 4;SplitSeries;2163745
BlockStat;28; 480; 348;16; 4;SkipFlag;0
BlockStat;28; 480; 348;16; 4;PredMode;0
BlockStat;28; 480; 348;16; 4;MergeFlag;0
BlockStat;28; 480; 348;16; 4;InterDir;1
BlockStat;28; 480; 348;16; 4;MVPIdxL0;1
BlockStat;28; 480; 348;16; 4;RefIdxL0;0
BlockStat;28; 480; 348;16; 4;MVDL0; 116;  28
BlockStat;28; 480; 348;16; 4;MVL0;  16;  44
BlockStat;28; 480; 348;16; 4;IMVMode;1
BlockStat;28; 480; 348;16; 4;RootCbf;1
BlockStat;28; 480; 348;16; 4;Cbf_Y;1
BlockStat;28; 480; 348;16; 4;TransformSkipFlag_Y;0
BlockStat;28; 480; 348;16; 4;Cbf_Cb;1
BlockStat;28; 480; 348;16; 4;Cbf_Cr;0
BlockStat;28; 496; 336;16; 4;Depth;4
BlockStat;28; 496; 336;16; 4;QT_Depth;3
BlockStat;28; 496; 336;16; 4;BT_Depth;2
BlockStat;28; 496; 336;16; 4;MT_Depth;1
BlockStat;28; 496; 336;16; 4;ChromaQPAdj;0
BlockStat;28; 496; 336;16; 4;QP;38
BlockStat;28; 496; 336;16; 4;SplitSeries;132129
BlockStat;28; 496; 336;16; 4;SkipFlag;0
BlockStat;28; 496; 336;16; 4;PredMode;1
BlockStat;28; 496; 336;16; 4;Luma_IntraMode;65
BlockStat;28; 496; 336;16; 4;Chroma_IntraMode;65
BlockStat;28; 496; 336;16; 4;MultiRefIdx;0
BlockStat;28; 496; 336; 4; 4;Cbf_Y;2
BlockStat;28; 496; 336; 4; 4;TransformSkipFlag_Y;0
BlockStat;28;   0;   0; 0; 0;Cbf_Cb;0
BlockStat;28;   0;   0; 0; 0;Cbf_Cr;0
BlockStat;28; 500; 336; 4; 4;Cbf_Y;0
BlockStat;28; 500; 336; 4; 4;TransformSkipFlag_Y;0
BlockStat;28;   0;   0; 0; 0;Cbf_Cb;0
BlockStat;28;   0;   0; 0; 0;Cbf_Cr;0
BlockStat;28; 504; 336; 4; 4;Cbf_Y;2
BlockStat;28; 504; 336; 4; 4;TransformSkipFlag_Y;0
BlockStat;28;   0;   0; 0; 0;Cbf_Cb;0
BlockStat;28;   0;   0; 0; 0;Cbf_Cr;0
BlockStat;28; 508; 336; 4; 4;Cbf_Y;2
BlockStat;28; 508; 336; 4; 4;TransformSkipFlag_Y;0
BlockStat;28; 496; 336;16; 4;Cbf_Cb;0
BlockStat;28; 496; 336;16; 4;Cbf_Cr;0
BlockStat;28; 496; 340; 8; 8;Depth;5
BlockStat;28; 496; 340; 8; 8;QT_Depth;3
BlockStat;28; 496; 340; 8; 8;BT_Depth;2
BlockStat;28; 496; 340; 8; 8;MT_Depth;2
BlockStat;28; 496; 340; 8; 8;ChromaQPAdj;0
BlockStat;28; 496; 340; 8; 8;QP;38
BlockStat;28; 496; 340; 8; 8;SplitSeries;3277857
BlockStat;28; 496; 340; 8; 8;SkipFlag;0
BlockStat;28; 496; 340; 8; 8;PredMode;0
BlockStat;28; 496; 340; 8; 8;MergeFlag;0
BlockStat;28; 496; 340; 8; 8;InterDir;1
BlockStat;28; 496; 340; 8; 8;MVPIdxL0;0
BlockStat;28; 496; 340; 8; 8;RefIdxL0;1
BlockStat;28; 496; 340; 8; 8;MVDL0; -20; -44
BlockStat;28; 496; 340; 8; 8;MVL0; 168;  56
BlockStat;28; 496; 340; 8; 8;IMVMode;1
BlockStat;28; 496; 340; 8; 8;RootCbf;1
BlockStat;28; 496; 340; 8; 8;Cbf_Y;1
BlockStat;28; 496; 340; 8; 8;TransformSkipFlag_Y;0
BlockStat;28; 496; 340; 8; 8;Cbf_Cb;0
BlockStat;28; 496; 340; 8; 8;Cbf_Cr;0
BlockStat;28; 504; 340; 8; 8;Depth;5
BlockStat;28; 504; 340; 8; 8;QT_Depth;3
BlockStat;28; 504; 340; 8; 8;BT_Depth;2
BlockStat;28; 504; 340; 8; 8;MT_Depth;2
BlockStat;28; 504; 340; 8; 8;ChromaQPAdj;0
BlockStat;28; 504; 340; 8; 8;QP;38
BlockStat;28; 504; 340; 8; 8;SplitSeries;3277857
BlockStat;28; 504; 340; 8; 8;SkipFlag;0
BlockStat;28; 504; 340; 8; 8;PredMode;0
BlockStat;28; 504; 340; 8; 8;MergeFlag;1
BlockStat;28; 504; 340; 8; 8;MergeIdx;2
BlockStat;28; 504; 340; 8; 8;MergeType;0
BlockStat;28; 504; 340; 8; 8;MMVDMergeFlag;0
BlockStat;28; 504; 340; 8; 8;AffineFlag;0
BlockStat;28; 504; 340; 8; 8;MHIntraFlag;0
BlockStat;28; 504; 340; 8; 8;MVPIdxL0;255
BlockStat;28; 504; 340; 8; 8;RefIdxL0;0
BlockStat: POC 28 @( 504, 340) [ 8x 8] TrianglePartitioning={   0,   8,   8,   0}
BlockStat: POC 28 @[(504, 340)--(512, 340)--(504, 348)--] TriangleMVL0={ 168,  56}
BlockStat: POC 28 @[(512, 340)--(504, 348)--(512, 348)--] TriangleMVL0={  16,  44}
BlockStat;28; 504; 340; 8; 8;Cbf_Y;1
BlockStat;28; 504; 340; 8; 8;TransformSkipFlag_Y;0
BlockStat;28; 504; 340; 8; 8;Cbf_Cb;0
BlockStat;28; 504; 340; 8; 8;Cbf_Cr;0
BlockStat;28; 496; 348;16; 4;Depth;4
BlockStat;28; 496; 348;16; 4;QT_Depth;3
BlockStat;28; 496; 348;16; 4;BT_Depth;2
BlockStat;28; 496; 348;16; 4;MT_Depth;1
BlockStat;28; 496; 348;16; 4;ChromaQPAdj;0
BlockStat;28; 496; 348;16; 4;QP;38
BlockStat;28; 496; 348;16; 4;SplitSeries;132129
BlockStat;28; 496; 348;16; 4;SkipFlag;0
BlockStat;28; 496; 348;16; 4;PredMode;1
BlockStat;28; 496; 348;16; 4;Luma_IntraMode;63
BlockStat;28; 496; 348;16; 4;Chroma_IntraMode;63
BlockStat;28; 496; 348;16; 4;MultiRefIdx;0
BlockStat;28; 496; 348;16; 4;Cbf_Y;0
BlockStat;28; 496; 348;16; 4;TransformSkipFlag_Y;0
BlockStat;28; 496; 348;16; 4;Cbf_Cb;0
BlockStat;28; 496; 348;16; 4;Cbf_Cr;0
BlockStat;28; 448; 352;16; 8;Depth;4
BlockStat;28; 448; 352;16; 8;QT_Depth;3
BlockStat;28; 448; 352;16; 8;BT_Depth;1
BlockStat;28; 448; 352;16; 8;MT_Depth;1
BlockStat;28; 448; 352;16; 8;ChromaQPAdj;0
BlockStat;28; 448; 352;16; 8;QP;38
BlockStat;28; 448; 352;16; 8;SplitSeries;66593
BlockStat;28; 448; 352;16; 8;SkipFlag;1
BlockStat;28; 448; 352;16; 8;MMVDSkipFlag;0
BlockStat;28; 448; 352;16; 8;PredMode;0
BlockStat;28; 448; 352;16; 8;MergeIdx;22
BlockStat;28; 448; 352;16; 8;MergeType;0
BlockStat;28; 448; 352;16; 8;MMVDMergeFlag;1
BlockStat;28; 448; 352;16; 8;MMVDMergeIdx;22
BlockStat;28; 448; 352;16; 8;MVPIdxL0;255
BlockStat;28; 448; 352;16; 8;RefIdxL0;0
BlockStat;28; 448; 352;16; 8;MVDL0;   0;   0
BlockStat;28; 448; 352;16; 8;MVL0;-148;  48
BlockStat;28; 448; 360;16; 8;Depth;4
BlockStat;28; 448; 360;16; 8;QT_Depth;3
BlockStat;28; 448; 360;16; 8;BT_Depth;1
BlockStat;28; 448; 360;16; 8;MT_Depth;1
BlockStat;28; 448; 360;16; 8;ChromaQPAdj;0
BlockStat;28; 448; 360;16; 8;QP;38
BlockStat;28; 448; 360;16; 8;SplitSeries;66593
BlockStat;28; 448; 360;16; 8;SkipFlag;0
BlockStat;28; 448; 360;16; 8;PredMode;0
BlockStat;28; 448; 360;16; 8;MergeFlag;0
BlockStat;28; 448; 360;16; 8;InterDir;1
BlockStat;28; 448; 360;16; 8;MVPIdxL0;1
BlockStat;28; 448; 360;16; 8;RefIdxL0;0
BlockStat;28; 448; 360;16; 8;MVDL0; -18;   8
BlockStat;28; 448; 360;16; 8;MVL0;-166;  56
BlockStat;28; 448; 360;16; 8;IMVMode;3
BlockStat;28; 448; 360;16; 8;RootCbf;0
BlockStat;28; 464; 352; 8; 8;Depth;4
BlockStat;28; 464; 352; 8; 8;QT_Depth;4
BlockStat;28; 464; 352; 8; 8;BT_Depth;0
BlockStat;28; 464; 352; 8; 8;MT_Depth;0
BlockStat;28; 464; 352; 8; 8;ChromaQPAdj;0
BlockStat;28; 464; 352; 8; 8;QP;38
BlockStat;28; 464; 352; 8; 8;SplitSeries;33825
BlockStat;28; 464; 352; 8; 8;SkipFlag;0
BlockStat;28; 464; 352; 8; 8;PredMode;0
BlockStat;28; 464; 352; 8; 8;MergeFlag;0
BlockStat;28; 464; 352; 8; 8;InterDir;1
BlockStat;28; 464; 352; 8; 8;MVPIdxL0;0
BlockStat;28; 464; 352; 8; 8;RefIdxL0;0
BlockStat;28; 464; 352; 8; 8;MVDL0;   0;  -2
BlockStat;28; 464; 352; 8; 8;MVL0;-166;  54
BlockStat;28; 464; 352; 8; 8;IMVMode;0
BlockStat;28; 464; 352; 8; 8;RootCbf;0
BlockStat;28; 472; 352; 8; 8;Depth;4
BlockStat;28; 472; 352; 8; 8;QT_Depth;4
BlockStat;28; 472; 352; 8; 8;BT_Depth;0
BlockStat;28; 472; 352; 8; 8;MT_Depth;0
BlockStat;28; 472; 352; 8; 8;ChromaQPAdj;0
BlockStat;28; 472; 352; 8; 8;QP;38
BlockStat;28; 472; 352; 8; 8;SplitSeries;33825
BlockStat;28; 472; 352; 8; 8;SkipFlag;0
BlockStat;28; 472; 352; 8; 8;PredMode;0
BlockStat;28; 472; 352; 8; 8;MergeFlag;1
BlockStat;28; 472; 352; 8; 8;MergeIdx;5
BlockStat;28; 472; 352; 8; 8;MergeType;0
BlockStat;28; 472; 352; 8; 8;MMVDMergeFlag;1
BlockStat;28; 472; 352; 8; 8;MMVDMergeIdx;5
BlockStat;28; 472; 352; 8; 8;MVPIdxL0;255
BlockStat;28; 472; 352; 8; 8;RefIdxL0;0
BlockStat;28; 472; 352; 8; 8;MVDL0;   0;   0
BlockStat;28; 472; 352; 8; 8;MVL0;-168;  54
BlockStat;28; 472; 352; 8; 4;Cbf_Y;0
BlockStat;28; 472; 352; 8; 4;TransformSkipFlag_Y;0
BlockStat;28; 472; 352; 8; 4;Cbf_Cb;0
BlockStat;28; 472; 352; 8; 4;Cbf_Cr;0
BlockStat;28; 472; 356; 8; 4;Cbf_Y;2
BlockStat;28; 472; 356; 8; 4;TransformSkipFlag_Y;0
BlockStat;28; 472; 356; 8; 4;Cbf_Cb;0
BlockStat;28; 472; 356; 8; 4;Cbf_Cr;0
BlockStat;28; 464; 360; 8; 8;Depth;4
BlockStat;28; 464; 360; 8; 8;QT_Depth;4
BlockStat;28; 464; 360; 8; 8;BT_Depth;0
BlockStat;28; 464; 360; 8; 8;MT_Depth;0
BlockStat;28; 464; 360; 8; 8;ChromaQPAdj;0
BlockStat;28; 464; 360; 8; 8;QP;38
BlockStat;28; 464; 360; 8; 8;SplitSeries;33825
BlockStat;28; 464; 360; 8; 8;SkipFlag;0
BlockStat;28; 464; 360; 8; 8;PredMode;1
BlockStat;28; 464; 360; 8; 8;Luma_IntraMode;4
BlockStat;28; 464; 360; 8; 8;Chroma_IntraMode;67
BlockStat;28; 464; 360; 8; 8;MultiRefIdx;0
BlockStat;28; 464; 360; 8; 8;Cbf_Y;1
BlockStat;28; 464; 360; 8; 8;TransformSkipFlag_Y;2
BlockStat;28; 464; 360; 8; 8;Cbf_Cb;0
BlockStat;28; 464; 360; 8; 8;Cbf_Cr;0
BlockStat;28; 472; 360; 8; 8;Depth;4
BlockStat;28; 472; 360; 8; 8;QT_Depth;4
BlockStat;28; 472; 360; 8; 8;BT_Depth;0
BlockStat;28; 472; 360; 8; 8;MT_Depth;0
BlockStat;28; 472; 360; 8; 8;ChromaQPAdj;0
BlockStat;28; 472; 360; 8; 8;QP;38
BlockStat;28; 472; 360; 8; 8;SplitSeries;33825
BlockStat;28; 472; 360; 8; 8;SkipFlag;0
BlockStat;28; 472; 360; 8; 8;PredMode;0
BlockStat;28; 472; 360; 8; 8;MergeFlag;0
BlockStat;28; 472; 360; 8; 8;InterDir;1
BlockStat;28; 472; 360; 8; 8;MVPIdxL0;0
BlockStat;28; 472; 360; 8; 8;RefIdxL0;0
BlockStat;28; 472; 360; 8; 8;MVDL0; 152; -28
BlockStat;28; 472; 360; 8; 8;MVL0; -16;  24
BlockStat;28; 472; 360; 8; 8;IMVMode;1
BlockStat;28; 472; 360; 8; 8;RootCbf;0
BlockStat;28; 448; 368; 8; 8;Depth;4
BlockStat;28; 448; 368; 8; 8;QT_Depth;4
BlockStat;28; 448; 368; 8; 8;BT_Depth;0
BlockStat;28; 448; 368; 8; 8;MT_Depth;0
BlockStat;28; 448; 368; 8; 8;ChromaQPAdj;0
BlockStat;28; 448; 368; 8; 8;QP;38
BlockStat;28; 448; 368; 8; 8;SplitSeries;33825
BlockStat;28; 448; 368; 8; 8;SkipFlag;0
BlockStat;28; 448; 368; 8; 8;PredMode;1
BlockStat;28; 448; 368; 8; 8;Luma_IntraMode;4
BlockStat;28; 448; 368; 8; 8;Chroma_IntraMode;4
BlockStat;28; 448; 368; 8; 8;MultiRefIdx;0
BlockStat;28; 448; 368; 8; 8;Cbf_Y;1
BlockStat;28; 448; 368; 8; 8;TransformSkipFlag_Y;2
BlockStat;28; 448; 368; 8; 8;Cbf_Cb;0
BlockStat;28; 448; 368; 8; 8;Cbf_Cr;0
BlockStat;28; 456; 368; 8; 8;Depth;4
BlockStat;28; 456; 368; 8; 8;QT_Depth;4
BlockStat;28; 456; 368; 8; 8;BT_Depth;0
BlockStat;28; 456; 368; 8; 8;MT_Depth;0
BlockStat;28; 456; 368; 8; 8;ChromaQPAdj;0
BlockStat;28; 456; 368; 8; 8;QP;38
BlockStat;28; 456; 368; 8; 8;SplitSeries;33825
BlockStat;28; 456; 368; 8; 8;SkipFlag;1
BlockStat;28; 456; 368; 8; 8;MMVDSkipFlag;0
BlockStat;28; 456; 368; 8; 8;PredMode;0
BlockStat;28; 456; 368; 8; 8;MergeIdx;37
BlockStat;28; 456; 368; 8; 8;MergeType;0
BlockStat;28; 456; 368; 8; 8;MMVDMergeFlag;1
BlockStat;28; 456; 368; 8; 8;MMVDMergeIdx;37
BlockStat;28; 456; 368; 8; 8;MVPIdxL0;255
BlockStat;28; 456; 368; 8; 8;RefIdxL0;0
BlockStat;28; 456; 368; 8; 8;MVDL0;   0;   0
BlockStat;28; 456; 368; 8; 8;MVL0; -18;  24
BlockStat;28; 448; 376; 8; 8;Depth;4
BlockStat;28; 448; 376; 8; 8;QT_Depth;4
BlockStat;28; 448; 376; 8; 8;BT_Depth;0
BlockStat;28; 448; 376; 8; 8;MT_Depth;0
BlockStat;28; 448; 376; 8; 8;ChromaQPAdj;0
BlockStat;28; 448; 376; 8; 8;QP;38
BlockStat;28; 448; 376; 8; 8;SplitSeries;33825
BlockStat;28; 448; 376; 8; 8;SkipFlag;1
BlockStat;28; 448; 376; 8; 8;MMVDSkipFlag;0
BlockStat;28; 448; 376; 8; 8;PredMode;0
BlockStat;28; 448; 376; 8; 8;MergeIdx;0
BlockStat;28; 448; 376; 8; 8;MergeType;0
BlockStat;28; 448; 376; 8; 8;MMVDMergeFlag;0
BlockStat;28; 448; 376; 8; 8;AffineFlag;0
BlockStat;28; 448; 376; 8; 8;MVPIdxL0;255
BlockStat;28; 448; 376; 8; 8;RefIdxL0;0
BlockStat;28; 448; 376; 8; 8;MVDL0;   0;   0
BlockStat;28; 448; 376; 8; 8;MVL0; -18;  24
BlockStat;28; 456; 376; 4; 8;Depth;5
BlockStat;28; 456; 376; 4; 8;QT_Depth;4
BlockStat;28; 456; 376; 4; 8;BT_Depth;1
BlockStat;28; 456; 376; 4; 8;MT_Depth;1
BlockStat;28; 456; 376; 4; 8;ChromaQPAdj;0
BlockStat;28; 456; 376; 4; 8;QP;38
BlockStat;28; 456; 376; 4; 8;SplitSeries;3179553
BlockStat;28; 456; 376; 4; 8;SkipFlag;1
BlockStat;28; 456; 376; 4; 8;MMVDSkipFlag;0
BlockStat;28; 456; 376; 4; 8;PredMode;0
BlockStat;28; 456; 376; 4; 8;MergeIdx;0
BlockStat;28; 456; 376; 4; 8;MergeType;0
BlockStat;28; 456; 376; 4; 8;MMVDMergeFlag;0
BlockStat;28; 456; 376; 4; 8;MVPIdxL0;255
BlockStat;28; 456; 376; 4; 8;RefIdxL0;0
BlockStat;28; 456; 376; 4; 8;MVDL0;   0;   0
BlockStat;28; 456; 376; 4; 8;MVL0; -18;  24
BlockStat;28; 460; 376; 4; 8;Depth;5
BlockStat;28; 460; 376; 4; 8;QT_Depth;4
BlockStat;28; 460; 376; 4; 8;BT_Depth;1
BlockStat;28; 460; 376; 4; 8;MT_Depth;1
BlockStat;28; 460; 376; 4; 8;ChromaQPAdj;0
BlockStat;28; 460; 376; 4; 8;QP;38
BlockStat;28; 460; 376; 4; 8;SplitSeries;3179553
BlockStat;28; 460; 376; 4; 8;SkipFlag;1
BlockStat;28; 460; 376; 4; 8;MMVDSkipFlag;0
BlockStat;28; 460; 376; 4; 8;PredMode;0
BlockStat;28; 460; 376; 4; 8;MergeIdx;38
BlockStat;28; 460; 376; 4; 8;MergeType;0
BlockStat;28; 460; 376; 4; 8;MMVDMergeFlag;1
BlockStat;28; 460; 376; 4; 8;MMVDMergeIdx;38
BlockStat;28; 460; 376; 4; 8;MVPIdxL0;255
BlockStat;28; 460; 376; 4; 8;RefIdxL0;0
BlockStat;28; 460; 376; 4; 8;MVDL0;   0;   0
BlockStat;28; 460; 376; 4; 8;MVL0; -16;  26
BlockStat;28; 464; 368;16;16;Depth;3
BlockStat;28; 464; 368;16;16;QT_Depth;3
BlockStat;28; 464; 368;16;16;BT_Depth;0
BlockStat;28; 464; 368;16;16;MT_Depth;0
BlockStat;28; 464; 368;16;16;ChromaQPAdj;0
BlockStat;28; 464; 368;16;16;QP;38
BlockStat;28; 464; 368;16;16;SplitSeries;1057
BlockStat;28; 464; 368;16;16;SkipFlag;1
BlockStat;28; 464; 368;16;16;MMVDSkipFlag;0
BlockStat;28; 464; 368;16;16;PredMode;0
BlockStat;28; 464; 368;16;16;MergeIdx;33
BlockStat;28; 464; 368;16;16;MergeType;0
BlockStat;28; 464; 368;16;16;MMVDMergeFlag;1
BlockStat;28; 464; 368;16;16;MMVDMergeIdx;33
BlockStat;28; 464; 368;16;16;MVPIdxL0;255
BlockStat;28; 464; 368;16;16;RefIdxL0;0
BlockStat;28; 464; 368;16;16;MVDL0;   0;   0
BlockStat;28; 464; 368;16;16;MVL0; -17;  24
BlockStat;28; 480; 352; 4;16;Depth;4
BlockStat;28; 480; 352; 4;16;QT_Depth;3
BlockStat;28; 480; 352; 4;16;BT_Depth;2
BlockStat;28; 480; 352; 4;16;MT_Depth;1
BlockStat;28; 480; 352; 4;16;ChromaQPAdj;0
BlockStat;28; 480; 352; 4;16;QP;38
BlockStat;28; 480; 352; 4;16;SplitSeries;164897
BlockStat;28; 480; 352; 4;16;SkipFlag;1
BlockStat;28; 480; 352; 4;16;MMVDSkipFlag;0
BlockStat;28; 480; 352; 4;16;PredMode;0
BlockStat;28; 480; 352; 4;16;MergeIdx;2
BlockStat;28; 480; 352; 4;16;MergeType;0
BlockStat;28; 480; 352; 4;16;MMVDMergeFlag;0
BlockStat;28; 480; 352; 4;16;MVPIdxL0;255
BlockStat;28; 480; 352; 4;16;RefIdxL0;0
BlockStat;28; 480; 352; 4;16;MVDL0;   0;   0
BlockStat;28; 480; 352; 4;16;MVL0; -17;  24
BlockStat;28; 484; 352; 8; 8;Depth;5
BlockStat;28; 484; 352; 8; 8;QT_Depth;3
BlockStat;28; 484; 352; 8; 8;BT_Depth;2
BlockStat;28; 484; 352; 8; 8;MT_Depth;2
BlockStat;28; 484; 352; 8; 8;ChromaQPAdj;0
BlockStat;28; 484; 352; 8; 8;QP;38
BlockStat;28; 484; 352; 8; 8;SplitSeries;2262049
BlockStat;28; 484; 352; 8; 8;SkipFlag;1
BlockStat;28; 484; 352; 8; 8;MMVDSkipFlag;0
BlockStat;28; 484; 352; 8; 8;PredMode;0
BlockStat;28; 484; 352; 8; 8;MergeIdx;3
BlockStat;28; 484; 352; 8; 8;MergeType;0
BlockStat;28; 484; 352; 8; 8;MMVDMergeFlag;0
BlockStat;28; 484; 352; 8; 8;AffineFlag;0
BlockStat;28; 484; 352; 8; 8;MVPIdxL0;255
BlockStat;28; 484; 352; 8; 8;RefIdxL0;0
BlockStat;28; 484; 352; 8; 8;MVDL0;   0;   0
BlockStat;28; 484; 352; 8; 8;MVL0; -18;  24
BlockStat;28; 484; 360; 8; 8;Depth;5
BlockStat;28; 484; 360; 8; 8;QT_Depth;3
BlockStat;28; 484; 360; 8; 8;BT_Depth;2
BlockStat;28; 484; 360; 8; 8;MT_Depth;2
BlockStat;28; 484; 360; 8; 8;ChromaQPAdj;0
BlockStat;28; 484; 360; 8; 8;QP;38
BlockStat;28; 484; 360; 8; 8;SplitSeries;2262049
BlockStat;28; 484; 360; 8; 8;SkipFlag;1
BlockStat;28; 484; 360; 8; 8;MMVDSkipFlag;0
BlockStat;28; 484; 360; 8; 8;PredMode;0
BlockStat;28; 484; 360; 8; 8;MergeIdx;0
BlockStat;28; 484; 360; 8; 8;MergeType;0
BlockStat;28; 484; 360; 8; 8;MMVDMergeFlag;0
BlockStat;28; 484; 360; 8; 8;AffineFlag;0
BlockStat;28; 484; 360; 8; 8;MVPIdxL0;255
BlockStat;28; 484; 360; 8; 8;RefIdxL0;0
BlockStat;28; 484; 360; 8; 8;MVDL0;   0;   0
BlockStat;28; 484; 360; 8; 8;MVL0; -17;  24
BlockStat;28; 492; 352; 4;16;Depth;4
BlockStat;28; 492; 352; 4;16;QT_Depth;3
BlockStat;28; 492; 352; 4;16;BT_Depth;2
BlockStat;28; 492; 352; 4;16;MT_Depth;1
BlockStat;28; 492; 352; 4;16;ChromaQPAdj;0
BlockStat;28; 492; 352; 4;16;QP;38
BlockStat;28; 492; 352; 4;16;SplitSeries;164897
BlockStat;28; 492; 352; 4;16;SkipFlag;0
BlockStat;28; 492; 352; 4;16;PredMode;0
BlockStat;28; 492; 352; 4;16;MergeFlag;0
BlockStat;28; 492; 352; 4;16;InterDir;1
BlockStat;28; 492; 352; 4;16;MVPIdxL0;1
BlockStat;28; 492; 352; 4;16;RefIdxL0;0
BlockStat;28; 492; 352; 4;16;MVDL0;  24; -52
BlockStat;28; 492; 352; 4;16;MVL0;  40;  -8
BlockStat;28; 492; 352; 4;16;IMVMode;1
BlockStat;28; 492; 352; 4;16;RootCbf;1
BlockStat;28; 492; 352; 4;16;Cbf_Y;1
BlockStat;28; 492; 352; 4;16;TransformSkipFlag_Y;0
BlockStat;28; 492; 352; 4;16;Cbf_Cb;0
BlockStat;28; 492; 352; 4;16;Cbf_Cr;0
BlockStat;28; 496; 352; 8;16;Depth;4
BlockStat;28; 496; 352; 8;16;QT_Depth;3
BlockStat;28; 496; 352; 8;16;BT_Depth;1
BlockStat;28; 496; 352; 8;16;MT_Depth;1
BlockStat;28; 496; 352; 8;16;ChromaQPAdj;0
BlockStat;28; 496; 352; 8;16;QP;38
BlockStat;28; 496; 352; 8;16;SplitSeries;99361
BlockStat;28; 496; 352; 8;16;SkipFlag;0
BlockStat;28; 496; 352; 8;16;PredMode;1
BlockStat;28; 496; 352; 8;16;Luma_IntraMode;59
BlockStat;28; 496; 352; 8;16;Chroma_IntraMode;59
BlockStat;28; 496; 352; 8;16;MultiRefIdx;0
BlockStat;28; 496; 352; 2;16;Cbf_Y;2
BlockStat;28; 496; 352; 2;16;TransformSkipFlag_Y;0
BlockStat;28;   0;   0; 0; 0;Cbf_Cb;0
BlockStat;28;   0;   0; 0; 0;Cbf_Cr;0
BlockStat;28; 498; 352; 2;16;Cbf_Y;0
BlockStat;28; 498; 352; 2;16;TransformSkipFlag_Y;0
BlockStat;28;   0;   0; 0; 0;Cbf_Cb;0
BlockStat;28;   0;   0; 0; 0;Cbf_Cr;0
BlockStat;28; 500; 352; 2;16;Cbf_Y;0
BlockStat;28; 500; 352; 2;16;TransformSkipFlag_Y;0
BlockStat;28;   0;   0; 0; 0;Cbf_Cb;0
BlockStat;28;   0;   0; 0; 0;Cbf_Cr;0
BlockStat;28; 502; 352; 2;16;Cbf_Y;0
BlockStat;28; 502; 352; 2;16;TransformSkipFlag_Y;0
BlockStat;28; 496; 352; 8;16;Cbf_Cb;0
BlockStat;28; 496; 352; 8;16;Cbf_Cr;0
BlockStat;28; 504; 352; 8;16;Depth;4
BlockStat;28; 504; 352; 8;16;QT_Depth;3
BlockStat;28; 504; 352; 8;16;BT_Depth;1
BlockStat;28; 504; 352; 8;16;MT_Depth;1
BlockStat;28; 504; 352; 8;16;ChromaQPAdj;0
BlockStat;28; 504; 352; 8;16;QP;38
BlockStat;28; 504; 352; 8;16;SplitSeries;99361
BlockStat;28; 504; 352; 8;16;SkipFlag;0
BlockStat;28; 504; 352; 8;16;PredMode;0
BlockStat;28; 504; 352; 8;16;MergeFlag;0
BlockStat;28; 504; 352; 8;16;InterDir;1
BlockStat;28; 504; 352; 8;16;MVPIdxL0;1
BlockStat;28; 504; 352; 8;16;RefIdxL0;0
BlockStat;28; 504; 352; 8;16;MVDL0;  12;-136
BlockStat;28; 504; 352; 8;16;MVL0;  -4;-112
BlockStat;28; 504; 352; 8;16;IMVMode;1
BlockStat;28; 504; 352; 8;16;RootCbf;1
BlockStat;28; 504; 352; 8;16;Cbf_Y;1
BlockStat;28; 504; 352; 8;16;TransformSkipFlag_Y;0
BlockStat;28; 504; 352; 8;16;Cbf_Cb;0
BlockStat;28; 504; 352; 8;16;Cbf_Cr;0
BlockStat;28; 480; 368; 4;16;Depth;4
BlockStat;28; 480; 368; 4;16;QT_Depth;3
BlockStat;28; 480; 368; 4;16;BT_Depth;2
BlockStat;28; 480; 368; 4;16;MT_Depth;1
BlockStat;28; 480; 368; 4;16;ChromaQPAdj;0
BlockStat;28; 480; 368; 4;16;QP;38
BlockStat;28; 480; 368; 4;16;SplitSeries;164897
BlockStat;28; 480; 368; 4;16;SkipFlag;1
BlockStat;28; 480; 368; 4;16;MMVDSkipFlag;0
BlockStat;28; 480; 368; 4;16;PredMode;0
BlockStat;28; 480; 368; 4;16;MergeIdx;0
BlockStat;28; 480; 368; 4;16;MergeType;0
BlockStat;28; 480; 368; 4;16;MMVDMergeFlag;0
BlockStat;28; 480; 368; 4;16;MVPIdxL0;255
BlockStat;28; 480; 368; 4;16;RefIdxL0;0
BlockStat;28; 480; 368; 4;16;MVDL0;   0;   0
BlockStat;28; 480; 368; 4;16;MVL0; -17;  24
BlockStat;28; 484; 368; 8;16;Depth;4
BlockStat;28; 484; 368; 8;16;QT_Depth;3
BlockStat;28; 484; 368; 8;16;BT_Depth;1
BlockStat;28; 484; 368; 8;16;MT_Depth;1
BlockStat;28; 484; 368; 8;16;ChromaQPAdj;0
BlockStat;28; 484; 368; 8;16;QP;38
BlockStat;28; 484; 368; 8;16;SplitSeries;164897
BlockStat;28; 484; 368; 8;16;SkipFlag;1
BlockStat;28; 484; 368; 8;16;MMVDSkipFlag;0
BlockStat;28; 484; 368; 8;16;PredMode;0
BlockStat;28; 484; 368; 8;16;MergeIdx;0
BlockStat;28; 484; 368; 8;16;MergeType;0
BlockStat;28; 484; 368; 8;16;MMVDMergeFlag;0
BlockStat;28; 484; 368; 8;16;AffineFlag;0
BlockStat;28; 484; 368; 8;16;MVPIdxL0;255
BlockStat;28; 484; 368; 8;16;RefIdxL0;0
BlockStat;28; 484; 368; 8;16;MVDL0;   0;   0
BlockStat;28; 484; 368; 8;16;MVL0; -17;  24
BlockStat;28; 492; 368; 4;16;Depth;4
BlockStat;28; 492; 368; 4;16;QT_Depth;3
BlockStat;28; 492; 368; 4;16;BT_Depth;2
BlockStat;28; 492; 368; 4;16;MT_Depth;1
BlockStat;28; 492; 368; 4;16;ChromaQPAdj;0
BlockStat;28; 492; 368; 4;16;QP;38
BlockStat;28; 492; 368; 4;16;SplitSeries;164897
BlockStat;28; 492; 368; 4;16;SkipFlag;0
BlockStat;28; 492; 368; 4;16;PredMode;0
BlockStat;28; 492; 368; 4;16;MergeFlag;1
BlockStat;28; 492; 368; 4;16;MergeIdx;0
BlockStat;28; 492; 368; 4;16;MergeType;0
BlockStat;28; 492; 368; 4;16;MMVDMergeFlag;0
BlockStat;28; 492; 368; 4;16;MHIntraFlag;0
BlockStat;28; 492; 368; 4;16;MVPIdxL0;255
BlockStat;28; 492; 368; 4;16;RefIdxL0;0
BlockStat;28; 492; 368; 4;16;MVDL0;   0;   0
BlockStat;28; 492; 368; 4;16;MVL0; -17;  24
BlockStat;28; 492; 368; 4;16;Cbf_Y;1
BlockStat;28; 492; 368; 4;16;TransformSkipFlag_Y;0
BlockStat;28; 492; 368; 4;16;Cbf_Cb;0
BlockStat;28; 492; 368; 4;16;Cbf_Cr;0
BlockStat;28; 496; 368; 8; 8;Depth;4
BlockStat;28; 496; 368; 8; 8;QT_Depth;4
BlockStat;28; 496; 368; 8; 8;BT_Depth;0
BlockStat;28; 496; 368; 8; 8;MT_Depth;0
BlockStat;28; 496; 368; 8; 8;ChromaQPAdj;0
BlockStat;28; 496; 368; 8; 8;QP;38
BlockStat;28; 496; 368; 8; 8;SplitSeries;33825
BlockStat;28; 496; 368; 8; 8;SkipFlag;0
BlockStat;28; 496; 368; 8; 8;PredMode;0
BlockStat;28; 496; 368; 8; 8;MergeFlag;0
BlockStat;28; 496; 368; 8; 8;InterDir;1
BlockStat;28; 496; 368; 8; 8;MVPIdxL0;0
BlockStat;28; 496; 368; 8; 8;RefIdxL0;0
BlockStat;28; 496; 368; 8; 8;MVDL0;  64; -32
BlockStat;28; 496; 368; 8; 8;MVL0;  48; -16
BlockStat;28; 496; 368; 8; 8;IMVMode;2
BlockStat;28; 496; 368; 8; 8;RootCbf;1
BlockStat;28; 496; 368; 8; 8;Cbf_Y;1
BlockStat;28; 496; 368; 8; 8;TransformSkipFlag_Y;0
BlockStat;28; 496; 368; 8; 8;Cbf_Cb;0
BlockStat;28; 496; 368; 8; 8;Cbf_Cr;0
BlockStat;28; 504; 368; 8; 8;Depth;4
BlockStat;28; 504; 368; 8; 8;QT_Depth;4
BlockStat;28; 504; 368; 8; 8;BT_Depth;0
BlockStat;28; 504; 368; 8; 8;MT_Depth;0
BlockStat;28; 504; 368; 8; 8;ChromaQPAdj;0
BlockStat;28; 504; 368; 8; 8;QP;38
BlockStat;28; 504; 368; 8; 8;SplitSeries;33825
BlockStat;28; 504; 368; 8; 8;SkipFlag;0
BlockStat;28; 504; 368; 8; 8;PredMode;1
BlockStat;28; 504; 368; 8; 8;Luma_IntraMode;0
BlockStat;28; 504; 368; 8; 8;Chroma_IntraMode;0
BlockStat;28; 504; 368; 8; 8;MultiRefIdx;0
BlockStat;28; 504; 368; 2; 8;Cbf_Y;0
BlockStat;28; 504; 368; 2; 8;TransformSkipFlag_Y;0
BlockStat;28;   0;   0; 0; 0;Cbf_Cb;0
BlockStat;28;   0;   0; 0; 0;Cbf_Cr;0
BlockStat;28; 506; 368; 2; 8;Cbf_Y;2
BlockStat;28; 506; 368; 2; 8;TransformSkipFlag_Y;0
BlockStat;28;   0;   0; 0; 0;Cbf_Cb;0
BlockStat;28;   0;   0; 0; 0;Cbf_Cr;0
BlockStat;28; 508; 368; 2; 8;Cbf_Y;2
BlockStat;28; 508; 368; 2; 8;TransformSkipFlag_Y;0
BlockStat;28;   0;   0; 0; 0;Cbf_Cb;0
BlockStat;28;   0;   0; 0; 0;Cbf_Cr;0
BlockStat;28; 510; 368; 2; 8;Cbf_Y;2
BlockStat;28; 510; 368; 2; 8;TransformSkipFlag_Y;0
BlockStat;28; 504; 368; 8; 8;Cbf_Cb;0
BlockStat;28; 504; 368; 8; 8;Cbf_Cr;0
BlockStat;28; 496; 376; 4; 8;Depth;5
BlockStat;28; 496; 376; 4; 8;QT_Depth;4
BlockStat;28; 496; 376; 4; 8;BT_Depth;1
BlockStat;28; 496; 376; 4; 8;MT_Depth;1
BlockStat;28; 496; 376; 4; 8;ChromaQPAdj;0
BlockStat;28; 496; 376; 4; 8;QP;38
BlockStat;28; 496; 376; 4; 8;SplitSeries;3179553
BlockStat;28; 496; 376; 4; 8;SkipFlag;1
BlockStat;28; 496; 376; 4; 8;MMVDSkipFlag;0
BlockStat;28; 496; 376; 4; 8;PredMode;0
BlockStat;28; 496; 376; 4; 8;MergeIdx;0
BlockStat;28; 496; 376; 4; 8;MergeType;0
BlockStat;28; 496; 376; 4; 8;MMVDMergeFlag;0
BlockStat;28; 496; 376; 4; 8;MVPIdxL0;255
BlockStat;28; 496; 376; 4; 8;RefIdxL0;0
BlockStat;28; 496; 376; 4; 8;MVDL0;   0;   0
BlockStat;28; 496; 376; 4; 8;MVL0; -17;  24
BlockStat;28; 500; 376; 4; 8;Depth;5
BlockStat;28; 500; 376; 4; 8;QT_Depth;4
BlockStat;28; 500; 376; 4; 8;BT_Depth;1
BlockStat;28; 500; 376; 4; 8;MT_Depth;1
BlockStat;28; 500; 376; 4; 8;ChromaQPAdj;0
BlockStat;28; 500; 376; 4; 8;QP;38
BlockStat;28; 500; 376; 4; 8;SplitSeries;3179553
BlockStat;28; 500; 376; 4; 8;SkipFlag;0
BlockStat;28; 500; 376; 4; 8;PredMode;0
BlockStat;28; 500; 376; 4; 8;MergeFlag;1
BlockStat;28; 500; 376; 4; 8;MergeIdx;4
BlockStat;28; 500; 376; 4; 8;MergeType;0
BlockStat;28; 500; 376; 4; 8;MMVDMergeFlag;0
BlockStat;28; 500; 376; 4; 8;MVPIdxL0;255
BlockStat;28; 500; 376; 4; 8;RefIdxL0;0
BlockStat;28; 500; 376; 4; 8;MVDL0;   0;   0
BlockStat;28; 500; 376; 4; 8;MVL0; -18;  24
BlockStat;28; 500; 376; 4; 4;Cbf_Y;2
BlockStat;28; 500; 376; 4; 4;TransformSkipFlag_Y;0
BlockStat;28; 500; 376; 4; 4;Cbf_Cb;0
BlockStat;28; 500; 376; 4; 4;Cbf_Cr;0
BlockStat;28; 500; 380; 4; 4;Cbf_Y;0
BlockStat;28; 500; 380; 4; 4;TransformSkipFlag_Y;0
BlockStat;28; 500; 380; 4; 4;Cbf_Cb;0
BlockStat;28; 500; 380; 4; 4;Cbf_Cr;0
BlockStat;28; 504; 376; 8; 4;Depth;5
BlockStat;28; 504; 376; 8; 4;QT_Depth;4
BlockStat;28; 504; 376; 8; 4;BT_Depth;1
BlockStat;28; 504; 376; 8; 4;MT_Depth;1
BlockStat;28; 504; 376; 8; 4;ChromaQPAdj;0
BlockStat;28; 504; 376; 8; 4;QP;38
BlockStat;28; 504; 376; 8; 4;SplitSeries;2130977
BlockStat;28; 504; 376; 8; 4;SkipFlag;0
BlockStat;28; 504; 376; 8; 4;PredMode;1
BlockStat;28; 504; 376; 8; 4;Luma_IntraMode;11
BlockStat;28; 504; 376; 8; 4;MultiRefIdx;0
BlockStat;28; 504; 376; 8; 4;Cbf_Y;1
BlockStat;28; 504; 376; 8; 4;TransformSkipFlag_Y;0
BlockStat;28; 504; 380; 8; 4;Depth;5
BlockStat;28; 504; 380; 8; 4;QT_Depth;4
BlockStat;28; 504; 380; 8; 4;BT_Depth;1
BlockStat;28; 504; 380; 8; 4;MT_Depth;1
BlockStat;28; 504; 380; 8; 4;ChromaQPAdj;0
BlockStat;28; 504; 380; 8; 4;QP;38
BlockStat;28; 504; 380; 8; 4;SplitSeries;2130977
BlockStat;28; 504; 380; 8; 4;SkipFlag;0
BlockStat;28; 504; 380; 8; 4;PredMode;1
BlockStat;28; 504; 380; 8; 4;Luma_IntraMode;1
BlockStat;28; 504; 380; 8; 4;MultiRefIdx;0
BlockStat;28; 504; 380; 8; 4;Cbf_Y;1
BlockStat;28; 504; 380; 8; 4;TransformSkipFlag_Y;0
BlockStat;28;   0;   0; 0; 0;Depth;4
BlockStat;28;   0;   0; 0; 0;QT_Depth;4
BlockStat;28;   0;   0; 0; 0;BT_Depth;0
BlockStat;28;   0;   0; 0; 0;MT_Depth;0
BlockStat;28;   0;   0; 0; 0;ChromaQPAdj;0
BlockStat;28;   0;   0; 0; 0;QP;38
BlockStat;28;   0;   0; 0; 0;SplitSeries;33825
BlockStat;28;   0;   0; 0; 0;PredMode;1
BlockStat;28; 504; 376; 8; 8;Chroma_IntraMode;0
BlockStat;28; 504; 376; 8; 8;Cbf_Cb;0
BlockStat;28; 504; 376; 8; 8;Cbf_Cr;0
BlockStat;28; 512; 256;16;64;Depth;2
BlockStat;28; 512; 256;16;64;QT_Depth;1
BlockStat;28; 512; 256;16;64;BT_Depth;2
BlockStat;28; 512; 256;16;64;MT_Depth;1
BlockStat;28; 512; 256;16;64;ChromaQPAdj;0
BlockStat;28; 512; 256;16;64;QP;38
BlockStat;28; 512; 256;16;64;SplitSeries;161
BlockStat;28; 512; 256;16;64;SkipFlag;0
BlockStat;28; 512; 256;16;64;PredMode;0
BlockStat;28; 512; 256;16;64;MergeFlag;0
BlockStat;28; 512; 256;16;64;InterDir;1
BlockStat;28; 512; 256;16;64;AffineFlag;0
BlockStat;28; 512; 256;16;64;MVPIdxL0;0
BlockStat;28; 512; 256;16;64;RefIdxL0;0
BlockStat;28; 512; 256;16;64;MVDL0;   8; -28
BlockStat;28; 512; 256;16;64;MVL0; 116;-148
BlockStat;28; 512; 256;16;64;IMVMode;1
BlockStat;28; 512; 256;16;64;RootCbf;1
BlockStat;28; 512; 256;16;64;Cbf_Y;1
BlockStat;28; 512; 256;16;64;TransformSkipFlag_Y;0
BlockStat;28; 512; 256;16;64;Cbf_Cb;0
BlockStat;28; 512; 256;16;64;Cbf_Cr;0
BlockStat;28; 528; 256;32;64;Depth;2
BlockStat;28; 528; 256;32;64;QT_Depth;1
BlockStat;28; 528; 256;32;64;BT_Depth;1
BlockStat;28; 528; 256;32;64;MT_Depth;1
BlockStat;28; 528; 256;32;64;ChromaQPAdj;0
BlockStat;28; 528; 256;32;64;QP;38
BlockStat;28; 528; 256;32;64;SplitSeries;161
BlockStat;28; 528; 256;32;64;SkipFlag;0
BlockStat;28; 528; 256;32;64;PredMode;0
BlockStat;28; 528; 256;32;64;MergeFlag;0
BlockStat;28; 528; 256;32;64;InterDir;1
BlockStat;28; 528; 256;32;64;AffineFlag;1
BlockStat;28; 528; 256;32;64;AffineType;1
BlockStat;28; 528; 256;32;64;MVPIdxL0;0
BlockStat;28; 528; 256;32;64;RefIdxL0;0
BlockStat;28; 528; 256;32;64;AffineMVL0; 124;-136; 124;-125; 116;-147
BlockStat;28; 528; 256;32;64;RootCbf;1
BlockStat;28; 528; 256;32;64;Cbf_Y;1
BlockStat;28; 528; 256;32;64;TransformSkipFlag_Y;0
BlockStat;28; 528; 256;32;64;Cbf_Cb;0
BlockStat;28; 528; 256;32;64;Cbf_Cr;0
BlockStat;28; 560; 256; 8;64;Depth;3
BlockStat;28; 560; 256; 8;64;QT_Depth;1
BlockStat;28; 560; 256; 8;64;BT_Depth;3
BlockStat;28; 560; 256; 8;64;MT_Depth;2
BlockStat;28; 560; 256; 8;64;ChromaQPAdj;0
BlockStat;28; 560; 256; 8;64;QP;38
BlockStat;28; 560; 256; 8;64;SplitSeries;3233
BlockStat;28; 560; 256; 8;64;SkipFlag;0
BlockStat;28; 560; 256; 8;64;PredMode;0
BlockStat;28; 560; 256; 8;64;MergeFlag;0
BlockStat;28; 560; 256; 8;64;InterDir;1
BlockStat;28; 560; 256; 8;64;MVPIdxL0;0
BlockStat;28; 560; 256; 8;64;RefIdxL0;0
BlockStat;28; 560; 256; 8;64;MVDL0; -12;  24
BlockStat;28; 560; 256; 8;64;MVL0; 104;-112
BlockStat;28; 560; 256; 8;64;IMVMode;1
BlockStat;28; 560; 256; 8;64;RootCbf;1
BlockStat;28; 560; 256; 8;64;Cbf_Y;1
BlockStat;28; 560; 256; 8;64;TransformSkipFlag_Y;0
BlockStat;28; 560; 256; 8;64;Cbf_Cb;0
BlockStat;28; 560; 256; 8;64;Cbf_Cr;0
BlockStat;28; 568; 256; 8;16;Depth;4
BlockStat;28; 568; 256; 8;16;QT_Depth;1
BlockStat;28; 568; 256; 8;16;BT_Depth;5
BlockStat;28; 568; 256; 8;16;MT_Depth;3
BlockStat;28; 568; 256; 8;16;ChromaQPAdj;0
BlockStat;28; 568; 256; 8;16;QP;38
BlockStat;28; 568; 256; 8;16;SplitSeries;134305
BlockStat;28; 568; 256; 8;16;SkipFlag;1
BlockStat;28; 568; 256; 8;16;MMVDSkipFlag;0
BlockStat;28; 568; 256; 8;16;PredMode;0
BlockStat;28; 568; 256; 8;16;MergeIdx;0
BlockStat;28; 568; 256; 8;16;MergeType;0
BlockStat;28; 568; 256; 8;16;MMVDMergeFlag;0
BlockStat;28; 568; 256; 8;16;AffineFlag;0
BlockStat;28; 568; 256; 8;16;MVPIdxL0;255
BlockStat;28; 568; 256; 8;16;RefIdxL0;0
BlockStat;28; 568; 256; 8;16;MVDL0;   0;   0
BlockStat;28; 568; 256; 8;16;MVL0; 104;-112
BlockStat;28; 568; 272; 8;32;Depth;4
BlockStat;28; 568; 272; 8;32;QT_Depth;1
BlockStat;28; 568; 272; 8;32;BT_Depth;4
BlockStat;28; 568; 272; 8;32;MT_Depth;3
BlockStat;28; 568; 272; 8;32;ChromaQPAdj;0
BlockStat;28; 568; 272; 8;32;QP;38
BlockStat;28; 568; 272; 8;32;SplitSeries;134305
BlockStat;28; 568; 272; 8;32;SkipFlag;0
BlockStat;28; 568; 272; 8;32;PredMode;0
BlockStat;28; 568; 272; 8;32;MergeFlag;0
BlockStat;28; 568; 272; 8;32;InterDir;1
BlockStat;28; 568; 272; 8;32;MVPIdxL0;0
BlockStat;28; 568; 272; 8;32;RefIdxL0;0
BlockStat;28; 568; 272; 8;32;MVDL0;  -2;   4
BlockStat;28; 568; 272; 8;32;MVL0; 102;-108
BlockStat;28; 568; 272; 8;32;IMVMode;3
BlockStat;28; 568; 272; 8;32;RootCbf;1
BlockStat;28; 568; 272; 8;32;Cbf_Y;1
BlockStat;28; 568; 272; 8;32;TransformSkipFlag_Y;0
BlockStat;28; 568; 272; 8;32;Cbf_Cb;0
BlockStat;28; 568; 272; 8;32;Cbf_Cr;0
BlockStat;28; 568; 304; 8;16;Depth;4
BlockStat;28; 568; 304; 8;16;QT_Depth;1
BlockStat;28; 568; 304; 8;16;BT_Depth;5
BlockStat;28; 568; 304; 8;16;MT_Depth;3
BlockStat;28; 568; 304; 8;16;ChromaQPAdj;0
BlockStat;28; 568; 304; 8;16;QP;38
BlockStat;28; 568; 304; 8;16;SplitSeries;134305
BlockStat;28; 568; 304; 8;16;SkipFlag;0
BlockStat;28; 568; 304; 8;16;PredMode;0
BlockStat;28; 568; 304; 8;16;MergeFlag;0
BlockStat;28; 568; 304; 8;16;InterDir;1
BlockStat;28; 568; 304; 8;16;MVPIdxL0;0
BlockStat;28; 568; 304; 8;16;RefIdxL0;0
BlockStat;28; 568; 304; 8;16;MVDL0; -10;   0
BlockStat;28; 568; 304; 8;16;MVL0;  94;-112
BlockStat;28; 568; 304; 8;16;IMVMode;3
BlockStat;28; 568; 304; 8;16;RootCbf;1
BlockStat;28; 568; 304; 8;16;Cbf_Y;1
BlockStat;28; 568; 304; 8;16;TransformSkipFlag_Y;0
BlockStat;28; 568; 304; 8;16;Cbf_Cb;0
BlockStat;28; 568; 304; 8;16;Cbf_Cr;0
BlockStat;28; 576; 256; 8;32;Depth;4
BlockStat;28; 576; 256; 8;32;QT_Depth;2
BlockStat;28; 576; 256; 8;32;BT_Depth;2
BlockStat;28; 576; 256; 8;32;MT_Depth;2
BlockStat;28; 576; 256; 8;32;ChromaQPAdj;0
BlockStat;28; 576; 256; 8;32;QP;38
BlockStat;28; 576; 256; 8;32;SplitSeries;101409
BlockStat;28; 576; 256; 8;32;SkipFlag;0
BlockStat;28; 576; 256; 8;32;PredMode;0
BlockStat;28; 576; 256; 8;32;MergeFlag;0
BlockStat;28; 576; 256; 8;32;InterDir;1
BlockStat;28; 576; 256; 8;32;MVPIdxL0;0
BlockStat;28; 576; 256; 8;32;RefIdxL0;0
BlockStat;28; 576; 256; 8;32;MVDL0;   6;   2
BlockStat;28; 576; 256; 8;32;MVL0; 108;-106
BlockStat;28; 576; 256; 8;32;IMVMode;0
BlockStat;28; 576; 256; 8;32;RootCbf;1
BlockStat;28; 576; 256; 8;32;Cbf_Y;1
BlockStat;28; 576; 256; 8;32;TransformSkipFlag_Y;0
BlockStat;28; 576; 256; 8;32;Cbf_Cb;0
BlockStat;28; 576; 256; 8;32;Cbf_Cr;0
BlockStat;28; 584; 256; 4;32;Depth;5
BlockStat;28; 584; 256; 4;32;QT_Depth;2
BlockStat;28; 584; 256; 4;32;BT_Depth;3
BlockStat;28; 584; 256; 4;32;MT_Depth;3
BlockStat;28; 584; 256; 4;32;ChromaQPAdj;0
BlockStat;28; 584; 256; 4;32;QP;38
BlockStat;28; 584; 256; 4;32;SplitSeries;3247137
BlockStat;28; 584; 256; 4;32;SkipFlag;0
BlockStat;28; 584; 256; 4;32;PredMode;0
BlockStat;28; 584; 256; 4;32;MergeFlag;0
BlockStat;28; 584; 256; 4;32;InterDir;1
BlockStat;28; 584; 256; 4;32;MVPIdxL0;0
BlockStat;28; 584; 256; 4;32;RefIdxL0;0
BlockStat;28; 584; 256; 4;32;MVDL0;  -4;   0
BlockStat;28; 584; 256; 4;32;MVL0; 104;-106
BlockStat;28; 584; 256; 4;32;IMVMode;3
BlockStat;28; 584; 256; 4;32;RootCbf;1
BlockStat;28; 584; 256; 4; 8;Cbf_Y;2
BlockStat;28; 584; 256; 4; 8;TransformSkipFlag_Y;0
BlockStat;28; 584; 256; 4; 8;Cbf_Cb;0
BlockStat;28; 584; 256; 4; 8;Cbf_Cr;0
BlockStat;28; 584; 264; 4;24;Cbf_Y;0
BlockStat;28; 584; 264; 4;24;TransformSkipFlag_Y;0
BlockStat;28; 584; 264; 4;24;Cbf_Cb;0
BlockStat;28; 584; 264; 4;24;Cbf_Cr;0
BlockStat;28; 588; 256; 4;32;Depth;5
BlockStat;28; 588; 256; 4;32;QT_Depth;2
BlockStat;28; 588; 256; 4;32;BT_Depth;3
BlockStat;28; 588; 256; 4;32;MT_Depth;3
BlockStat;28; 588; 256; 4;32;ChromaQPAdj;0
BlockStat;28; 588; 256; 4;32;QP;38
BlockStat;28; 588; 256; 4;32;SplitSeries;3247137
BlockStat;28; 588; 256; 4;32;SkipFlag;0
BlockStat;28; 588; 256; 4;32;PredMode;1
BlockStat;28; 588; 256; 4;32;Luma_IntraMode;52
BlockStat;28; 588; 256; 4;32;Chroma_IntraMode;52
BlockStat;28; 588; 256; 4;32;MultiRefIdx;0
BlockStat;28; 588; 256; 4;32;Cbf_Y;0
BlockStat;28; 588; 256; 4;32;TransformSkipFlag_Y;0
BlockStat;28; 588; 256; 4;32;Cbf_Cb;0
BlockStat;28; 588; 256; 4;32;Cbf_Cr;0
BlockStat;28; 592; 256;16;32;Depth;3
BlockStat;28; 592; 256;16;32;QT_Depth;2
BlockStat;28; 592; 256;16;32;BT_Depth;1
BlockStat;28; 592; 256;16;32;MT_Depth;1
BlockStat;28; 592; 256;16;32;ChromaQPAdj;0
BlockStat;28; 592; 256;16;32;QP;38
BlockStat;28; 592; 256;16;32;SplitSeries;3105
BlockStat;28; 592; 256;16;32;SkipFlag;0
BlockStat;28; 592; 256;16;32;PredMode;0
BlockStat;28; 592; 256;16;32;MergeFlag;0
BlockStat;28; 592; 256;16;32;InterDir;1
BlockStat;28; 592; 256;16;32;AffineFlag;0
BlockStat;28; 592; 256;16;32;MVPIdxL0;0
BlockStat;28; 592; 256;16;32;RefIdxL0;1
BlockStat;28; 592; 256;16;32;MVDL0;   0; 416
BlockStat;28; 592; 256;16;32;MVL0; 320; 384
BlockStat;28; 592; 256;16;32;IMVMode;2
BlockStat;28; 592; 256;16;32;RootCbf;0
BlockStat;28; 608; 256; 8;32;Depth;3
BlockStat;28; 608; 256; 8;32;QT_Depth;2
BlockStat;28; 608; 256; 8;32;BT_Depth;2
BlockStat;28; 608; 256; 8;32;MT_Depth;1
BlockStat;28; 608; 256; 8;32;ChromaQPAdj;0
BlockStat;28; 608; 256; 8;32;QP;38
BlockStat;28; 608; 256; 8;32;SplitSeries;5153
BlockStat;28; 608; 256; 8;32;SkipFlag;0
BlockStat;28; 608; 256; 8;32;PredMode;1
BlockStat;28; 608; 256; 8;32;Luma_IntraMode;36
BlockStat;28; 608; 256; 8;32;Chroma_IntraMode;36
BlockStat;28; 608; 256; 8;32;MultiRefIdx;0
BlockStat;28; 608; 256; 8;32;Cbf_Y;1
BlockStat;28; 608; 256; 8;32;TransformSkipFlag_Y;2
BlockStat;28; 608; 256; 8;32;Cbf_Cb;0
BlockStat;28; 608; 256; 8;32;Cbf_Cr;0
BlockStat;28; 616; 256;16;16;Depth;4
BlockStat;28; 616; 256;16;16;QT_Depth;2
BlockStat;28; 616; 256;16;16;BT_Depth;2
BlockStat;28; 616; 256;16;16;MT_Depth;2
BlockStat;28; 616; 256;16;16;ChromaQPAdj;0
BlockStat;28; 616; 256;16;16;QP;38
BlockStat;28; 616; 256;16;16;SplitSeries;70689
BlockStat;28; 616; 256;16;16;SkipFlag;0
BlockStat;28; 616; 256;16;16;PredMode;1
BlockStat;28; 616; 256;16;16;Luma_IntraMode;44
BlockStat;28; 616; 256;16;16;Chroma_IntraMode;44
BlockStat;28; 616; 256;16;16;MultiRefIdx;0
BlockStat;28; 616; 256;16;16;Cbf_Y;0
BlockStat;28; 616; 256;16;16;TransformSkipFlag_Y;0
BlockStat;28; 616; 256;16;16;Cbf_Cb;0
BlockStat;28; 616; 256;16;16;Cbf_Cr;0
BlockStat;28; 616; 272;16;16;Depth;4
BlockStat;28; 616; 272;16;16;QT_Depth;2
BlockStat;28; 616; 272;16;16;BT_Depth;2
BlockStat;28; 616; 272;16;16;MT_Depth;2
BlockStat;28; 616; 272;16;16;ChromaQPAdj;0
BlockStat;28; 616; 272;16;16;QP;38
BlockStat;28; 616; 272;16;16;SplitSeries;70689
BlockStat;28; 616; 272;16;16;SkipFlag;0
BlockStat;28; 616; 272;16;16;PredMode;0
BlockStat;28; 616; 272;16;16;MergeFlag;0
BlockStat;28; 616; 272;16;16;InterDir;1
BlockStat;28; 616; 272;16;16;AffineFlag;1
BlockStat;28; 616; 272;16;16;AffineType;0
BlockStat;28; 616; 272;16;16;MVPIdxL0;0
BlockStat;28; 616; 272;16;16;RefIdxL0;1
BlockStat;28; 616; 272;16;16;AffineMVL0; 257;  16; 257;  13; 260;  16
BlockStat;28; 616; 272;16;16;RootCbf;1
BlockStat;28; 616; 272;16;16;Cbf_Y;1
BlockStat;28; 616; 272;16;16;TransformSkipFlag_Y;0
BlockStat;28; 616; 272;16;16;Cbf_Cb;0
BlockStat;28; 616; 272;16;16;Cbf_Cr;0
BlockStat;28; 632; 256; 8;16;Depth;4
BlockStat;28; 632; 256; 8;16;QT_Depth;2
BlockStat;28; 632; 256; 8;16;BT_Depth;3
BlockStat;28; 632; 256; 8;16;MT_Depth;2
BlockStat;28; 632; 256; 8;16;ChromaQPAdj;0
BlockStat;28; 632; 256; 8;16;QP;38
BlockStat;28; 632; 256; 8;16;SplitSeries;70689
BlockStat;28; 632; 256; 8;16;SkipFlag;0
BlockStat;28; 632; 256; 8;16;PredMode;1
BlockStat;28; 632; 256; 8;16;Luma_IntraMode;65
BlockStat;28; 632; 256; 8;16;Chroma_IntraMode;65
BlockStat;28; 632; 256; 8;16;MultiRefIdx;0
BlockStat;28; 632; 256; 8;16;Cbf_Y;1
BlockStat;28; 632; 256; 8;16;TransformSkipFlag_Y;0
BlockStat;28; 632; 256; 8;16;Cbf_Cb;0
BlockStat;28; 632; 256; 8;16;Cbf_Cr;0
BlockStat;28; 632; 272; 8; 8;Depth;5
BlockStat;28; 632; 272; 8; 8;QT_Depth;2
BlockStat;28; 632; 272; 8; 8;BT_Depth;4
BlockStat;28; 632; 272; 8; 8;MT_Depth;3
BlockStat;28; 632; 272; 8; 8;ChromaQPAdj;0
BlockStat;28; 632; 272; 8; 8;QP;38
BlockStat;28; 632; 272; 8; 8;SplitSeries;2167841
BlockStat;28; 632; 272; 8; 8;SkipFlag;1
BlockStat;28; 632; 272; 8; 8;MMVDSkipFlag;0
BlockStat;28; 632; 272; 8; 8;PredMode;0
BlockStat;28; 632; 272; 8; 8;MergeIdx;0
BlockStat;28; 632; 272; 8; 8;MergeType;0
BlockStat;28; 632; 272; 8; 8;MMVDMergeFlag;0
BlockStat;28; 632; 272; 8; 8;AffineFlag;1
BlockStat;28; 632; 272; 8; 8;MVPIdxL0;0
BlockStat;28; 632; 272; 8; 8;RefIdxL0;1
BlockStat;28; 632; 272; 8; 8;AffineMVL0; 257;  12; 257;  11; 258;  12
BlockStat;28; 632; 280; 8; 8;Depth;5
BlockStat;28; 632; 280; 8; 8;QT_Depth;2
BlockStat;28; 632; 280; 8; 8;BT_Depth;4
BlockStat;28; 632; 280; 8; 8;MT_Depth;3
BlockStat;28; 632; 280; 8; 8;ChromaQPAdj;0
BlockStat;28; 632; 280; 8; 8;QP;38
BlockStat;28; 632; 280; 8; 8;SplitSeries;2167841
BlockStat;28; 632; 280; 8; 8;SkipFlag;0
BlockStat;28; 632; 280; 8; 8;PredMode;0
BlockStat;28; 632; 280; 8; 8;MergeFlag;1
BlockStat;28; 632; 280; 8; 8;MergeIdx;0
BlockStat;28; 632; 280; 8; 8;MergeType;0
BlockStat;28; 632; 280; 8; 8;MMVDMergeFlag;0
BlockStat;28; 632; 280; 8; 8;AffineFlag;1
BlockStat;28; 632; 280; 8; 8;MVPIdxL0;0
BlockStat;28; 632; 280; 8; 8;RefIdxL0;1
BlockStat;28; 632; 280; 8; 8;AffineMVL0; 259;  12; 259;  11; 260;  12
BlockStat;28; 632; 280; 4; 8;Cbf_Y;2
BlockStat;28; 632; 280; 4; 8;TransformSkipFlag_Y;0
BlockStat;28; 632; 280; 4; 8;Cbf_Cb;0
BlockStat;28; 632; 280; 4; 8;Cbf_Cr;0
BlockStat;28; 636; 280; 4; 8;Cbf_Y;0
BlockStat;28; 636; 280; 4; 8;TransformSkipFlag_Y;0
BlockStat;28; 636; 280; 4; 8;Cbf_Cb;0
BlockStat;28; 636; 280; 4; 8;Cbf_Cr;0
BlockStat;28; 576; 288; 8; 8;Depth;5
BlockStat;28; 576; 288; 8; 8;QT_Depth;2
BlockStat;28; 576; 288; 8; 8;BT_Depth;4
BlockStat;28; 576; 288; 8; 8;MT_Depth;3
BlockStat;28; 576; 288; 8; 8;ChromaQPAdj;0
BlockStat;28; 576; 288; 8; 8;QP;38
BlockStat;28; 576; 288; 8; 8;SplitSeries;3248161
BlockStat;28; 576; 288; 8; 8;SkipFlag;0
BlockStat;28; 576; 288; 8; 8;PredMode;0
BlockStat;28; 576; 288; 8; 8;MergeFlag;1
BlockStat;28; 576; 288; 8; 8;MergeIdx;0
BlockStat;28; 576; 288; 8; 8;MergeType;0
BlockStat;28; 576; 288; 8; 8;MMVDMergeFlag;0
BlockStat;28; 576; 288; 8; 8;AffineFlag;0
BlockStat;28; 576; 288; 8; 8;MHIntraFlag;1
BlockStat;28; 576; 288; 8; 8;Luma_IntraMode;0
BlockStat;28; 576; 288; 8; 8;Chroma_IntraMode;70
BlockStat;28; 576; 288; 8; 8;MVPIdxL0;255
BlockStat;28; 576; 288; 8; 8;RefIdxL0;0
BlockStat;28; 576; 288; 8; 8;MVDL0;   0;   0
BlockStat;28; 576; 288; 8; 8;MVL0; 102;-108
BlockStat;28; 576; 288; 8; 8;Cbf_Y;1
BlockStat;28; 576; 288; 8; 8;TransformSkipFlag_Y;0
BlockStat;28; 576; 288; 8; 8;Cbf_Cb;0
BlockStat;28; 576; 288; 8; 8;Cbf_Cr;0
BlockStat;28; 584; 288; 8; 8;Depth;5
BlockStat;28; 584; 288; 8; 8;QT_Depth;2
BlockStat;28; 584; 288; 8; 8;BT_Depth;4
BlockStat;28; 584; 288; 8; 8;MT_Depth;3
BlockStat;28; 584; 288; 8; 8;ChromaQPAdj;0
BlockStat;28; 584; 288; 8; 8;QP;38
BlockStat;28; 584; 288; 8; 8;SplitSeries;3248161
BlockStat;28; 584; 288; 8; 8;SkipFlag;0
BlockStat;28; 584; 288; 8; 8;PredMode;1
BlockStat;28; 584; 288; 8; 8;Luma_IntraMode;0
BlockStat;28; 584; 288; 8; 8;Chroma_IntraMode;0
BlockStat;28; 584; 288; 8; 8;MultiRefIdx;0
BlockStat;28; 584; 288; 8; 8;Cbf_Y;0
BlockStat;28; 584; 288; 8; 8;TransformSkipFlag_Y;0
BlockStat;28; 584; 288; 8; 8;Cbf_Cb;0
BlockStat;28; 584; 288; 8; 8;Cbf_Cr;0
BlockStat;28; 592; 288;16; 8;Depth;4
BlockStat;28; 592; 288;16; 8;QT_Depth;2
BlockStat;28; 592; 288;16; 8;BT_Depth;3
BlockStat;28; 592; 288;16; 8;MT_Depth;2
BlockStat;28; 592; 288;16; 8;ChromaQPAdj;0
BlockStat;28; 592; 288;16; 8;QP;38
BlockStat;28; 592; 288;16; 8;SplitSeries;102433
BlockStat;28; 592; 288;16; 8;SkipFlag;1
BlockStat;28; 592; 288;16; 8;MMVDSkipFlag;0
BlockStat;28; 592; 288;16; 8;PredMode;0
BlockStat;28; 592; 288;16; 8;MergeIdx;0
BlockStat;28; 592; 288;16; 8;MergeType;0
BlockStat;28; 592; 288;16; 8;MMVDMergeFlag;0
BlockStat;28; 592; 288;16; 8;AffineFlag;0
BlockStat;28; 592; 288;16; 8;MVPIdxL0;255
BlockStat;28; 592; 288;16; 8;RefIdxL0;1
BlockStat;28; 592; 288;16; 8;MVDL0;   0;   0
BlockStat;28; 592; 288;16; 8;MVL0; 320; 384
BlockStat;28; 576; 296; 8;16;Depth;5
BlockStat;28; 576; 296; 8;16;QT_Depth;2
BlockStat;28; 576; 296; 8;16;BT_Depth;3
BlockStat;28; 576; 296; 8;16;MT_Depth;3
BlockStat;28; 576; 296; 8;16;ChromaQPAdj;0
BlockStat;28; 576; 296; 8;16;QP;38
BlockStat;28; 576; 296; 8;16;SplitSeries;3248161
BlockStat;28; 576; 296; 8;16;SkipFlag;0
BlockStat;28; 576; 296; 8;16;PredMode;0
BlockStat;28; 576; 296; 8;16;MergeFlag;1
BlockStat;28; 576; 296; 8;16;MergeIdx;37
BlockStat;28; 576; 296; 8;16;MergeType;0
BlockStat;28; 576; 296; 8;16;MMVDMergeFlag;1
BlockStat;28; 576; 296; 8;16;MMVDMergeIdx;37
BlockStat;28; 576; 296; 8;16;MVPIdxL0;255
BlockStat;28; 576; 296; 8;16;RefIdxL0;0
BlockStat;28; 576; 296; 8;16;MVDL0;   0;   0
BlockStat;28; 576; 296; 8;16;MVL0; 100;-108
BlockStat;28; 576; 296; 8;16;Cbf_Y;1
BlockStat;28; 576; 296; 8;16;TransformSkipFlag_Y;0
BlockStat;28; 576; 296; 8;16;Cbf_Cb;0
BlockStat;28; 576; 296; 8;16;Cbf_Cr;0
BlockStat;28; 584; 296; 8;16;Depth;5
BlockStat;28; 584; 296; 8;16;QT_Depth;2
BlockStat;28; 584; 296; 8;16;BT_Depth;3
BlockStat;28; 584; 296; 8;16;MT_Depth;3
BlockStat;28; 584; 296; 8;16;ChromaQPAdj;0
BlockStat;28; 584; 296; 8;16;QP;38
BlockStat;28; 584; 296; 8;16;SplitSeries;3248161
BlockStat;28; 584; 296; 8;16;SkipFlag;0
BlockStat;28; 584; 296; 8;16;PredMode;1
BlockStat;28; 584; 296; 8;16;Luma_IntraMode;50
BlockStat;28; 584; 296; 8;16;Chroma_IntraMode;50
BlockStat;28; 584; 296; 8;16;MultiRefIdx;0
BlockStat;28; 584; 296; 8;16;Cbf_Y;0
BlockStat;28; 584; 296; 8;16;TransformSkipFlag_Y;0
BlockStat;28; 584; 296; 8;16;Cbf_Cb;0
BlockStat;28; 584; 296; 8;16;Cbf_Cr;0
BlockStat;28; 592; 296;16;16;Depth;4
BlockStat;28; 592; 296;16;16;QT_Depth;2
BlockStat;28; 592; 296;16;16;BT_Depth;2
BlockStat;28; 592; 296;16;16;MT_Depth;2
BlockStat;28; 592; 296;16;16;ChromaQPAdj;0
BlockStat;28; 592; 296;16;16;QP;38
BlockStat;28; 592; 296;16;16;SplitSeries;102433
BlockStat;28; 592; 296;16;16;SkipFlag;0
BlockStat;28; 592; 296;16;16;PredMode;0
BlockStat;28; 592; 296;16;16;MergeFlag;0
BlockStat;28; 592; 296;16;16;InterDir;1
BlockStat;28; 592; 296;16;16;AffineFlag;0
BlockStat;28; 592; 296;16;16;MVPIdxL0;1
BlockStat;28; 592; 296;16;16;RefIdxL0;0
BlockStat;28; 592; 296;16;16;MVDL0; -22; -18
BlockStat;28; 592; 296;16;16;MVL0;  86;-124
BlockStat;28; 592; 296;16;16;IMVMode;0
BlockStat;28; 592; 296;16;16;RootCbf;1
BlockStat;28; 592; 296;16;12;Cbf_Y;0
BlockStat;28; 592; 296;16;12;TransformSkipFlag_Y;0
BlockStat;28; 592; 296;16;12;Cbf_Cb;0
BlockStat;28; 592; 296;16;12;Cbf_Cr;0
BlockStat;28; 592; 308;16; 4;Cbf_Y;2
BlockStat;28; 592; 308;16; 4;TransformSkipFlag_Y;0
BlockStat;28; 592; 308;16; 4;Cbf_Cb;0
BlockStat;28; 592; 308;16; 4;Cbf_Cr;0
BlockStat;28; 576; 312; 8; 4;Depth;5
BlockStat;28; 576; 312; 8; 4;QT_Depth;2
BlockStat;28; 576; 312; 8; 4;BT_Depth;5
BlockStat;28; 576; 312; 8; 4;MT_Depth;3
BlockStat;28; 576; 312; 8; 4;ChromaQPAdj;0
BlockStat;28; 576; 312; 8; 4;QP;38
BlockStat;28; 576; 312; 8; 4;SplitSeries;5312545
BlockStat;28; 576; 312; 8; 4;SkipFlag;0
BlockStat;28; 576; 312; 8; 4;PredMode;0
BlockStat;28; 576; 312; 8; 4;MergeFlag;1
BlockStat;28; 576; 312; 8; 4;MergeIdx;0
BlockStat;28; 576; 312; 8; 4;MergeType;0
BlockStat;28; 576; 312; 8; 4;MMVDMergeFlag;0
BlockStat;28; 576; 312; 8; 4;MVPIdxL0;255
BlockStat;28; 576; 312; 8; 4;RefIdxL0;0
BlockStat;28; 576; 312; 8; 4;MVDL0;   0;   0
BlockStat;28; 576; 312; 8; 4;MVL0;  94;-112
BlockStat;28; 576; 312; 4; 4;Cbf_Y;2
BlockStat;28; 576; 312; 4; 4;TransformSkipFlag_Y;0
BlockStat;28; 576; 312; 4; 4;Cbf_Cb;0
BlockStat;28; 576; 312; 4; 4;Cbf_Cr;0
BlockStat;28; 580; 312; 4; 4;Cbf_Y;0
BlockStat;28; 580; 312; 4; 4;TransformSkipFlag_Y;0
BlockStat;28; 580; 312; 4; 4;Cbf_Cb;0
BlockStat;28; 580; 312; 4; 4;Cbf_Cr;0
BlockStat;28; 584; 312;16; 4;Depth;5
BlockStat;28; 584; 312;16; 4;QT_Depth;2
BlockStat;28; 584; 312;16; 4;BT_Depth;4
BlockStat;28; 584; 312;16; 4;MT_Depth;3
BlockStat;28; 584; 312;16; 4;ChromaQPAdj;0
BlockStat;28; 584; 312;16; 4;QP;38
BlockStat;28; 584; 312;16; 4;SplitSeries;5312545
BlockStat;28; 584; 312;16; 4;SkipFlag;0
BlockStat;28; 584; 312;16; 4;PredMode;0
BlockStat;28; 584; 312;16; 4;MergeFlag;0
BlockStat;28; 584; 312;16; 4;InterDir;1
BlockStat;28; 584; 312;16; 4;MVPIdxL0;0
BlockStat;28; 584; 312;16; 4;RefIdxL0;0
BlockStat;28; 584; 312;16; 4;MVDL0; -16;   0
BlockStat;28; 584; 312;16; 4;MVL0;  80;-112
BlockStat;28; 584; 312;16; 4;IMVMode;2
BlockStat;28; 584; 312;16; 4;RootCbf;0
BlockStat;28; 600; 312; 8; 4;Depth;5
BlockStat;28; 600; 312; 8; 4;QT_Depth;2
BlockStat;28; 600; 312; 8; 4;BT_Depth;5
BlockStat;28; 600; 312; 8; 4;MT_Depth;3
BlockStat;28; 600; 312; 8; 4;ChromaQPAdj;0
BlockStat;28; 600; 312; 8; 4;QP;38
BlockStat;28; 600; 312; 8; 4;SplitSeries;5312545
BlockStat;28; 600; 312; 8; 4;SkipFlag;0
BlockStat;28; 600; 312; 8; 4;PredMode;0
BlockStat;28; 600; 312; 8; 4;MergeFlag;1
BlockStat;28; 600; 312; 8; 4;MergeIdx;1
BlockStat;28; 600; 312; 8; 4;MergeType;0
BlockStat;28; 600; 312; 8; 4;MMVDMergeFlag;0
BlockStat;28; 600; 312; 8; 4;MVPIdxL0;255
BlockStat;28; 600; 312; 8; 4;RefIdxL0;0
BlockStat;28; 600; 312; 8; 4;MVDL0;   0;   0
BlockStat;28; 600; 312; 8; 4;MVL0;  86;-124
BlockStat;28; 600; 312; 8; 4;Cbf_Y;1
BlockStat;28; 600; 312; 8; 4;TransformSkipFlag_Y;0
BlockStat;28; 600; 312; 8; 4;Cbf_Cb;0
BlockStat;28; 600; 312; 8; 4;Cbf_Cr;0
BlockStat;28; 576; 316; 8; 4;Depth;5
BlockStat;28; 576; 316; 8; 4;QT_Depth;2
BlockStat;28; 576; 316; 8; 4;BT_Depth;5
BlockStat;28; 576; 316; 8; 4;MT_Depth;3
BlockStat;28; 576; 316; 8; 4;ChromaQPAdj;0
BlockStat;28; 576; 316; 8; 4;QP;38
BlockStat;28; 576; 316; 8; 4;SplitSeries;5312545
BlockStat;28; 576; 316; 8; 4;SkipFlag;0
BlockStat;28; 576; 316; 8; 4;PredMode;0
BlockStat;28; 576; 316; 8; 4;MergeFlag;0
BlockStat;28; 576; 316; 8; 4;InterDir;1
BlockStat;28; 576; 316; 8; 4;MVPIdxL0;0
BlockStat;28; 576; 316; 8; 4;RefIdxL0;0
BlockStat;28; 576; 316; 8; 4;MVDL0;  16; -20
BlockStat;28; 576; 316; 8; 4;MVL0; 108;-132
BlockStat;28; 576; 316; 8; 4;IMVMode;1
BlockStat;28; 576; 316; 8; 4;RootCbf;0
BlockStat;28; 584; 316;16; 4;Depth;5
BlockStat;28; 584; 316;16; 4;QT_Depth;2
BlockStat;28; 584; 316;16; 4;BT_Depth;4
BlockStat;28; 584; 316;16; 4;MT_Depth;3
BlockStat;28; 584; 316;16; 4;ChromaQPAdj;0
BlockStat;28; 584; 316;16; 4;QP;38
BlockStat;28; 584; 316;16; 4;SplitSeries;5312545
BlockStat;28; 584; 316;16; 4;SkipFlag;1
BlockStat;28; 584; 316;16; 4;MMVDSkipFlag;0
BlockStat;28; 584; 316;16; 4;PredMode;0
BlockStat;28; 584; 316;16; 4;MergeIdx;36
BlockStat;28; 584; 316;16; 4;MergeType;0
BlockStat;28; 584; 316;16; 4;MMVDMergeFlag;1
BlockStat;28; 584; 316;16; 4;MMVDMergeIdx;36
BlockStat;28; 584; 316;16; 4;MVPIdxL0;255
BlockStat;28; 584; 316;16; 4;RefIdxL0;0
BlockStat;28; 584; 316;16; 4;MVDL0;   0;   0
BlockStat;28; 584; 316;16; 4;MVL0;  82;-112
BlockStat;28; 600; 316; 8; 4;Depth;5
BlockStat;28; 600; 316; 8; 4;QT_Depth;2
BlockStat;28; 600; 316; 8; 4;BT_Depth;5
BlockStat;28; 600; 316; 8; 4;MT_Depth;3
BlockStat;28; 600; 316; 8; 4;ChromaQPAdj;0
BlockStat;28; 600; 316; 8; 4;QP;38
BlockStat;28; 600; 316; 8; 4;SplitSeries;5312545
BlockStat;28; 600; 316; 8; 4;SkipFlag;1
BlockStat;28; 600; 316; 8; 4;MMVDSkipFlag;0
BlockStat;28; 600; 316; 8; 4;PredMode;0
BlockStat;28; 600; 316; 8; 4;MergeIdx;5
BlockStat;28; 600; 316; 8; 4;MergeType;0
BlockStat;28; 600; 316; 8; 4;MMVDMergeFlag;0
BlockStat;28; 600; 316; 8; 4;MVPIdxL0;255
BlockStat;28; 600; 316; 8; 4;RefIdxL0;0
BlockStat;28; 600; 316; 8; 4;MVDL0;   0;   0
BlockStat;28; 600; 316; 8; 4;MVL0;  84;-118
BlockStat;28; 608; 288; 8;16;Depth;5
BlockStat;28; 608; 288; 8;16;QT_Depth;2
BlockStat;28; 608; 288; 8;16;BT_Depth;3
BlockStat;28; 608; 288; 8;16;MT_Depth;3
BlockStat;28; 608; 288; 8;16;ChromaQPAdj;0
BlockStat;28; 608; 288; 8;16;QP;38
BlockStat;28; 608; 288; 8;16;SplitSeries;2198561
BlockStat;28; 608; 288; 8;16;SkipFlag;1
BlockStat;28; 608; 288; 8;16;MMVDSkipFlag;0
BlockStat;28; 608; 288; 8;16;PredMode;0
BlockStat;28; 608; 288; 8;16;MergeIdx;7
BlockStat;28; 608; 288; 8;16;MergeType;0
BlockStat;28; 608; 288; 8;16;MMVDMergeFlag;1
BlockStat;28; 608; 288; 8;16;MMVDMergeIdx;7
BlockStat;28; 608; 288; 8;16;MVPIdxL0;255
BlockStat;28; 608; 288; 8;16;RefIdxL0;0
BlockStat;28; 608; 288; 8;16;MVDL0;   0;   0
BlockStat;28; 608; 288; 8;16;MVL0;  86;-126
BlockStat;28; 608; 304; 8;16;Depth;5
BlockStat;28; 608; 304; 8;16;QT_Depth;2
BlockStat;28; 608; 304; 8;16;BT_Depth;3
BlockStat;28; 608; 304; 8;16;MT_Depth;3
BlockStat;28; 608; 304; 8;16;ChromaQPAdj;0
BlockStat;28; 608; 304; 8;16;QP;38
BlockStat;28; 608; 304; 8;16;SplitSeries;2198561
BlockStat;28; 608; 304; 8;16;SkipFlag;1
BlockStat;28; 608; 304; 8;16;MMVDSkipFlag;0
BlockStat;28; 608; 304; 8;16;PredMode;0
BlockStat;28; 608; 304; 8;16;MergeIdx;5
BlockStat;28; 608; 304; 8;16;MergeType;0
BlockStat;28; 608; 304; 8;16;MMVDMergeFlag;0
BlockStat;28; 608; 304; 8;16;AffineFlag;0
BlockStat;28; 608; 304; 8;16;MVPIdxL0;255
BlockStat;28; 608; 304; 8;16;RefIdxL0;0
BlockStat;28; 608; 304; 8;16;MVDL0;   0;   0
BlockStat;28; 608; 304; 8;16;MVL0;  85;-122
BlockStat;28; 616; 288; 8;32;Depth;4
BlockStat;28; 616; 288; 8;32;QT_Depth;2
BlockStat;28; 616; 288; 8;32;BT_Depth;2
BlockStat;28; 616; 288; 8;32;MT_Depth;2
BlockStat;28; 616; 288; 8;32;ChromaQPAdj;0
BlockStat;28; 616; 288; 8;32;QP;38
BlockStat;28; 616; 288; 8;32;SplitSeries;101409
BlockStat;28; 616; 288; 8;32;SkipFlag;0
BlockStat;28; 616; 288; 8;32;PredMode;0
BlockStat;28; 616; 288; 8;32;MergeFlag;1
BlockStat;28; 616; 288; 8;32;MergeIdx;0
BlockStat;28; 616; 288; 8;32;MergeType;0
BlockStat;28; 616; 288; 8;32;MMVDMergeFlag;0
BlockStat;28; 616; 288; 8;32;AffineFlag;0
BlockStat;28; 616; 288; 8;32;MHIntraFlag;1
BlockStat;28; 616; 288; 8;32;Luma_IntraMode;0
BlockStat;28; 616; 288; 8;32;Chroma_IntraMode;70
BlockStat;28; 616; 288; 8;32;MVPIdxL0;255
BlockStat;28; 616; 288; 8;32;RefIdxL0;0
BlockStat;28; 616; 288; 8;32;MVDL0;   0;   0
BlockStat;28; 616; 288; 8;32;MVL0;  85;-122
BlockStat;28; 616; 288; 8;32;Cbf_Y;1
BlockStat;28; 616; 288; 8;32;TransformSkipFlag_Y;0
BlockStat;28; 616; 288; 8;32;Cbf_Cb;0
BlockStat;28; 616; 288; 8;32;Cbf_Cr;0
BlockStat;28; 624; 288; 8;32;Depth;4
BlockStat;28; 624; 288; 8;32;QT_Depth;2
BlockStat;28; 624; 288; 8;32;BT_Depth;2
BlockStat;28; 624; 288; 8;32;MT_Depth;2
BlockStat;28; 624; 288; 8;32;ChromaQPAdj;0
BlockStat;28; 624; 288; 8;32;QP;38
BlockStat;28; 624; 288; 8;32;SplitSeries;101409
BlockStat;28; 624; 288; 8;32;SkipFlag;0
BlockStat;28; 624; 288; 8;32;PredMode;1
BlockStat;28; 624; 288; 8;32;Luma_IntraMode;64
BlockStat;28; 624; 288; 8;32;Chroma_IntraMode;64
BlockStat;28; 624; 288; 8;32;MultiRefIdx;0
BlockStat;28; 624; 288; 8;32;Cbf_Y;1
BlockStat;28; 624; 288; 8;32;TransformSkipFlag_Y;2
BlockStat;28; 624; 288; 8;32;Cbf_Cb;0
BlockStat;28; 624; 288; 8;32;Cbf_Cr;0
BlockStat;28; 632; 288; 8;32;Depth;4
BlockStat;28; 632; 288; 8;32;QT_Depth;2
BlockStat;28; 632; 288; 8;32;BT_Depth;2
BlockStat;28; 632; 288; 8;32;MT_Depth;2
BlockStat;28; 632; 288; 8;32;ChromaQPAdj;0
BlockStat;28; 632; 288; 8;32;QP;38
BlockStat;28; 632; 288; 8;32;SplitSeries;101409
BlockStat;28; 632; 288; 8;32;SkipFlag;0
BlockStat;28; 632; 288; 8;32;PredMode;0
BlockStat;28; 632; 288; 8;32;MergeFlag;1
BlockStat;28; 632; 288; 8;32;MergeIdx;0
BlockStat;28; 632; 288; 8;32;MergeType;0
BlockStat;28; 632; 288; 8;32;MMVDMergeFlag;0
BlockStat;28; 632; 288; 8;32;AffineFlag;0
BlockStat;28; 632; 288; 8;32;MHIntraFlag;1
BlockStat;28; 632; 288; 8;32;Luma_IntraMode;0
BlockStat;28; 632; 288; 8;32;Chroma_IntraMode;70
BlockStat;28; 632; 288; 8;32;MVPIdxL0;255
BlockStat;28; 632; 288; 8;32;RefIdxL0;1
BlockStat;28; 632; 288; 8;32;MVDL0;   0;   0
BlockStat;28; 632; 288; 8;32;MVL0; 260;  11
BlockStat;28; 632; 288; 8;32;Cbf_Y;1
BlockStat;28; 632; 288; 8;32;TransformSkipFlag_Y;0
BlockStat;28; 632; 288; 8;32;Cbf_Cb;0
BlockStat;28; 632; 288; 8;32;Cbf_Cr;0
BlockStat;28; 512; 320;16;32;Depth;3
BlockStat;28; 512; 320;16;32;QT_Depth;2
BlockStat;28; 512; 320;16;32;BT_Depth;1
BlockStat;28; 512; 320;16;32;MT_Depth;1
BlockStat;28; 512; 320;16;32;ChromaQPAdj;0
BlockStat;28; 512; 320;16;32;QP;38
BlockStat;28; 512; 320;16;32;SplitSeries;3105
BlockStat;28; 512; 320;16;32;SkipFlag;0
BlockStat;28; 512; 320;16;32;PredMode;0
BlockStat;28; 512; 320;16;32;MergeFlag;0
BlockStat;28; 512; 320;16;32;InterDir;3
BlockStat;28; 512; 320;16;32;AffineFlag;1
BlockStat;28; 512; 320;16;32;AffineType;1
BlockStat;28; 512; 320;16;32;MVPIdxL0;0
BlockStat;28; 512; 320;16;32;RefIdxL0;0
BlockStat;28; 512; 320;16;32;MVPIdxL1;0
BlockStat;28; 512; 320;16;32;RefIdxL1;0
BlockStat;28; 512; 320;16;32;AffineMVL0; 118;-153; 118;-147; 114;-159
BlockStat;28; 512; 320;16;32;AffineMVL1; 116;-154; 116;-149; 112;-159
BlockStat;28; 512; 320;16;32;RootCbf;1
BlockStat;28; 512; 320;16;32;Cbf_Y;1
BlockStat;28; 512; 320;16;32;TransformSkipFlag_Y;0
BlockStat;28; 512; 320;16;32;Cbf_Cb;0
BlockStat;28; 512; 320;16;32;Cbf_Cr;0
BlockStat;28; 528; 320;16;32;Depth;3
BlockStat;28; 528; 320;16;32;QT_Depth;2
BlockStat;28; 528; 320;16;32;BT_Depth;1
BlockStat;28; 528; 320;16;32;MT_Depth;1
BlockStat;28; 528; 320;16;32;ChromaQPAdj;0
BlockStat;28; 528; 320;16;32;QP;38
BlockStat;28; 528; 320;16;32;SplitSeries;3105
BlockStat;28; 528; 320;16;32;SkipFlag;0
BlockStat;28; 528; 320;16;32;PredMode;0
BlockStat;28; 528; 320;16;32;MergeFlag;0
BlockStat;28; 528; 320;16;32;InterDir;1
BlockStat;28; 528; 320;16;32;AffineFlag;1
BlockStat;28; 528; 320;16;32;AffineType;0
BlockStat;28; 528; 320;16;32;MVPIdxL0;1
BlockStat;28; 528; 320;16;32;RefIdxL0;0
BlockStat;28; 528; 320;16;32;AffineMVL0; 119;-155; 118;-153; 113;-157
BlockStat;28; 528; 320;16;32;RootCbf;1
BlockStat;28; 528; 320;16;32;Cbf_Y;1
BlockStat;28; 528; 320;16;32;TransformSkipFlag_Y;0
BlockStat;28; 528; 320;16;32;Cbf_Cb;0
BlockStat;28; 528; 320;16;32;Cbf_Cr;0
BlockStat;28; 544; 320;16;16;Depth;3
BlockStat;28; 544; 320;16;16;QT_Depth;3
BlockStat;28; 544; 320;16;16;BT_Depth;0
BlockStat;28; 544; 320;16;16;MT_Depth;0
BlockStat;28; 544; 320;16;16;ChromaQPAdj;0
BlockStat;28; 544; 320;16;16;QP;38
BlockStat;28; 544; 320;16;16;SplitSeries;1057
BlockStat;28; 544; 320;16;16;SkipFlag;0
BlockStat;28; 544; 320;16;16;PredMode;1
BlockStat;28; 544; 320;16;16;Luma_IntraMode;0
BlockStat;28; 544; 320;16;16;Chroma_IntraMode;0
BlockStat;28; 544; 320;16;16;MultiRefIdx;0
BlockStat;28; 544; 320;16;16;Cbf_Y;1
BlockStat;28; 544; 320;16;16;TransformSkipFlag_Y;2
BlockStat;28; 544; 320;16;16;Cbf_Cb;0
BlockStat;28; 544; 320;16;16;Cbf_Cr;0
BlockStat;28; 560; 320; 8;16;Depth;4
BlockStat;28; 560; 320; 8;16;QT_Depth;3
BlockStat;28; 560; 320; 8;16;BT_Depth;1
BlockStat;28; 560; 320; 8;16;MT_Depth;1
BlockStat;28; 560; 320; 8;16;ChromaQPAdj;0
BlockStat;28; 560; 320; 8;16;QP;38
BlockStat;28; 560; 320; 8;16;SplitSeries;99361
BlockStat;28; 560; 320; 8;16;SkipFlag;0
BlockStat;28; 560; 320; 8;16;PredMode;0
BlockStat;28; 560; 320; 8;16;MergeFlag;1
BlockStat;28; 560; 320; 8;16;MergeIdx;32
BlockStat;28; 560; 320; 8;16;MergeType;0
BlockStat;28; 560; 320; 8;16;MMVDMergeFlag;1
BlockStat;28; 560; 320; 8;16;MMVDMergeIdx;32
BlockStat;28; 560; 320; 8;16;MVPIdxL0;255
BlockStat;28; 560; 320; 8;16;RefIdxL0;0
BlockStat;28; 560; 320; 8;16;MVDL0;   0;   0
BlockStat;28; 560; 320; 8;16;MVL0;  95;-112
BlockStat;28; 560; 320; 8;16;Cbf_Y;1
BlockStat;28; 560; 320; 8;16;TransformSkipFlag_Y;0
BlockStat;28; 560; 320; 8;16;Cbf_Cb;0
BlockStat;28; 560; 320; 8;16;Cbf_Cr;0
BlockStat;28; 568; 320; 8;16;Depth;4
BlockStat;28; 568; 320; 8;16;QT_Depth;3
BlockStat;28; 568; 320; 8;16;BT_Depth;1
BlockStat;28; 568; 320; 8;16;MT_Depth;1
BlockStat;28; 568; 320; 8;16;ChromaQPAdj;0
BlockStat;28; 568; 320; 8;16;QP;38
BlockStat;28; 568; 320; 8;16;SplitSeries;99361
BlockStat;28; 568; 320; 8;16;SkipFlag;0
BlockStat;28; 568; 320; 8;16;PredMode;0
BlockStat;28; 568; 320; 8;16;MergeFlag;0
BlockStat;28; 568; 320; 8;16;InterDir;1
BlockStat;28; 568; 320; 8;16;MVPIdxL0;0
BlockStat;28; 568; 320; 8;16;RefIdxL0;0
BlockStat;28; 568; 320; 8;16;MVDL0;  -2;   1
BlockStat;28; 568; 320; 8;16;MVL0;  93;-111
BlockStat;28; 568; 320; 8;16;IMVMode;0
BlockStat;28; 568; 320; 8;16;RootCbf;1
BlockStat;28; 568; 320; 8;16;Cbf_Y;1
BlockStat;28; 568; 320; 8;16;TransformSkipFlag_Y;0
BlockStat;28; 568; 320; 8;16;Cbf_Cb;0
BlockStat;28; 568; 320; 8;16;Cbf_Cr;0
BlockStat;28; 544; 336; 8;16;Depth;4
BlockStat;28; 544; 336; 8;16;QT_Depth;3
BlockStat;28; 544; 336; 8;16;BT_Depth;1
BlockStat;28; 544; 336; 8;16;MT_Depth;1
BlockStat;28; 544; 336; 8;16;ChromaQPAdj;0
BlockStat;28; 544; 336; 8;16;QP;38
BlockStat;28; 544; 336; 8;16;SplitSeries;99361
BlockStat;28; 544; 336; 8;16;SkipFlag;1
BlockStat;28; 544; 336; 8;16;MMVDSkipFlag;0
BlockStat;28; 544; 336; 8;16;PredMode;0
BlockStat;28; 544; 336; 8;16;MergeIdx;13
BlockStat;28; 544; 336; 8;16;MergeType;0
BlockStat;28; 544; 336; 8;16;MMVDMergeFlag;1
BlockStat;28; 544; 336; 8;16;MMVDMergeIdx;13
BlockStat;28; 544; 336; 8;16;MVPIdxL0;255
BlockStat;28; 544; 336; 8;16;RefIdxL0;0
BlockStat;28; 544; 336; 8;16;MVDL0;   0;   0
BlockStat;28; 544; 336; 8;16;MVL0; 105;-154
BlockStat;28; 552; 336; 8; 8;Depth;5
BlockStat;28; 552; 336; 8; 8;QT_Depth;3
BlockStat;28; 552; 336; 8; 8;BT_Depth;2
BlockStat;28; 552; 336; 8; 8;MT_Depth;2
BlockStat;28; 552; 336; 8; 8;ChromaQPAdj;0
BlockStat;28; 552; 336; 8; 8;QP;38
BlockStat;28; 552; 336; 8; 8;SplitSeries;2196513
BlockStat;28; 552; 336; 8; 8;SkipFlag;0
BlockStat;28; 552; 336; 8; 8;PredMode;0
BlockStat;28; 552; 336; 8; 8;MergeFlag;1
BlockStat;28; 552; 336; 8; 8;MergeIdx;3
BlockStat;28; 552; 336; 8; 8;MergeType;0
BlockStat;28; 552; 336; 8; 8;MMVDMergeFlag;0
BlockStat;28; 552; 336; 8; 8;AffineFlag;0
BlockStat;28; 552; 336; 8; 8;MHIntraFlag;0
BlockStat;28; 552; 336; 8; 8;MVPIdxL0;255
BlockStat;28; 552; 336; 8; 8;RefIdxL0;0
BlockStat;28; 552; 336; 8; 8;MVDL0;   0;   0
BlockStat;28; 552; 336; 8; 8;MVL0;  93;-111
BlockStat;28; 552; 336; 8; 8;Cbf_Y;1
BlockStat;28; 552; 336; 8; 8;TransformSkipFlag_Y;0
BlockStat;28; 552; 336; 8; 8;Cbf_Cb;0
BlockStat;28; 552; 336; 8; 8;Cbf_Cr;0
BlockStat;28; 552; 344; 8; 8;Depth;5
BlockStat;28; 552; 344; 8; 8;QT_Depth;3
BlockStat;28; 552; 344; 8; 8;BT_Depth;2
BlockStat;28; 552; 344; 8; 8;MT_Depth;2
BlockStat;28; 552; 344; 8; 8;ChromaQPAdj;0
BlockStat;28; 552; 344; 8; 8;QP;38
BlockStat;28; 552; 344; 8; 8;SplitSeries;2196513
BlockStat;28; 552; 344; 8; 8;SkipFlag;0
BlockStat;28; 552; 344; 8; 8;PredMode;0
BlockStat;28; 552; 344; 8; 8;MergeFlag;0
BlockStat;28; 552; 344; 8; 8;InterDir;1
BlockStat;28; 552; 344; 8; 8;MVPIdxL0;1
BlockStat;28; 552; 344; 8; 8;RefIdxL0;0
BlockStat;28; 552; 344; 8; 8;MVDL0;   6;  -4
BlockStat;28; 552; 344; 8; 8;MVL0;  99;-115
BlockStat;28; 552; 344; 8; 8;IMVMode;0
BlockStat;28; 552; 344; 8; 8;RootCbf;1
BlockStat;28; 552; 344; 8; 8;Cbf_Y;1
BlockStat;28; 552; 344; 8; 8;TransformSkipFlag_Y;0
BlockStat;28; 552; 344; 8; 8;Cbf_Cb;0
BlockStat;28; 552; 344; 8; 8;Cbf_Cr;0
BlockStat;28; 560; 336; 8; 4;Depth;5
BlockStat;28; 560; 336; 8; 4;QT_Depth;3
BlockStat;28; 560; 336; 8; 4;BT_Depth;3
BlockStat;28; 560; 336; 8; 4;MT_Depth;2
BlockStat;28; 560; 336; 8; 4;ChromaQPAdj;0
BlockStat;28; 560; 336; 8; 4;QP;38
BlockStat;28; 560; 336; 8; 4;SplitSeries;3277857
BlockStat;28; 560; 336; 8; 4;SkipFlag;0
BlockStat;28; 560; 336; 8; 4;PredMode;0
BlockStat;28; 560; 336; 8; 4;MergeFlag;1
BlockStat;28; 560; 336; 8; 4;MergeIdx;9
BlockStat;28; 560; 336; 8; 4;MergeType;0
BlockStat;28; 560; 336; 8; 4;MMVDMergeFlag;1
BlockStat;28; 560; 336; 8; 4;MMVDMergeIdx;9
BlockStat;28; 560; 336; 8; 4;MVPIdxL0;255
BlockStat;28; 560; 336; 8; 4;RefIdxL0;0
BlockStat;28; 560; 336; 8; 4;MVDL0;   0;   0
BlockStat;28; 560; 336; 8; 4;MVL0;  89;-111
BlockStat;28; 560; 336; 8; 4;Cbf_Y;1
BlockStat;28; 560; 336; 8; 4;TransformSkipFlag_Y;0
BlockStat;28; 560; 336; 8; 4;Cbf_Cb;0
BlockStat;28; 560; 336; 8; 4;Cbf_Cr;0
BlockStat;28; 568; 336; 8; 4;Depth;5
BlockStat;28; 568; 336; 8; 4;QT_Depth;3
BlockStat;28; 568; 336; 8; 4;BT_Depth;3
BlockStat;28; 568; 336; 8; 4;MT_Depth;2
BlockStat;28; 568; 336; 8; 4;ChromaQPAdj;0
BlockStat;28; 568; 336; 8; 4;QP;38
BlockStat;28; 568; 336; 8; 4;SplitSeries;3277857
BlockStat;28; 568; 336; 8; 4;SkipFlag;1
BlockStat;28; 568; 336; 8; 4;MMVDSkipFlag;0
BlockStat;28; 568; 336; 8; 4;PredMode;0
BlockStat;28; 568; 336; 8; 4;MergeIdx;5
BlockStat;28; 568; 336; 8; 4;MergeType;0
BlockStat;28; 568; 336; 8; 4;MMVDMergeFlag;1
BlockStat;28; 568; 336; 8; 4;MMVDMergeIdx;5
BlockStat;28; 568; 336; 8; 4;MVPIdxL0;255
BlockStat;28; 568; 336; 8; 4;RefIdxL0;0
BlockStat;28; 568; 336; 8; 4;MVDL0;   0;   0
BlockStat;28; 568; 336; 8; 4;MVL0;  87;-111
BlockStat;28; 560; 340; 8; 8;Depth;5
BlockStat;28; 560; 340; 8; 8;QT_Depth;3
BlockStat;28; 560; 340; 8; 8;BT_Depth;2
BlockStat;28; 560; 340; 8; 8;MT_Depth;2
BlockStat;28; 560; 340; 8; 8;ChromaQPAdj;0
BlockStat;28; 560; 340; 8; 8;QP;38
BlockStat;28; 560; 340; 8; 8;SplitSeries;3277857
BlockStat;28; 560; 340; 8; 8;SkipFlag;0
BlockStat;28; 560; 340; 8; 8;PredMode;1
BlockStat;28; 560; 340; 8; 8;Luma_IntraMode;61
BlockStat;28; 560; 340; 8; 8;Chroma_IntraMode;61
BlockStat;28; 560; 340; 8; 8;MultiRefIdx;0
BlockStat;28; 560; 340; 8; 8;Cbf_Y;1
BlockStat;28; 560; 340; 8; 8;TransformSkipFlag_Y;2
BlockStat;28; 560; 340; 8; 8;Cbf_Cb;0
BlockStat;28; 560; 340; 8; 8;Cbf_Cr;0
BlockStat;28; 568; 340; 8; 8;Depth;5
BlockStat;28; 568; 340; 8; 8;QT_Depth;3
BlockStat;28; 568; 340; 8; 8;BT_Depth;2
BlockStat;28; 568; 340; 8; 8;MT_Depth;2
BlockStat;28; 568; 340; 8; 8;ChromaQPAdj;0
BlockStat;28; 568; 340; 8; 8;QP;38
BlockStat;28; 568; 340; 8; 8;SplitSeries;3277857
BlockStat;28; 568; 340; 8; 8;SkipFlag;1
BlockStat;28; 568; 340; 8; 8;MMVDSkipFlag;0
BlockStat;28; 568; 340; 8; 8;PredMode;0
BlockStat;28; 568; 340; 8; 8;MergeIdx;2
BlockStat;28; 568; 340; 8; 8;MergeType;0
BlockStat;28; 568; 340; 8; 8;MMVDMergeFlag;0
BlockStat;28; 568; 340; 8; 8;AffineFlag;0
BlockStat;28; 568; 340; 8; 8;MVPIdxL0;255
BlockStat;28; 568; 340; 8; 8;RefIdxL0;0
BlockStat;28; 568; 340; 8; 8;MVPIdxL1;255
BlockStat;28; 568; 340; 8; 8;RefIdxL1;0
BlockStat;28; 568; 340; 8; 8;MVDL0;   0;   0
BlockStat;28; 568; 340; 8; 8;MVL0; 118; -22
BlockStat;28; 568; 340; 8; 8;MVDL1;   0;   0
BlockStat;28; 568; 340; 8; 8;MVL1; 118; -22
BlockStat;28; 560; 348;16; 4;Depth;4
BlockStat;28; 560; 348;16; 4;QT_Depth;3
BlockStat;28; 560; 348;16; 4;BT_Depth;2
BlockStat;28; 560; 348;16; 4;MT_Depth;1
BlockStat;28; 560; 348;16; 4;ChromaQPAdj;0
BlockStat;28; 560; 348;16; 4;QP;38
BlockStat;28; 560; 348;16; 4;SplitSeries;132129
BlockStat;28; 560; 348;16; 4;SkipFlag;1
BlockStat;28; 560; 348;16; 4;MMVDSkipFlag;0
BlockStat;28; 560; 348;16; 4;PredMode;0
BlockStat;28; 560; 348;16; 4;MergeIdx;0
BlockStat;28; 560; 348;16; 4;MergeType;0
BlockStat;28; 560; 348;16; 4;MMVDMergeFlag;0
BlockStat;28; 560; 348;16; 4;MVPIdxL0;255
BlockStat;28; 560; 348;16; 4;RefIdxL0;0
BlockStat;28; 560; 348;16; 4;MVDL0;   0;   0
BlockStat;28; 560; 348;16; 4;MVL0;  99;-115
BlockStat;28; 512; 352;32;16;Depth;3
BlockStat;28; 512; 352;32;16;QT_Depth;2
BlockStat;28; 512; 352;32;16;BT_Depth;1
BlockStat;28; 512; 352;32;16;MT_Depth;1
BlockStat;28; 512; 352;32;16;ChromaQPAdj;0
BlockStat;28; 512; 352;32;16;QP;38
BlockStat;28; 512; 352;32;16;SplitSeries;2081
BlockStat;28; 512; 352;32;16;SkipFlag;0
BlockStat;28; 512; 352;32;16;PredMode;0
BlockStat;28; 512; 352;32;16;MergeFlag;1
BlockStat;28; 512; 352;32;16;MergeIdx;1
BlockStat;28; 512; 352;32;16;MergeType;0
BlockStat;28; 512; 352;32;16;MMVDMergeFlag;0
BlockStat;28; 512; 352;32;16;AffineFlag;1
BlockStat;28; 512; 352;32;16;MVPIdxL0;0
BlockStat;28; 512; 352;32;16;RefIdxL0;0
BlockStat;28; 512; 352;32;16;AffineMVL0; 114;-160; 112;-155; 111;-161
BlockStat;28; 512; 352;32;16;Cbf_Y;1
BlockStat;28; 512; 352;32;16;TransformSkipFlag_Y;0
BlockStat;28; 512; 352;32;16;Cbf_Cb;0
BlockStat;28; 512; 352;32;16;Cbf_Cr;0
BlockStat;28; 512; 368;16; 4;Depth;5
BlockStat;28; 512; 368;16; 4;QT_Depth;2
BlockStat;28; 512; 368;16; 4;BT_Depth;4
BlockStat;28; 512; 368;16; 4;MT_Depth;3
BlockStat;28; 512; 368;16; 4;ChromaQPAdj;0
BlockStat;28; 512; 368;16; 4;QP;38
BlockStat;28; 512; 368;16; 4;SplitSeries;4294689
BlockStat;28; 512; 368;16; 4;SkipFlag;0
BlockStat;28; 512; 368;16; 4;PredMode;0
BlockStat;28; 512; 368;16; 4;MergeFlag;1
BlockStat;28; 512; 368;16; 4;MergeIdx;37
BlockStat;28; 512; 368;16; 4;MergeType;0
BlockStat;28; 512; 368;16; 4;MMVDMergeFlag;1
BlockStat;28; 512; 368;16; 4;MMVDMergeIdx;37
BlockStat;28; 512; 368;16; 4;MVPIdxL0;255
BlockStat;28; 512; 368;16; 4;RefIdxL0;0
BlockStat;28; 512; 368;16; 4;MVDL0;   0;   0
BlockStat;28; 512; 368;16; 4;MVL0; 108;-158
BlockStat;28; 512; 368;16; 4;Cbf_Y;1
BlockStat;28; 512; 368;16; 4;TransformSkipFlag_Y;0
BlockStat;28; 512; 368;16; 4;Cbf_Cb;0
BlockStat;28; 512; 368;16; 4;Cbf_Cr;0
BlockStat;28; 512; 372;16; 8;Depth;5
BlockStat;28; 512; 372;16; 8;QT_Depth;2
BlockStat;28; 512; 372;16; 8;BT_Depth;3
BlockStat;28; 512; 372;16; 8;MT_Depth;3
BlockStat;28; 512; 372;16; 8;ChromaQPAdj;0
BlockStat;28; 512; 372;16; 8;QP;38
BlockStat;28; 512; 372;16; 8;SplitSeries;4294689
BlockStat;28; 512; 372;16; 8;SkipFlag;0
BlockStat;28; 512; 372;16; 8;PredMode;1
BlockStat;28; 512; 372;16; 8;Luma_IntraMode;0
BlockStat;28; 512; 372;16; 8;Chroma_IntraMode;0
BlockStat;28; 512; 372;16; 8;MultiRefIdx;0
BlockStat;28; 512; 372;16; 8;Cbf_Y;1
BlockStat;28; 512; 372;16; 8;TransformSkipFlag_Y;0
BlockStat;28; 512; 372;16; 8;Cbf_Cb;0
BlockStat;28; 512; 372;16; 8;Cbf_Cr;0
BlockStat;28; 512; 380;16; 4;Depth;5
BlockStat;28; 512; 380;16; 4;QT_Depth;2
BlockStat;28; 512; 380;16; 4;BT_Depth;4
BlockStat;28; 512; 380;16; 4;MT_Depth;3
BlockStat;28; 512; 380;16; 4;ChromaQPAdj;0
BlockStat;28; 512; 380;16; 4;QP;38
BlockStat;28; 512; 380;16; 4;SplitSeries;4294689
BlockStat;28; 512; 380;16; 4;SkipFlag;1
BlockStat;28; 512; 380;16; 4;MMVDSkipFlag;0
BlockStat;28; 512; 380;16; 4;PredMode;0
BlockStat;28; 512; 380;16; 4;MergeIdx;47
BlockStat;28; 512; 380;16; 4;MergeType;0
BlockStat;28; 512; 380;16; 4;MMVDMergeFlag;1
BlockStat;28; 512; 380;16; 4;MMVDMergeIdx;47
BlockStat;28; 512; 380;16; 4;MVPIdxL0;255
BlockStat;28; 512; 380;16; 4;RefIdxL0;0
BlockStat;28; 512; 380;16; 4;MVDL0;   0;   0
BlockStat;28; 512; 380;16; 4;MVL0; 108;-166
BlockStat;28; 528; 368;16;16;Depth;4
BlockStat;28; 528; 368;16;16;QT_Depth;2
BlockStat;28; 528; 368;16;16;BT_Depth;2
BlockStat;28; 528; 368;16;16;MT_Depth;2
BlockStat;28; 528; 368;16;16;ChromaQPAdj;0
BlockStat;28; 528; 368;16;16;QP;38
BlockStat;28; 528; 368;16;16;SplitSeries;100385
BlockStat;28; 528; 368;16;16;SkipFlag;0
BlockStat;28; 528; 368;16;16;PredMode;1
BlockStat;28; 528; 368;16;16;Luma_IntraMode;0
BlockStat;28; 528; 368;16;16;Chroma_IntraMode;0
BlockStat;28; 528; 368;16;16;MultiRefIdx;0
BlockStat;28; 528; 368;16;16;Cbf_Y;1
BlockStat;28; 528; 368;16;16;TransformSkipFlag_Y;0
BlockStat;28; 528; 368;16;16;Cbf_Cb;0
BlockStat;28; 528; 368;16;16;Cbf_Cr;0
BlockStat;28; 544; 352; 8;16;Depth;5
BlockStat;28; 544; 352; 8;16;QT_Depth;2
BlockStat;28; 544; 352; 8;16;BT_Depth;3
BlockStat;28; 544; 352; 8;16;MT_Depth;3
BlockStat;28; 544; 352; 8;16;ChromaQPAdj;0
BlockStat;28; 544; 352; 8;16;QP;38
BlockStat;28; 544; 352; 8;16;SplitSeries;2198561
BlockStat;28; 544; 352; 8;16;SkipFlag;0
BlockStat;28; 544; 352; 8;16;PredMode;1
BlockStat;28; 544; 352; 8;16;Luma_IntraMode;32
BlockStat;28; 544; 352; 8;16;Chroma_IntraMode;32
BlockStat;28; 544; 352; 8;16;MultiRefIdx;0
BlockStat;28; 544; 352; 8;16;Cbf_Y;1
BlockStat;28; 544; 352; 8;16;TransformSkipFlag_Y;2
BlockStat;28; 544; 352; 8;16;Cbf_Cb;0
BlockStat;28; 544; 352; 8;16;Cbf_Cr;0
BlockStat;28; 544; 368; 8;16;Depth;5
BlockStat;28; 544; 368; 8;16;QT_Depth;2
BlockStat;28; 544; 368; 8;16;BT_Depth;3
BlockStat;28; 544; 368; 8;16;MT_Depth;3
BlockStat;28; 544; 368; 8;16;ChromaQPAdj;0
BlockStat;28; 544; 368; 8;16;QP;38
BlockStat;28; 544; 368; 8;16;SplitSeries;2198561
BlockStat;28; 544; 368; 8;16;SkipFlag;1
BlockStat;28; 544; 368; 8;16;MMVDSkipFlag;0
BlockStat;28; 544; 368; 8;16;PredMode;0
BlockStat;28; 544; 368; 8;16;MergeIdx;1
BlockStat;28; 544; 368; 8;16;MergeType;0
BlockStat;28; 544; 368; 8;16;MMVDMergeFlag;0
BlockStat;28; 544; 368; 8;16;AffineFlag;0
BlockStat;28; 544; 368; 8;16;MVPIdxL0;255
BlockStat;28; 544; 368; 8;16;RefIdxL0;0
BlockStat: POC 28 @( 544, 368) [ 8x16] TrianglePartitioning={   0,   0,   8,  16}
BlockStat: POC 28 @[(544, 368)--(552, 368)--(552, 384)--] TriangleMVL0={ 110,-155}
BlockStat: POC 28 @[(544, 368)--(544, 384)--(552, 384)--] TriangleMVL0={ 108,-166}
BlockStat;28; 552; 352; 8;32;Depth;4
BlockStat;28; 552; 352; 8;32;QT_Depth;2
BlockStat;28; 552; 352; 8;32;BT_Depth;2
BlockStat;28; 552; 352; 8;32;MT_Depth;2
BlockStat;28; 552; 352; 8;32;ChromaQPAdj;0
BlockStat;28; 552; 352; 8;32;QP;38
BlockStat;28; 552; 352; 8;32;SplitSeries;101409
BlockStat;28; 552; 352; 8;32;SkipFlag;0
BlockStat;28; 552; 352; 8;32;PredMode;1
BlockStat;28; 552; 352; 8;32;Luma_IntraMode;10
BlockStat;28; 552; 352; 8;32;Chroma_IntraMode;0
BlockStat;28; 552; 352; 8;32;MultiRefIdx;0
BlockStat;28; 552; 352; 8;32;Cbf_Y;1
BlockStat;28; 552; 352; 8;32;TransformSkipFlag_Y;2
BlockStat;28; 552; 352; 8;32;Cbf_Cb;0
BlockStat;28; 552; 352; 8;32;Cbf_Cr;0
BlockStat;28; 560; 352;16;32;Depth;3
BlockStat;28; 560; 352;16;32;QT_Depth;2
BlockStat;28; 560; 352;16;32;BT_Depth;1
BlockStat;28; 560; 352;16;32;MT_Depth;1
BlockStat;28; 560; 352;16;32;ChromaQPAdj;0
BlockStat;28; 560; 352;16;32;QP;38
BlockStat;28; 560; 352;16;32;SplitSeries;3105
BlockStat;28; 560; 352;16;32;SkipFlag;0
BlockStat;28; 560; 352;16;32;PredMode;1
BlockStat;28; 560; 352;16;32;Luma_IntraMode;18
BlockStat;28; 560; 352;16;32;Chroma_IntraMode;18
BlockStat;28; 560; 352;16;32;MultiRefIdx;1
BlockStat;28; 560; 352;16;32;Cbf_Y;0
BlockStat;28; 560; 352;16;32;TransformSkipFlag_Y;0
BlockStat;28; 560; 352;16;32;Cbf_Cb;0
BlockStat;28; 560; 352;16;32;Cbf_Cr;0
BlockStat;28; 576; 320;16;32;Depth;4
BlockStat;28; 576; 320;16;32;QT_Depth;1
BlockStat;28; 576; 320;16;32;BT_Depth;3
BlockStat;28; 576; 320;16;32;MT_Depth;3
BlockStat;28; 576; 320;16;32;ChromaQPAdj;0
BlockStat;28; 576; 320;16;32;QP;38
BlockStat;28; 576; 320;16;32;SplitSeries;100449
BlockStat;28; 576; 320;16;32;SkipFlag;0
BlockStat;28; 576; 320;16;32;PredMode;0
BlockStat;28; 576; 320;16;32;MergeFlag;0
BlockStat;28; 576; 320;16;32;InterDir;1
BlockStat;28; 576; 320;16;32;AffineFlag;1
BlockStat;28; 576; 320;16;32;AffineType;1
BlockStat;28; 576; 320;16;32;MVPIdxL0;0
BlockStat;28; 576; 320;16;32;RefIdxL0;0
BlockStat;28; 576; 320;16;32;AffineMVL0;  89;-111;  80;-108;  72;-104
BlockStat;28; 576; 320;16;32;RootCbf;1
BlockStat;28; 576; 320;16; 8;Cbf_Y;2
BlockStat;28; 576; 320;16; 8;TransformSkipFlag_Y;0
BlockStat;28; 576; 320;16; 8;Cbf_Cb;0
BlockStat;28; 576; 320;16; 8;Cbf_Cr;0
BlockStat;28; 576; 328;16;24;Cbf_Y;0
BlockStat;28; 576; 328;16;24;TransformSkipFlag_Y;0
BlockStat;28; 576; 328;16;24;Cbf_Cb;0
BlockStat;28; 576; 328;16;24;Cbf_Cr;0
BlockStat;28; 592; 320;16;32;Depth;4
BlockStat;28; 592; 320;16;32;QT_Depth;1
BlockStat;28; 592; 320;16;32;BT_Depth;3
BlockStat;28; 592; 320;16;32;MT_Depth;3
BlockStat;28; 592; 320;16;32;ChromaQPAdj;0
BlockStat;28; 592; 320;16;32;QP;38
BlockStat;28; 592; 320;16;32;SplitSeries;100449
BlockStat;28; 592; 320;16;32;SkipFlag;0
BlockStat;28; 592; 320;16;32;PredMode;0
BlockStat;28; 592; 320;16;32;MergeFlag;1
BlockStat;28; 592; 320;16;32;MergeIdx;1
BlockStat;28; 592; 320;16;32;MergeType;0
BlockStat;28; 592; 320;16;32;MMVDMergeFlag;0
BlockStat;28; 592; 320;16;32;AffineFlag;1
BlockStat;28; 592; 320;16;32;MVPIdxL0;0
BlockStat;28; 592; 320;16;32;RefIdxL0;0
BlockStat;28; 592; 320;16;32;AffineMVL0;  81;-112;  83;-117;  64;-103
BlockStat;28; 592; 320;16; 8;Cbf_Y;2
BlockStat;28; 592; 320;16; 8;TransformSkipFlag_Y;0
BlockStat;28; 592; 320;16; 8;Cbf_Cb;0
BlockStat;28; 592; 320;16; 8;Cbf_Cr;0
BlockStat;28; 592; 328;16;24;Cbf_Y;0
BlockStat;28; 592; 328;16;24;TransformSkipFlag_Y;0
BlockStat;28; 592; 328;16;24;Cbf_Cb;0
BlockStat;28; 592; 328;16;24;Cbf_Cr;0
BlockStat;28; 576; 352;32;32;Depth;3
BlockStat;28; 576; 352;32;32;QT_Depth;1
BlockStat;28; 576; 352;32;32;BT_Depth;2
BlockStat;28; 576; 352;32;32;MT_Depth;2
BlockStat;28; 576; 352;32;32;ChromaQPAdj;0
BlockStat;28; 576; 352;32;32;QP;38
BlockStat;28; 576; 352;32;32;SplitSeries;2145
BlockStat;28; 576; 352;32;32;SkipFlag;0
BlockStat;28; 576; 352;32;32;PredMode;1
BlockStat;28; 576; 352;32;32;Luma_IntraMode;0
BlockStat;28; 576; 352;32;32;Chroma_IntraMode;0
BlockStat;28; 576; 352;32;32;MultiRefIdx;0
BlockStat;28; 576; 352;32;32;Cbf_Y;1
BlockStat;28; 576; 352;32;32;TransformSkipFlag_Y;2
BlockStat;28; 576; 352;32;32;Cbf_Cb;0
BlockStat;28; 576; 352;32;32;Cbf_Cr;0
BlockStat;28; 608; 320;16;64;Depth;3
BlockStat;28; 608; 320;16;64;QT_Depth;1
BlockStat;28; 608; 320;16;64;BT_Depth;2
BlockStat;28; 608; 320;16;64;MT_Depth;2
BlockStat;28; 608; 320;16;64;ChromaQPAdj;0
BlockStat;28; 608; 320;16;64;QP;38
BlockStat;28; 608; 320;16;64;SplitSeries;3169
BlockStat;28; 608; 320;16;64;SkipFlag;1
BlockStat;28; 608; 320;16;64;MMVDSkipFlag;0
BlockStat;28; 608; 320;16;64;PredMode;0
BlockStat;28; 608; 320;16;64;MergeIdx;0
BlockStat;28; 608; 320;16;64;MergeType;1
BlockStat;28; 608; 320;16;64;MMVDMergeFlag;0
BlockStat;28; 608; 320;16;64;AffineFlag;1
BlockStat;28; 608; 320;16;64;MVPIdxL0;255
BlockStat;28; 608; 320;16;64;RefIdxL0;0
BlockStat;28; 608; 320;16;64;MVPIdxL1;255
BlockStat;28; 608; 320;16;64;RefIdxL1;0
BlockStat;28; 608; 320;16;64;AffineMVL0;  88;  53;  88;  53;  80;  50
BlockStat;28; 608; 320;16;64;AffineMVL1;  88;  53;  88;  53;  80;  50
BlockStat;28; 624; 320;16;64;Depth;3
BlockStat;28; 624; 320;16;64;QT_Depth;1
BlockStat;28; 624; 320;16;64;BT_Depth;2
BlockStat;28; 624; 320;16;64;MT_Depth;2
BlockStat;28; 624; 320;16;64;ChromaQPAdj;0
BlockStat;28; 624; 320;16;64;QP;38
BlockStat;28; 624; 320;16;64;SplitSeries;3169
BlockStat;28; 624; 320;16;64;SkipFlag;0
BlockStat;28; 624; 320;16;64;PredMode;1
BlockStat;28; 624; 320;16;64;Luma_IntraMode;10
BlockStat;28; 624; 320;16;64;Chroma_IntraMode;0
BlockStat;28; 624; 320;16;64;MultiRefIdx;0
BlockStat;28; 624; 320;16;64;Cbf_Y;1
BlockStat;28; 624; 320;16;64;TransformSkipFlag_Y;0
BlockStat;28; 624; 320;16;64;Cbf_Cb;0
BlockStat;28; 624; 320;16;64;Cbf_Cr;0
BlockStat;28; 640; 256;16;64;Depth;3
BlockStat;28; 640; 256;16;64;QT_Depth;1
BlockStat;28; 640; 256;16;64;BT_Depth;2
BlockStat;28; 640; 256;16;64;MT_Depth;2
BlockStat;28; 640; 256;16;64;ChromaQPAdj;0
BlockStat;28; 640; 256;16;64;QP;38
BlockStat;28; 640; 256;16;64;SplitSeries;3169
BlockStat;28; 640; 256;16;64;SkipFlag;0
BlockStat;28; 640; 256;16;64;PredMode;0
BlockStat;28; 640; 256;16;64;MergeFlag;0
BlockStat;28; 640; 256;16;64;InterDir;1
BlockStat;28; 640; 256;16;64;AffineFlag;1
BlockStat;28; 640; 256;16;64;AffineType;1
BlockStat;28; 640; 256;16;64;MVPIdxL0;0
BlockStat;28; 640; 256;16;64;RefIdxL0;1
BlockStat;28; 640; 256;16;64;AffineMVL0; 232;  34; 226;  43; 247;  53
BlockStat;28; 640; 256;16;64;RootCbf;1
BlockStat;28; 640; 256;16;64;Cbf_Y;1
BlockStat;28; 640; 256;16;64;TransformSkipFlag_Y;0
BlockStat;28; 640; 256;16;64;Cbf_Cb;0
BlockStat;28; 640; 256;16;64;Cbf_Cr;0
BlockStat;28; 656; 256;16;64;Depth;3
BlockStat;28; 656; 256;16;64;QT_Depth;1
BlockStat;28; 656; 256;16;64;BT_Depth;2
BlockStat;28; 656; 256;16;64;MT_Depth;2
BlockStat;28; 656; 256;16;64;ChromaQPAdj;0
BlockStat;28; 656; 256;16;64;QP;38
BlockStat;28; 656; 256;16;64;SplitSeries;3169
BlockStat;28; 656; 256;16;64;SkipFlag;0
BlockStat;28; 656; 256;16;64;PredMode;0
BlockStat;28; 656; 256;16;64;MergeFlag;0
BlockStat;28; 656; 256;16;64;InterDir;1
BlockStat;28; 656; 256;16;64;AffineFlag;0
BlockStat;28; 656; 256;16;64;MVPIdxL0;1
BlockStat;28; 656; 256;16;64;RefIdxL0;0
BlockStat;28; 656; 256;16;64;MVDL0; -12;   4
BlockStat;28; 656; 256;16;64;MVL0;  64;  20
BlockStat;28; 656; 256;16;64;IMVMode;1
BlockStat;28; 656; 256;16;64;RootCbf;1
BlockStat;28; 656; 256;16;64;Cbf_Y;1
BlockStat;28; 656; 256;16;64;TransformSkipFlag_Y;0
BlockStat;28; 656; 256;16;64;Cbf_Cb;0
BlockStat;28; 656; 256;16;64;Cbf_Cr;0
BlockStat;28; 672; 256;16;64;Depth;3
BlockStat;28; 672; 256;16;64;QT_Depth;1
BlockStat;28; 672; 256;16;64;BT_Depth;2
BlockStat;28; 672; 256;16;64;MT_Depth;2
BlockStat;28; 672; 256;16;64;ChromaQPAdj;0
BlockStat;28; 672; 256;16;64;QP;38
BlockStat;28; 672; 256;16;64;SplitSeries;3169
BlockStat;28; 672; 256;16;64;SkipFlag;0
BlockStat;28; 672; 256;16;64;PredMode;0
BlockStat;28; 672; 256;16;64;MergeFlag;0
BlockStat;28; 672; 256;16;64;InterDir;1
BlockStat;28; 672; 256;16;64;AffineFlag;1
BlockStat;28; 672; 256;16;64;AffineType;0
BlockStat;28; 672; 256;16;64;MVPIdxL0;1
BlockStat;28; 672; 256;16;64;RefIdxL0;0
BlockStat;28; 672; 256;16;64;AffineMVL0;  54;  20;  51;  18;  65;   5
BlockStat;28; 672; 256;16;64;RootCbf;1
BlockStat;28; 672; 256;16;64;Cbf_Y;1
BlockStat;28; 672; 256;16;64;TransformSkipFlag_Y;0
BlockStat;28; 672; 256;16;64;Cbf_Cb;0
BlockStat;28; 672; 256;16;64;Cbf_Cr;0
BlockStat;28; 688; 256;16;64;Depth;3
BlockStat;28; 688; 256;16;64;QT_Depth;1
BlockStat;28; 688; 256;16;64;BT_Depth;2
BlockStat;28; 688; 256;16;64;MT_Depth;2
BlockStat;28; 688; 256;16;64;ChromaQPAdj;0
BlockStat;28; 688; 256;16;64;QP;38
BlockStat;28; 688; 256;16;64;SplitSeries;3169
BlockStat;28; 688; 256;16;64;SkipFlag;0
BlockStat;28; 688; 256;16;64;PredMode;0
BlockStat;28; 688; 256;16;64;MergeFlag;0
BlockStat;28; 688; 256;16;64;InterDir;1
BlockStat;28; 688; 256;16;64;AffineFlag;0
BlockStat;28; 688; 256;16;64;MVPIdxL0;0
BlockStat;28; 688; 256;16;64;RefIdxL0;0
BlockStat;28; 688; 256;16;64;MVDL0;  -4;   2
BlockStat;28; 688; 256;16;64;MVL0;  58;   4
BlockStat;28; 688; 256;16;64;IMVMode;3
BlockStat;28; 688; 256;16;64;RootCbf;1
BlockStat;28; 688; 256;16;64;Cbf_Y;1
BlockStat;28; 688; 256;16;64;TransformSkipFlag_Y;0
BlockStat;28; 688; 256;16;64;Cbf_Cb;0
BlockStat;28; 688; 256;16;64;Cbf_Cr;0
BlockStat;28; 704; 256;32;32;Depth;2
BlockStat;28; 704; 256;32;32;QT_Depth;2
BlockStat;28; 704; 256;32;32;BT_Depth;0
BlockStat;28; 704; 256;32;32;MT_Depth;0
BlockStat;28; 704; 256;32;32;ChromaQPAdj;0
BlockStat;28; 704; 256;32;32;QP;38
BlockStat;28; 704; 256;32;32;SplitSeries;33
BlockStat;28; 704; 256;32;32;SkipFlag;1
BlockStat;28; 704; 256;32;32;MMVDSkipFlag;0
BlockStat;28; 704; 256;32;32;PredMode;0
BlockStat;28; 704; 256;32;32;MergeIdx;47
BlockStat;28; 704; 256;32;32;MergeType;0
BlockStat;28; 704; 256;32;32;MMVDMergeFlag;1
BlockStat;28; 704; 256;32;32;MMVDMergeIdx;47
BlockStat;28; 704; 256;32;32;MVPIdxL0;255
BlockStat;28; 704; 256;32;32;RefIdxL0;0
BlockStat;28; 704; 256;32;32;MVDL0;   0;   0
BlockStat;28; 704; 256;32;32;MVL0;  48;  16
BlockStat;28; 736; 256; 4;32;Depth;4
BlockStat;28; 736; 256; 4;32;QT_Depth;2
BlockStat;28; 736; 256; 4;32;BT_Depth;3
BlockStat;28; 736; 256; 4;32;MT_Depth;2
BlockStat;28; 736; 256; 4;32;ChromaQPAdj;0
BlockStat;28; 736; 256; 4;32;QP;38
BlockStat;28; 736; 256; 4;32;SplitSeries;166945
BlockStat;28; 736; 256; 4;32;SkipFlag;1
BlockStat;28; 736; 256; 4;32;MMVDSkipFlag;0
BlockStat;28; 736; 256; 4;32;PredMode;0
BlockStat;28; 736; 256; 4;32;MergeIdx;0
BlockStat;28; 736; 256; 4;32;MergeType;0
BlockStat;28; 736; 256; 4;32;MMVDMergeFlag;0
BlockStat;28; 736; 256; 4;32;MVPIdxL0;255
BlockStat;28; 736; 256; 4;32;RefIdxL0;0
BlockStat;28; 736; 256; 4;32;MVDL0;   0;   0
BlockStat;28; 736; 256; 4;32;MVL0;  48;  16
BlockStat;28; 740; 256; 8;32;Depth;4
BlockStat;28; 740; 256; 8;32;QT_Depth;2
BlockStat;28; 740; 256; 8;32;BT_Depth;2
BlockStat;28; 740; 256; 8;32;MT_Depth;2
BlockStat;28; 740; 256; 8;32;ChromaQPAdj;0
BlockStat;28; 740; 256; 8;32;QP;38
BlockStat;28; 740; 256; 8;32;SplitSeries;166945
BlockStat;28; 740; 256; 8;32;SkipFlag;0
BlockStat;28; 740; 256; 8;32;PredMode;0
BlockStat;28; 740; 256; 8;32;MergeFlag;0
BlockStat;28; 740; 256; 8;32;InterDir;1
BlockStat;28; 740; 256; 8;32;MVPIdxL0;0
BlockStat;28; 740; 256; 8;32;RefIdxL0;1
BlockStat;28; 740; 256; 8;32;MVDL0; -32;  -4
BlockStat;28; 740; 256; 8;32;MVL0; 156;  16
BlockStat;28; 740; 256; 8;32;IMVMode;1
BlockStat;28; 740; 256; 8;32;RootCbf;0
BlockStat;28; 748; 256; 4;32;Depth;4
BlockStat;28; 748; 256; 4;32;QT_Depth;2
BlockStat;28; 748; 256; 4;32;BT_Depth;3
BlockStat;28; 748; 256; 4;32;MT_Depth;2
BlockStat;28; 748; 256; 4;32;ChromaQPAdj;0
BlockStat;28; 748; 256; 4;32;QP;38
BlockStat;28; 748; 256; 4;32;SplitSeries;166945
BlockStat;28; 748; 256; 4;32;SkipFlag;0
BlockStat;28; 748; 256; 4;32;PredMode;0
BlockStat;28; 748; 256; 4;32;MergeFlag;0
BlockStat;28; 748; 256; 4;32;InterDir;1
BlockStat;28; 748; 256; 4;32;MVPIdxL0;0
BlockStat;28; 748; 256; 4;32;RefIdxL0;0
BlockStat;28; 748; 256; 4;32;MVDL0;   0; -32
BlockStat;28; 748; 256; 4;32;MVL0;  64; -16
BlockStat;28; 748; 256; 4;32;IMVMode;2
BlockStat;28; 748; 256; 4;32;RootCbf;0
BlockStat;28; 752; 256;16;32;Depth;3
BlockStat;28; 752; 256;16;32;QT_Depth;2
BlockStat;28; 752; 256;16;32;BT_Depth;1
BlockStat;28; 752; 256;16;32;MT_Depth;1
BlockStat;28; 752; 256;16;32;ChromaQPAdj;0
BlockStat;28; 752; 256;16;32;QP;38
BlockStat;28; 752; 256;16;32;SplitSeries;3105
BlockStat;28; 752; 256;16;32;SkipFlag;0
BlockStat;28; 752; 256;16;32;PredMode;1
BlockStat;28; 752; 256;16;32;Luma_IntraMode;30
BlockStat;28; 752; 256;16;32;Chroma_IntraMode;30
BlockStat;28; 752; 256;16;32;MultiRefIdx;0
BlockStat;28; 752; 256;16;32;Cbf_Y;0
BlockStat;28; 752; 256;16;32;TransformSkipFlag_Y;0
BlockStat;28; 752; 256;16;32;Cbf_Cb;0
BlockStat;28; 752; 256;16;32;Cbf_Cr;0
BlockStat;28; 704; 288; 8;32;Depth;4
BlockStat;28; 704; 288; 8;32;QT_Depth;2
BlockStat;28; 704; 288; 8;32;BT_Depth;2
BlockStat;28; 704; 288; 8;32;MT_Depth;2
BlockStat;28; 704; 288; 8;32;ChromaQPAdj;0
BlockStat;28; 704; 288; 8;32;QP;38
BlockStat;28; 704; 288; 8;32;SplitSeries;101409
BlockStat;28; 704; 288; 8;32;SkipFlag;1
BlockStat;28; 704; 288; 8;32;MMVDSkipFlag;0
BlockStat;28; 704; 288; 8;32;PredMode;0
BlockStat;28; 704; 288; 8;32;MergeIdx;0
BlockStat;28; 704; 288; 8;32;MergeType;0
BlockStat;28; 704; 288; 8;32;MMVDMergeFlag;0
BlockStat;28; 704; 288; 8;32;AffineFlag;0
BlockStat;28; 704; 288; 8;32;MVPIdxL0;255
BlockStat;28; 704; 288; 8;32;RefIdxL0;0
BlockStat;28; 704; 288; 8;32;MVDL0;   0;   0
BlockStat;28; 704; 288; 8;32;MVL0;  58;   4
BlockStat;28; 712; 288; 8;32;Depth;4
BlockStat;28; 712; 288; 8;32;QT_Depth;2
BlockStat;28; 712; 288; 8;32;BT_Depth;2
BlockStat;28; 712; 288; 8;32;MT_Depth;2
BlockStat;28; 712; 288; 8;32;ChromaQPAdj;0
BlockStat;28; 712; 288; 8;32;QP;38
BlockStat;28; 712; 288; 8;32;SplitSeries;101409
BlockStat;28; 712; 288; 8;32;SkipFlag;0
BlockStat;28; 712; 288; 8;32;PredMode;0
BlockStat;28; 712; 288; 8;32;MergeFlag;1
BlockStat;28; 712; 288; 8;32;MergeIdx;50
BlockStat;28; 712; 288; 8;32;MergeType;0
BlockStat;28; 712; 288; 8;32;MMVDMergeFlag;1
BlockStat;28; 712; 288; 8;32;MMVDMergeIdx;50
BlockStat;28; 712; 288; 8;32;MVPIdxL0;255
BlockStat;28; 712; 288; 8;32;RefIdxL0;0
BlockStat;28; 712; 288; 8;32;MVDL0;   0;   0
BlockStat;28; 712; 288; 8;32;MVL0;  48;  32
BlockStat;28; 712; 288; 8;32;Cbf_Y;1
BlockStat;28; 712; 288; 8;32;TransformSkipFlag_Y;1
BlockStat;28; 712; 288; 8;32;Cbf_Cb;0
BlockStat;28; 712; 288; 8;32;Cbf_Cr;0
BlockStat;28; 720; 288;16;32;Depth;3
BlockStat;28; 720; 288;16;32;QT_Depth;2
BlockStat;28; 720; 288;16;32;BT_Depth;1
BlockStat;28; 720; 288;16;32;MT_Depth;1
BlockStat;28; 720; 288;16;32;ChromaQPAdj;0
BlockStat;28; 720; 288;16;32;QP;38
BlockStat;28; 720; 288;16;32;SplitSeries;3105
BlockStat;28; 720; 288;16;32;SkipFlag;1
BlockStat;28; 720; 288;16;32;MMVDSkipFlag;0
BlockStat;28; 720; 288;16;32;PredMode;0
BlockStat;28; 720; 288;16;32;MergeIdx;0
BlockStat;28; 720; 288;16;32;MergeType;0
BlockStat;28; 720; 288;16;32;MMVDMergeFlag;0
BlockStat;28; 720; 288;16;32;AffineFlag;0
BlockStat;28; 720; 288;16;32;MVPIdxL0;255
BlockStat;28; 720; 288;16;32;RefIdxL0;0
BlockStat;28; 720; 288;16;32;MVDL0;   0;   0
BlockStat;28; 720; 288;16;32;MVL0;  48;  32
BlockStat;28; 736; 288; 8;32;Depth;3
BlockStat;28; 736; 288; 8;32;QT_Depth;2
BlockStat;28; 736; 288; 8;32;BT_Depth;2
BlockStat;28; 736; 288; 8;32;MT_Depth;1
BlockStat;28; 736; 288; 8;32;ChromaQPAdj;0
BlockStat;28; 736; 288; 8;32;QP;38
BlockStat;28; 736; 288; 8;32;SplitSeries;5153
BlockStat;28; 736; 288; 8;32;SkipFlag;0
BlockStat;28; 736; 288; 8;32;PredMode;0
BlockStat;28; 736; 288; 8;32;MergeFlag;0
BlockStat;28; 736; 288; 8;32;InterDir;1
BlockStat;28; 736; 288; 8;32;MVPIdxL0;1
BlockStat;28; 736; 288; 8;32;RefIdxL0;0
BlockStat;28; 736; 288; 8;32;MVDL0;  -8;   0
BlockStat;28; 736; 288; 8;32;MVL0;  40;  16
BlockStat;28; 736; 288; 8;32;IMVMode;1
BlockStat;28; 736; 288; 8;32;RootCbf;0
BlockStat;28; 744; 288; 4;16;Depth;5
BlockStat;28; 744; 288; 4;16;QT_Depth;2
BlockStat;28; 744; 288; 4;16;BT_Depth;4
BlockStat;28; 744; 288; 4;16;MT_Depth;3
BlockStat;28; 744; 288; 4;16;ChromaQPAdj;0
BlockStat;28; 744; 288; 4;16;QP;38
BlockStat;28; 744; 288; 4;16;SplitSeries;5313569
BlockStat;28; 744; 288; 4;16;SkipFlag;1
BlockStat;28; 744; 288; 4;16;MMVDSkipFlag;0
BlockStat;28; 744; 288; 4;16;PredMode;0
BlockStat;28; 744; 288; 4;16;MergeIdx;7
BlockStat;28; 744; 288; 4;16;MergeType;0
BlockStat;28; 744; 288; 4;16;MMVDMergeFlag;1
BlockStat;28; 744; 288; 4;16;MMVDMergeIdx;7
BlockStat;28; 744; 288; 4;16;MVPIdxL0;255
BlockStat;28; 744; 288; 4;16;RefIdxL0;0
BlockStat;28; 744; 288; 4;16;MVDL0;   0;   0
BlockStat;28; 744; 288; 4;16;MVL0;  40;  14
BlockStat;28; 748; 288; 8;16;Depth;5
BlockStat;28; 748; 288; 8;16;QT_Depth;2
BlockStat;28; 748; 288; 8;16;BT_Depth;3
BlockStat;28; 748; 288; 8;16;MT_Depth;3
BlockStat;28; 748; 288; 8;16;ChromaQPAdj;0
BlockStat;28; 748; 288; 8;16;QP;38
BlockStat;28; 748; 288; 8;16;SplitSeries;5313569
BlockStat;28; 748; 288; 8;16;SkipFlag;0
BlockStat;28; 748; 288; 8;16;PredMode;1
BlockStat;28; 748; 288; 8;16;Luma_IntraMode;41
BlockStat;28; 748; 288; 8;16;Chroma_IntraMode;41
BlockStat;28; 748; 288; 8;16;MultiRefIdx;0
BlockStat;28; 748; 288; 8;16;Cbf_Y;1
BlockStat;28; 748; 288; 8;16;TransformSkipFlag_Y;0
BlockStat;28; 748; 288; 8;16;Cbf_Cb;0
BlockStat;28; 748; 288; 8;16;Cbf_Cr;0
BlockStat;28; 756; 288; 4;16;Depth;5
BlockStat;28; 756; 288; 4;16;QT_Depth;2
BlockStat;28; 756; 288; 4;16;BT_Depth;4
BlockStat;28; 756; 288; 4;16;MT_Depth;3
BlockStat;28; 756; 288; 4;16;ChromaQPAdj;0
BlockStat;28; 756; 288; 4;16;QP;38
BlockStat;28; 756; 288; 4;16;SplitSeries;5313569
BlockStat;28; 756; 288; 4;16;SkipFlag;0
BlockStat;28; 756; 288; 4;16;PredMode;1
BlockStat;28; 756; 288; 4;16;Luma_IntraMode;0
BlockStat;28; 756; 288; 4;16;Chroma_IntraMode;0
BlockStat;28; 756; 288; 4;16;MultiRefIdx;0
BlockStat;28; 756; 288; 4;16;Cbf_Y;0
BlockStat;28; 756; 288; 4;16;TransformSkipFlag_Y;0
BlockStat;28; 756; 288; 4;16;Cbf_Cb;0
BlockStat;28; 756; 288; 4;16;Cbf_Cr;0
BlockStat;28; 744; 304;16; 8;Depth;5
BlockStat;28; 744; 304;16; 8;QT_Depth;2
BlockStat;28; 744; 304;16; 8;BT_Depth;3
BlockStat;28; 744; 304;16; 8;MT_Depth;3
BlockStat;28; 744; 304;16; 8;ChromaQPAdj;0
BlockStat;28; 744; 304;16; 8;QP;38
BlockStat;28; 744; 304;16; 8;SplitSeries;2167841
BlockStat;28; 744; 304;16; 8;SkipFlag;0
BlockStat;28; 744; 304;16; 8;PredMode;0
BlockStat;28; 744; 304;16; 8;MergeFlag;0
BlockStat;28; 744; 304;16; 8;InterDir;1
BlockStat;28; 744; 304;16; 8;MVPIdxL0;1
BlockStat;28; 744; 304;16; 8;RefIdxL0;0
BlockStat;28; 744; 304;16; 8;MVDL0;   4;  32
BlockStat;28; 744; 304;16; 8;MVL0;  60;  32
BlockStat;28; 744; 304;16; 8;IMVMode;1
BlockStat;28; 744; 304;16; 8;RootCbf;1
BlockStat;28; 744; 304; 8; 8;Cbf_Y;0
BlockStat;28; 744; 304; 8; 8;TransformSkipFlag_Y;0
BlockStat;28; 744; 304; 8; 8;Cbf_Cb;0
BlockStat;28; 744; 304; 8; 8;Cbf_Cr;0
BlockStat;28; 752; 304; 8; 8;Cbf_Y;2
BlockStat;28; 752; 304; 8; 8;TransformSkipFlag_Y;0
BlockStat;28; 752; 304; 8; 8;Cbf_Cb;0
BlockStat;28; 752; 304; 8; 8;Cbf_Cr;0
BlockStat;28; 744; 312;16; 8;Depth;5
BlockStat;28; 744; 312;16; 8;QT_Depth;2
BlockStat;28; 744; 312;16; 8;BT_Depth;3
BlockStat;28; 744; 312;16; 8;MT_Depth;3
BlockStat;28; 744; 312;16; 8;ChromaQPAdj;0
BlockStat;28; 744; 312;16; 8;QP;38
BlockStat;28; 744; 312;16; 8;SplitSeries;2167841
BlockStat;28; 744; 312;16; 8;SkipFlag;1
BlockStat;28; 744; 312;16; 8;MMVDSkipFlag;0
BlockStat;28; 744; 312;16; 8;PredMode;0
BlockStat;28; 744; 312;16; 8;MergeIdx;0
BlockStat;28; 744; 312;16; 8;MergeType;0
BlockStat;28; 744; 312;16; 8;MMVDMergeFlag;0
BlockStat;28; 744; 312;16; 8;AffineFlag;0
BlockStat;28; 744; 312;16; 8;MVPIdxL0;255
BlockStat;28; 744; 312;16; 8;RefIdxL0;0
BlockStat;28; 744; 312;16; 8;MVDL0;   0;   0
BlockStat;28; 744; 312;16; 8;MVL0;  40;  16
BlockStat;28; 760; 288; 8;32;Depth;3
BlockStat;28; 760; 288; 8;32;QT_Depth;2
BlockStat;28; 760; 288; 8;32;BT_Depth;2
BlockStat;28; 760; 288; 8;32;MT_Depth;1
BlockStat;28; 760; 288; 8;32;ChromaQPAdj;0
BlockStat;28; 760; 288; 8;32;QP;38
BlockStat;28; 760; 288; 8;32;SplitSeries;5153
BlockStat;28; 760; 288; 8;32;SkipFlag;0
BlockStat;28; 760; 288; 8;32;PredMode;1
BlockStat;28; 760; 288; 8;32;Luma_IntraMode;39
BlockStat;28; 760; 288; 8;32;Chroma_IntraMode;39
BlockStat;28; 760; 288; 8;32;MultiRefIdx;0
BlockStat;28; 760; 288; 8;32;Cbf_Y;1
BlockStat;28; 760; 288; 8;32;TransformSkipFlag_Y;0
BlockStat;28; 760; 288; 8;32;Cbf_Cb;0
BlockStat;28; 760; 288; 8;32;Cbf_Cr;0
BlockStat;28; 640; 320;32;64;Depth;2
BlockStat;28; 640; 320;32;64;QT_Depth;1
BlockStat;28; 640; 320;32;64;BT_Depth;1
BlockStat;28; 640; 320;32;64;MT_Depth;1
BlockStat;28; 640; 320;32;64;ChromaQPAdj;0
BlockStat;28; 640; 320;32;64;QP;38
BlockStat;28; 640; 320;32;64;SplitSeries;97
BlockStat;28; 640; 320;32;64;SkipFlag;0
BlockStat;28; 640; 320;32;64;PredMode;1
BlockStat;28; 640; 320;32;64;Luma_IntraMode;2
BlockStat;28; 640; 320;32;64;Chroma_IntraMode;0
BlockStat;28; 640; 320;32;64;MultiRefIdx;0
BlockStat;28; 640; 320;32;64;Cbf_Y;0
BlockStat;28; 640; 320;32;64;TransformSkipFlag_Y;0
BlockStat;28; 640; 320;32;64;Cbf_Cb;0
BlockStat;28; 640; 320;32;64;Cbf_Cr;1
BlockStat;28; 672; 320;16;64;Depth;3
BlockStat;28; 672; 320;16;64;QT_Depth;1
BlockStat;28; 672; 320;16;64;BT_Depth;2
BlockStat;28; 672; 320;16;64;MT_Depth;2
BlockStat;28; 672; 320;16;64;ChromaQPAdj;0
BlockStat;28; 672; 320;16;64;QP;38
BlockStat;28; 672; 320;16;64;SplitSeries;3169
BlockStat;28; 672; 320;16;64;SkipFlag;0
BlockStat;28; 672; 320;16;64;PredMode;0
BlockStat;28; 672; 320;16;64;MergeFlag;0
BlockStat;28; 672; 320;16;64;InterDir;1
BlockStat;28; 672; 320;16;64;AffineFlag;1
BlockStat;28; 672; 320;16;64;AffineType;0
BlockStat;28; 672; 320;16;64;MVPIdxL0;0
BlockStat;28; 672; 320;16;64;RefIdxL0;0
BlockStat;28; 672; 320;16;64;AffineMVL0;  66;  29;  72;  26;  81;  59
BlockStat;28; 672; 320;16;64;RootCbf;1
BlockStat;28; 672; 320;16;64;Cbf_Y;1
BlockStat;28; 672; 320;16;64;TransformSkipFlag_Y;0
BlockStat;28; 672; 320;16;64;Cbf_Cb;0
BlockStat;28; 672; 320;16;64;Cbf_Cr;0
BlockStat;28; 688; 320;16;16;Depth;4
BlockStat;28; 688; 320;16;16;QT_Depth;1
BlockStat;28; 688; 320;16;16;BT_Depth;4
BlockStat;28; 688; 320;16;16;MT_Depth;3
BlockStat;28; 688; 320;16;16;ChromaQPAdj;0
BlockStat;28; 688; 320;16;16;QP;38
BlockStat;28; 688; 320;16;16;SplitSeries;134241
BlockStat;28; 688; 320;16;16;SkipFlag;0
BlockStat;28; 688; 320;16;16;PredMode;0
BlockStat;28; 688; 320;16;16;MergeFlag;0
BlockStat;28; 688; 320;16;16;InterDir;1
BlockStat;28; 688; 320;16;16;AffineFlag;1
BlockStat;28; 688; 320;16;16;AffineType;1
BlockStat;28; 688; 320;16;16;MVPIdxL0;0
BlockStat;28; 688; 320;16;16;RefIdxL0;0
BlockStat;28; 688; 320;16;16;AffineMVL0;  72;  21;  72;   9;  69;  15
BlockStat;28; 688; 320;16;16;RootCbf;0
BlockStat;28; 688; 336;16;32;Depth;4
BlockStat;28; 688; 336;16;32;QT_Depth;1
BlockStat;28; 688; 336;16;32;BT_Depth;3
BlockStat;28; 688; 336;16;32;MT_Depth;3
BlockStat;28; 688; 336;16;32;ChromaQPAdj;0
BlockStat;28; 688; 336;16;32;QP;38
BlockStat;28; 688; 336;16;32;SplitSeries;134241
BlockStat;28; 688; 336;16;32;SkipFlag;0
BlockStat;28; 688; 336;16;32;PredMode;0
BlockStat;28; 688; 336;16;32;MergeFlag;0
BlockStat;28; 688; 336;16;32;InterDir;1
BlockStat;28; 688; 336;16;32;AffineFlag;1
BlockStat;28; 688; 336;16;32;AffineType;0
BlockStat;28; 688; 336;16;32;MVPIdxL0;1
BlockStat;28; 688; 336;16;32;RefIdxL0;0
BlockStat;28; 688; 336;16;32;AffineMVL0;  67;  12;  68;  10;  72;  15
BlockStat;28; 688; 336;16;32;RootCbf;1
BlockStat;28; 688; 336;16;16;Cbf_Y;0
BlockStat;28; 688; 336;16;16;TransformSkipFlag_Y;0
BlockStat;28; 688; 336;16;16;Cbf_Cb;0
BlockStat;28; 688; 336;16;16;Cbf_Cr;0
BlockStat;28; 688; 352;16;16;Cbf_Y;2
BlockStat;28; 688; 352;16;16;TransformSkipFlag_Y;0
BlockStat;28; 688; 352;16;16;Cbf_Cb;0
BlockStat;28; 688; 352;16;16;Cbf_Cr;0
BlockStat;28; 688; 368;16;16;Depth;4
BlockStat;28; 688; 368;16;16;QT_Depth;1
BlockStat;28; 688; 368;16;16;BT_Depth;4
BlockStat;28; 688; 368;16;16;MT_Depth;3
BlockStat;28; 688; 368;16;16;ChromaQPAdj;0
BlockStat;28; 688; 368;16;16;QP;38
BlockStat;28; 688; 368;16;16;SplitSeries;134241
BlockStat;28; 688; 368;16;16;SkipFlag;0
BlockStat;28; 688; 368;16;16;PredMode;0
BlockStat;28; 688; 368;16;16;MergeFlag;1
BlockStat;28; 688; 368;16;16;MergeIdx;0
BlockStat;28; 688; 368;16;16;MergeType;0
BlockStat;28; 688; 368;16;16;MMVDMergeFlag;0
BlockStat;28; 688; 368;16;16;AffineFlag;0
BlockStat;28; 688; 368;16;16;MHIntraFlag;1
BlockStat;28; 688; 368;16;16;Luma_IntraMode;0
BlockStat;28; 688; 368;16;16;Chroma_IntraMode;70
BlockStat;28; 688; 368;16;16;MVPIdxL0;255
BlockStat;28; 688; 368;16;16;RefIdxL0;0
BlockStat;28; 688; 368;16;16;MVDL0;   0;   0
BlockStat;28; 688; 368;16;16;MVL0;  87;  56
BlockStat;28; 688; 368;16;16;Cbf_Y;1
BlockStat;28; 688; 368;16;16;TransformSkipFlag_Y;0
BlockStat;28; 688; 368;16;16;Cbf_Cb;0
BlockStat;28; 688; 368;16;16;Cbf_Cr;0
BlockStat;28; 704; 320; 8; 8;Depth;4
BlockStat;28; 704; 320; 8; 8;QT_Depth;2
BlockStat;28; 704; 320; 8; 8;BT_Depth;4
BlockStat;28; 704; 320; 8; 8;MT_Depth;2
BlockStat;28; 704; 320; 8; 8;ChromaQPAdj;0
BlockStat;28; 704; 320; 8; 8;QP;38
BlockStat;28; 704; 320; 8; 8;SplitSeries;136225
BlockStat;28; 704; 320; 8; 8;SkipFlag;1
BlockStat;28; 704; 320; 8; 8;MMVDSkipFlag;0
BlockStat;28; 704; 320; 8; 8;PredMode;0
BlockStat;28; 704; 320; 8; 8;MergeIdx;0
BlockStat;28; 704; 320; 8; 8;MergeType;0
BlockStat;28; 704; 320; 8; 8;MMVDMergeFlag;0
BlockStat;28; 704; 320; 8; 8;AffineFlag;0
BlockStat;28; 704; 320; 8; 8;MVPIdxL0;255
BlockStat;28; 704; 320; 8; 8;RefIdxL0;0
BlockStat;28; 704; 320; 8; 8;MVDL0;   0;   0
BlockStat;28; 704; 320; 8; 8;MVL0;  71;   7
BlockStat;28; 704; 328; 8; 4;Depth;5
BlockStat;28; 704; 328; 8; 4;QT_Depth;2
BlockStat;28; 704; 328; 8; 4;BT_Depth;5
BlockStat;28; 704; 328; 8; 4;MT_Depth;3
BlockStat;28; 704; 328; 8; 4;ChromaQPAdj;0
BlockStat;28; 704; 328; 8; 4;QP;38
BlockStat;28; 704; 328; 8; 4;SplitSeries;4330529
BlockStat;28; 704; 328; 8; 4;SkipFlag;1
BlockStat;28; 704; 328; 8; 4;MMVDSkipFlag;0
BlockStat;28; 704; 328; 8; 4;PredMode;0
BlockStat;28; 704; 328; 8; 4;MergeIdx;14
BlockStat;28; 704; 328; 8; 4;MergeType;0
BlockStat;28; 704; 328; 8; 4;MMVDMergeFlag;1
BlockStat;28; 704; 328; 8; 4;MMVDMergeIdx;14
BlockStat;28; 704; 328; 8; 4;MVPIdxL0;255
BlockStat;28; 704; 328; 8; 4;RefIdxL0;0
BlockStat;28; 704; 328; 8; 4;MVDL0;   0;   0
BlockStat;28; 704; 328; 8; 4;MVL0;  70;  13
BlockStat;28; 704; 332; 8; 8;Depth;5
BlockStat;28; 704; 332; 8; 8;QT_Depth;2
BlockStat;28; 704; 332; 8; 8;BT_Depth;4
BlockStat;28; 704; 332; 8; 8;MT_Depth;3
BlockStat;28; 704; 332; 8; 8;ChromaQPAdj;0
BlockStat;28; 704; 332; 8; 8;QP;38
BlockStat;28; 704; 332; 8; 8;SplitSeries;4330529
BlockStat;28; 704; 332; 8; 8;SkipFlag;0
BlockStat;28; 704; 332; 8; 8;PredMode;0
BlockStat;28; 704; 332; 8; 8;MergeFlag;0
BlockStat;28; 704; 332; 8; 8;InterDir;1
BlockStat;28; 704; 332; 8; 8;MVPIdxL0;0
BlockStat;28; 704; 332; 8; 8;RefIdxL0;0
BlockStat;28; 704; 332; 8; 8;MVDL0; -16; -16
BlockStat;28; 704; 332; 8; 8;MVL0;  48;   0
BlockStat;28; 704; 332; 8; 8;IMVMode;2
BlockStat;28; 704; 332; 8; 8;RootCbf;0
BlockStat;28; 704; 340; 8; 4;Depth;5
BlockStat;28; 704; 340; 8; 4;QT_Depth;2
BlockStat;28; 704; 340; 8; 4;BT_Depth;5
BlockStat;28; 704; 340; 8; 4;MT_Depth;3
BlockStat;28; 704; 340; 8; 4;ChromaQPAdj;0
BlockStat;28; 704; 340; 8; 4;QP;38
BlockStat;28; 704; 340; 8; 4;SplitSeries;4330529
BlockStat;28; 704; 340; 8; 4;SkipFlag;0
BlockStat;28; 704; 340; 8; 4;PredMode;0
BlockStat;28; 704; 340; 8; 4;MergeFlag;1
BlockStat;28; 704; 340; 8; 4;MergeIdx;1
BlockStat;28; 704; 340; 8; 4;MergeType;0
BlockStat;28; 704; 340; 8; 4;MMVDMergeFlag;0
BlockStat;28; 704; 340; 8; 4;MVPIdxL0;255
BlockStat;28; 704; 340; 8; 4;RefIdxL0;0
BlockStat;28; 704; 340; 8; 4;MVDL0;   0;   0
BlockStat;28; 704; 340; 8; 4;MVL0;  48;   0
BlockStat;28; 704; 340; 8; 4;Cbf_Y;1
BlockStat;28; 704; 340; 8; 4;TransformSkipFlag_Y;0
BlockStat;28; 704; 340; 8; 4;Cbf_Cb;0
BlockStat;28; 704; 340; 8; 4;Cbf_Cr;0
BlockStat;28; 704; 344; 4; 8;Depth;5
BlockStat;28; 704; 344; 4; 8;QT_Depth;2
BlockStat;28; 704; 344; 4; 8;BT_Depth;5
BlockStat;28; 704; 344; 4; 8;MT_Depth;3
BlockStat;28; 704; 344; 4; 8;ChromaQPAdj;0
BlockStat;28; 704; 344; 4; 8;QP;38
BlockStat;28; 704; 344; 4; 8;SplitSeries;3281953
BlockStat;28; 704; 344; 4; 8;SkipFlag;1
BlockStat;28; 704; 344; 4; 8;MMVDSkipFlag;0
BlockStat;28; 704; 344; 4; 8;PredMode;0
BlockStat;28; 704; 344; 4; 8;MergeIdx;3
BlockStat;28; 704; 344; 4; 8;MergeType;0
BlockStat;28; 704; 344; 4; 8;MMVDMergeFlag;0
BlockStat;28; 704; 344; 4; 8;MVPIdxL0;255
BlockStat;28; 704; 344; 4; 8;RefIdxL0;0
BlockStat;28; 704; 344; 4; 8;MVDL0;   0;   0
BlockStat;28; 704; 344; 4; 8;MVL0;  69;  10
BlockStat;28; 708; 344; 4; 8;Depth;5
BlockStat;28; 708; 344; 4; 8;QT_Depth;2
BlockStat;28; 708; 344; 4; 8;BT_Depth;5
BlockStat;28; 708; 344; 4; 8;MT_Depth;3
BlockStat;28; 708; 344; 4; 8;ChromaQPAdj;0
BlockStat;28; 708; 344; 4; 8;QP;38
BlockStat;28; 708; 344; 4; 8;SplitSeries;3281953
BlockStat;28; 708; 344; 4; 8;SkipFlag;1
BlockStat;28; 708; 344; 4; 8;MMVDSkipFlag;0
BlockStat;28; 708; 344; 4; 8;PredMode;0
BlockStat;28; 708; 344; 4; 8;MergeIdx;13
BlockStat;28; 708; 344; 4; 8;MergeType;0
BlockStat;28; 708; 344; 4; 8;MMVDMergeFlag;1
BlockStat;28; 708; 344; 4; 8;MMVDMergeIdx;13
BlockStat;28; 708; 344; 4; 8;MVPIdxL0;255
BlockStat;28; 708; 344; 4; 8;RefIdxL0;0
BlockStat;28; 708; 344; 4; 8;MVDL0;   0;   0
BlockStat;28; 708; 344; 4; 8;MVL0;  61;  10
BlockStat;28; 712; 320;16; 8;Depth;4
BlockStat;28; 712; 320;16; 8;QT_Depth;2
BlockStat;28; 712; 320;16; 8;BT_Depth;3
BlockStat;28; 712; 320;16; 8;MT_Depth;2
BlockStat;28; 712; 320;16; 8;ChromaQPAdj;0
BlockStat;28; 712; 320;16; 8;QP;38
BlockStat;28; 712; 320;16; 8;SplitSeries;136225
BlockStat;28; 712; 320;16; 8;SkipFlag;0
BlockStat;28; 712; 320;16; 8;PredMode;0
BlockStat;28; 712; 320;16; 8;MergeFlag;1
BlockStat;28; 712; 320;16; 8;MergeIdx;12
BlockStat;28; 712; 320;16; 8;MergeType;0
BlockStat;28; 712; 320;16; 8;MMVDMergeFlag;1
BlockStat;28; 712; 320;16; 8;MMVDMergeIdx;12
BlockStat;28; 712; 320;16; 8;MVPIdxL0;255
BlockStat;28; 712; 320;16; 8;RefIdxL0;0
BlockStat;28; 712; 320;16; 8;MVDL0;   0;   0
BlockStat;28; 712; 320;16; 8;MVL0;  79;   7
BlockStat;28; 712; 320;16; 8;Cbf_Y;1
BlockStat;28; 712; 320;16; 8;TransformSkipFlag_Y;0
BlockStat;28; 712; 320;16; 8;Cbf_Cb;0
BlockStat;28; 712; 320;16; 8;Cbf_Cr;0
BlockStat;28; 712; 328;16; 4;Depth;5
BlockStat;28; 712; 328;16; 4;QT_Depth;2
BlockStat;28; 712; 328;16; 4;BT_Depth;4
BlockStat;28; 712; 328;16; 4;MT_Depth;3
BlockStat;28; 712; 328;16; 4;ChromaQPAdj;0
BlockStat;28; 712; 328;16; 4;QP;38
BlockStat;28; 712; 328;16; 4;SplitSeries;4330529
BlockStat;28; 712; 328;16; 4;SkipFlag;1
BlockStat;28; 712; 328;16; 4;MMVDSkipFlag;0
BlockStat;28; 712; 328;16; 4;PredMode;0
BlockStat;28; 712; 328;16; 4;MergeIdx;44
BlockStat;28; 712; 328;16; 4;MergeType;0
BlockStat;28; 712; 328;16; 4;MMVDMergeFlag;1
BlockStat;28; 712; 328;16; 4;MMVDMergeIdx;44
BlockStat;28; 712; 328;16; 4;MVPIdxL0;255
BlockStat;28; 712; 328;16; 4;RefIdxL0;0
BlockStat;28; 712; 328;16; 4;MVDL0;   0;   0
BlockStat;28; 712; 328;16; 4;MVL0;  87;   7
BlockStat;28; 712; 332;16; 8;Depth;5
BlockStat;28; 712; 332;16; 8;QT_Depth;2
BlockStat;28; 712; 332;16; 8;BT_Depth;3
BlockStat;28; 712; 332;16; 8;MT_Depth;3
BlockStat;28; 712; 332;16; 8;ChromaQPAdj;0
BlockStat;28; 712; 332;16; 8;QP;38
BlockStat;28; 712; 332;16; 8;SplitSeries;4330529
BlockStat;28; 712; 332;16; 8;SkipFlag;0
BlockStat;28; 712; 332;16; 8;PredMode;0
BlockStat;28; 712; 332;16; 8;MergeFlag;0
BlockStat;28; 712; 332;16; 8;InterDir;1
BlockStat;28; 712; 332;16; 8;MVPIdxL0;0
BlockStat;28; 712; 332;16; 8;RefIdxL0;1
BlockStat;28; 712; 332;16; 8;MVDL0; -12;   0
BlockStat;28; 712; 332;16; 8;MVL0; 180;  36
BlockStat;28; 712; 332;16; 8;IMVMode;1
BlockStat;28; 712; 332;16; 8;RootCbf;1
BlockStat;28; 712; 332;16; 8;Cbf_Y;1
BlockStat;28; 712; 332;16; 8;TransformSkipFlag_Y;0
BlockStat;28; 712; 332;16; 8;Cbf_Cb;0
BlockStat;28; 712; 332;16; 8;Cbf_Cr;0
BlockStat;28; 712; 340;16; 4;Depth;5
BlockStat;28; 712; 340;16; 4;QT_Depth;2
BlockStat;28; 712; 340;16; 4;BT_Depth;4
BlockStat;28; 712; 340;16; 4;MT_Depth;3
BlockStat;28; 712; 340;16; 4;ChromaQPAdj;0
BlockStat;28; 712; 340;16; 4;QP;38
BlockStat;28; 712; 340;16; 4;SplitSeries;4330529
BlockStat;28; 712; 340;16; 4;SkipFlag;1
BlockStat;28; 712; 340;16; 4;MMVDSkipFlag;0
BlockStat;28; 712; 340;16; 4;PredMode;0
BlockStat;28; 712; 340;16; 4;MergeIdx;41
BlockStat;28; 712; 340;16; 4;MergeType;0
BlockStat;28; 712; 340;16; 4;MMVDMergeFlag;1
BlockStat;28; 712; 340;16; 4;MMVDMergeIdx;41
BlockStat;28; 712; 340;16; 4;MVPIdxL0;255
BlockStat;28; 712; 340;16; 4;RefIdxL0;1
BlockStat;28; 712; 340;16; 4;MVDL0;   0;   0
BlockStat;28; 712; 340;16; 4;MVL0; 176;  36
BlockStat;28; 712; 344;16; 8;Depth;4
BlockStat;28; 712; 344;16; 8;QT_Depth;2
BlockStat;28; 712; 344;16; 8;BT_Depth;3
BlockStat;28; 712; 344;16; 8;MT_Depth;2
BlockStat;28; 712; 344;16; 8;ChromaQPAdj;0
BlockStat;28; 712; 344;16; 8;QP;38
BlockStat;28; 712; 344;16; 8;SplitSeries;136225
BlockStat;28; 712; 344;16; 8;SkipFlag;1
BlockStat;28; 712; 344;16; 8;MMVDSkipFlag;0
BlockStat;28; 712; 344;16; 8;PredMode;0
BlockStat;28; 712; 344;16; 8;MergeIdx;42
BlockStat;28; 712; 344;16; 8;MergeType;0
BlockStat;28; 712; 344;16; 8;MMVDMergeFlag;1
BlockStat;28; 712; 344;16; 8;MMVDMergeIdx;42
BlockStat;28; 712; 344;16; 8;MVPIdxL0;255
BlockStat;28; 712; 344;16; 8;RefIdxL0;1
BlockStat;28; 712; 344;16; 8;MVDL0;   0;   0
BlockStat;28; 712; 344;16; 8;MVL0; 176;  40
BlockStat;28; 728; 320; 8;32;Depth;3
BlockStat;28; 728; 320; 8;32;QT_Depth;2
BlockStat;28; 728; 320; 8;32;BT_Depth;2
BlockStat;28; 728; 320; 8;32;MT_Depth;1
BlockStat;28; 728; 320; 8;32;ChromaQPAdj;0
BlockStat;28; 728; 320; 8;32;QP;38
BlockStat;28; 728; 320; 8;32;SplitSeries;5153
BlockStat;28; 728; 320; 8;32;SkipFlag;1
BlockStat;28; 728; 320; 8;32;MMVDSkipFlag;0
BlockStat;28; 728; 320; 8;32;PredMode;0
BlockStat;28; 728; 320; 8;32;MergeIdx;13
BlockStat;28; 728; 320; 8;32;MergeType;0
BlockStat;28; 728; 320; 8;32;MMVDMergeFlag;1
BlockStat;28; 728; 320; 8;32;MMVDMergeIdx;13
BlockStat;28; 728; 320; 8;32;MVPIdxL0;255
BlockStat;28; 728; 320; 8;32;RefIdxL0;1
BlockStat;28; 728; 320; 8;32;MVDL0;   0;   0
BlockStat;28; 728; 320; 8;32;MVL0; 168;  40
BlockStat;28; 736; 320;16;32;Depth;3
BlockStat;28; 736; 320;16;32;QT_Depth;2
BlockStat;28; 736; 320;16;32;BT_Depth;1
BlockStat;28; 736; 320;16;32;MT_Depth;1
BlockStat;28; 736; 320;16;32;ChromaQPAdj;0
BlockStat;28; 736; 320;16;32;QP;38
BlockStat;28; 736; 320;16;32;SplitSeries;3105
BlockStat;28; 736; 320;16;32;SkipFlag;0
BlockStat;28; 736; 320;16;32;PredMode;0
BlockStat;28; 736; 320;16;32;MergeFlag;0
BlockStat;28; 736; 320;16;32;InterDir;1
BlockStat;28; 736; 320;16;32;AffineFlag;1
BlockStat;28; 736; 320;16;32;AffineType;0
BlockStat;28; 736; 320;16;32;MVPIdxL0;1
BlockStat;28; 736; 320;16;32;RefIdxL0;0
BlockStat;28; 736; 320;16;32;AffineMVL0;  32;  15;  33;  19;  22;  17
BlockStat;28; 736; 320;16;32;RootCbf;1
BlockStat;28; 736; 320;16;32;Cbf_Y;1
BlockStat;28; 736; 320;16;32;TransformSkipFlag_Y;0
BlockStat;28; 736; 320;16;32;Cbf_Cb;0
BlockStat;28; 736; 320;16;32;Cbf_Cr;0
BlockStat;28; 752; 320;16;16;Depth;4
BlockStat;28; 752; 320;16;16;QT_Depth;2
BlockStat;28; 752; 320;16;16;BT_Depth;2
BlockStat;28; 752; 320;16;16;MT_Depth;2
BlockStat;28; 752; 320;16;16;ChromaQPAdj;0
BlockStat;28; 752; 320;16;16;QP;38
BlockStat;28; 752; 320;16;16;SplitSeries;68641
BlockStat;28; 752; 320;16;16;SkipFlag;0
BlockStat;28; 752; 320;16;16;PredMode;0
BlockStat;28; 752; 320;16;16;MergeFlag;0
BlockStat;28; 752; 320;16;16;InterDir;1
BlockStat;28; 752; 320;16;16;AffineFlag;0
BlockStat;28; 752; 320;16;16;MVPIdxL0;1
BlockStat;28; 752; 320;16;16;RefIdxL0;0
BlockStat;28; 752; 320;16;16;MVDL0;  -4;  -4
BlockStat;28; 752; 320;16;16;MVL0;  36;  12
BlockStat;28; 752; 320;16;16;IMVMode;1
BlockStat;28; 752; 320;16;16;RootCbf;1
BlockStat;28; 752; 320;16;16;Cbf_Y;1
BlockStat;28; 752; 320;16;16;TransformSkipFlag_Y;0
BlockStat;28; 752; 320;16;16;Cbf_Cb;0
BlockStat;28; 752; 320;16;16;Cbf_Cr;0
BlockStat;28; 752; 336; 8;16;Depth;5
BlockStat;28; 752; 336; 8;16;QT_Depth;2
BlockStat;28; 752; 336; 8;16;BT_Depth;3
BlockStat;28; 752; 336; 8;16;MT_Depth;3
BlockStat;28; 752; 336; 8;16;ChromaQPAdj;0
BlockStat;28; 752; 336; 8;16;QP;38
BlockStat;28; 752; 336; 8;16;SplitSeries;3214369
BlockStat;28; 752; 336; 8;16;SkipFlag;0
BlockStat;28; 752; 336; 8;16;PredMode;0
BlockStat;28; 752; 336; 8;16;MergeFlag;1
BlockStat;28; 752; 336; 8;16;MergeIdx;1
BlockStat;28; 752; 336; 8;16;MergeType;0
BlockStat;28; 752; 336; 8;16;MMVDMergeFlag;0
BlockStat;28; 752; 336; 8;16;AffineFlag;1
BlockStat;28; 752; 336; 8;16;MVPIdxL0;0
BlockStat;28; 752; 336; 8;16;RefIdxL0;0
BlockStat;28; 752; 336; 8;16;AffineMVL0;  27;  22;  28;  23;  23;  23
BlockStat;28; 752; 336; 8;16;Cbf_Y;1
BlockStat;28; 752; 336; 8;16;TransformSkipFlag_Y;0
BlockStat;28; 752; 336; 8;16;Cbf_Cb;0
BlockStat;28; 752; 336; 8;16;Cbf_Cr;0
BlockStat;28; 760; 336; 8;16;Depth;5
BlockStat;28; 760; 336; 8;16;QT_Depth;2
BlockStat;28; 760; 336; 8;16;BT_Depth;3
BlockStat;28; 760; 336; 8;16;MT_Depth;3
BlockStat;28; 760; 336; 8;16;ChromaQPAdj;0
BlockStat;28; 760; 336; 8;16;QP;38
BlockStat;28; 760; 336; 8;16;SplitSeries;3214369
BlockStat;28; 760; 336; 8;16;SkipFlag;0
BlockStat;28; 760; 336; 8;16;PredMode;0
BlockStat;28; 760; 336; 8;16;MergeFlag;1
BlockStat;28; 760; 336; 8;16;MergeIdx;46
BlockStat;28; 760; 336; 8;16;MergeType;0
BlockStat;28; 760; 336; 8;16;MMVDMergeFlag;1
BlockStat;28; 760; 336; 8;16;MMVDMergeIdx;46
BlockStat;28; 760; 336; 8;16;MVPIdxL0;255
BlockStat;28; 760; 336; 8;16;RefIdxL0;0
BlockStat;28; 760; 336; 8;16;MVDL0;   0;   0
BlockStat;28; 760; 336; 8;16;MVL0;  36;  20
BlockStat;28; 760; 336; 8;16;Cbf_Y;1
BlockStat;28; 760; 336; 8;16;TransformSkipFlag_Y;0
BlockStat;28; 760; 336; 8;16;Cbf_Cb;0
BlockStat;28; 760; 336; 8;16;Cbf_Cr;0
BlockStat;28; 704; 352; 8;16;Depth;4
BlockStat;28; 704; 352; 8;16;QT_Depth;2
BlockStat;28; 704; 352; 8;16;BT_Depth;3
BlockStat;28; 704; 352; 8;16;MT_Depth;2
BlockStat;28; 704; 352; 8;16;ChromaQPAdj;0
BlockStat;28; 704; 352; 8;16;QP;38
BlockStat;28; 704; 352; 8;16;SplitSeries;70689
BlockStat;28; 704; 352; 8;16;SkipFlag;0
BlockStat;28; 704; 352; 8;16;PredMode;0
BlockStat;28; 704; 352; 8;16;MergeFlag;1
BlockStat;28; 704; 352; 8;16;MergeIdx;2
BlockStat;28; 704; 352; 8;16;MergeType;0
BlockStat;28; 704; 352; 8;16;MMVDMergeFlag;0
BlockStat;28; 704; 352; 8;16;AffineFlag;1
BlockStat;28; 704; 352; 8;16;MVPIdxL0;0
BlockStat;28; 704; 352; 8;16;RefIdxL0;0
BlockStat;28; 704; 352; 8;16;AffineMVL0;  68;  11;  64;  11;  71;  13
BlockStat;28; 704; 352; 8;16;Cbf_Y;1
BlockStat;28; 704; 352; 8;16;TransformSkipFlag_Y;0
BlockStat;28; 704; 352; 8;16;Cbf_Cb;0
BlockStat;28; 704; 352; 8;16;Cbf_Cr;0
BlockStat;28; 704; 368; 8;16;Depth;4
BlockStat;28; 704; 368; 8;16;QT_Depth;2
BlockStat;28; 704; 368; 8;16;BT_Depth;3
BlockStat;28; 704; 368; 8;16;MT_Depth;2
BlockStat;28; 704; 368; 8;16;ChromaQPAdj;0
BlockStat;28; 704; 368; 8;16;QP;38
BlockStat;28; 704; 368; 8;16;SplitSeries;70689
BlockStat;28; 704; 368; 8;16;SkipFlag;0
BlockStat;28; 704; 368; 8;16;PredMode;1
BlockStat;28; 704; 368; 8;16;Luma_IntraMode;10
BlockStat;28; 704; 368; 8;16;Chroma_IntraMode;0
BlockStat;28; 704; 368; 8;16;MultiRefIdx;0
BlockStat;28; 704; 368; 8;16;Cbf_Y;0
BlockStat;28; 704; 368; 8;16;TransformSkipFlag_Y;0
BlockStat;28; 704; 368; 8;16;Cbf_Cb;0
BlockStat;28; 704; 368; 8;16;Cbf_Cr;0
BlockStat;28; 712; 352;16;16;Depth;4
BlockStat;28; 712; 352;16;16;QT_Depth;2
BlockStat;28; 712; 352;16;16;BT_Depth;2
BlockStat;28; 712; 352;16;16;MT_Depth;2
BlockStat;28; 712; 352;16;16;ChromaQPAdj;0
BlockStat;28; 712; 352;16;16;QP;38
BlockStat;28; 712; 352;16;16;SplitSeries;70689
BlockStat;28; 712; 352;16;16;SkipFlag;0
BlockStat;28; 712; 352;16;16;PredMode;0
BlockStat;28; 712; 352;16;16;MergeFlag;0
BlockStat;28; 712; 352;16;16;InterDir;1
BlockStat;28; 712; 352;16;16;AffineFlag;0
BlockStat;28; 712; 352;16;16;MVPIdxL0;0
BlockStat;28; 712; 352;16;16;RefIdxL0;0
BlockStat;28; 712; 352;16;16;MVDL0; -16;   0
BlockStat;28; 712; 352;16;16;MVL0;  48;  16
BlockStat;28; 712; 352;16;16;IMVMode;2
BlockStat;28; 712; 352;16;16;RootCbf;0
BlockStat;28; 712; 368;16;16;Depth;4
BlockStat;28; 712; 368;16;16;QT_Depth;2
BlockStat;28; 712; 368;16;16;BT_Depth;2
BlockStat;28; 712; 368;16;16;MT_Depth;2
BlockStat;28; 712; 368;16;16;ChromaQPAdj;0
BlockStat;28; 712; 368;16;16;QP;38
BlockStat;28; 712; 368;16;16;SplitSeries;70689
BlockStat;28; 712; 368;16;16;SkipFlag;0
BlockStat;28; 712; 368;16;16;PredMode;0
BlockStat;28; 712; 368;16;16;MergeFlag;0
BlockStat;28; 712; 368;16;16;InterDir;1
BlockStat;28; 712; 368;16;16;AffineFlag;0
BlockStat;28; 712; 368;16;16;MVPIdxL0;0
BlockStat;28; 712; 368;16;16;RefIdxL0;0
BlockStat;28; 712; 368;16;16;MVDL0;  -8;  -8
BlockStat;28; 712; 368;16;16;MVL0;  40;   8
BlockStat;28; 712; 368;16;16;IMVMode;1
BlockStat;28; 712; 368;16;16;RootCbf;1
BlockStat;28; 712; 368;16;16;Cbf_Y;1
BlockStat;28; 712; 368;16;16;TransformSkipFlag_Y;0
BlockStat;28; 712; 368;16;16;Cbf_Cb;0
BlockStat;28; 712; 368;16;16;Cbf_Cr;0
BlockStat;28; 728; 352; 8;32;Depth;3
BlockStat;28; 728; 352; 8;32;QT_Depth;2
BlockStat;28; 728; 352; 8;32;BT_Depth;2
BlockStat;28; 728; 352; 8;32;MT_Depth;1
BlockStat;28; 728; 352; 8;32;ChromaQPAdj;0
BlockStat;28; 728; 352; 8;32;QP;38
BlockStat;28; 728; 352; 8;32;SplitSeries;5153
BlockStat;28; 728; 352; 8;32;SkipFlag;0
BlockStat;28; 728; 352; 8;32;PredMode;0
BlockStat;28; 728; 352; 8;32;MergeFlag;0
BlockStat;28; 728; 352; 8;32;InterDir;3
BlockStat;28; 728; 352; 8;32;MVPIdxL0;1
BlockStat;28; 728; 352; 8;32;RefIdxL0;0
BlockStat;28; 728; 352; 8;32;MVPIdxL1;1
BlockStat;28; 728; 352; 8;32;RefIdxL1;0
BlockStat;28; 728; 352; 8;32;MVDL0;   0;  64
BlockStat;28; 728; 352; 8;32;MVL0;  16;  80
BlockStat;28; 728; 352; 8;32;MVDL1;   0;   0
BlockStat;28; 728; 352; 8;32;MVL1;  16;  16
BlockStat;28; 728; 352; 8;32;IMVMode;2
BlockStat;28; 728; 352; 8;32;RootCbf;0
BlockStat;28; 736; 352;16;16;Depth;4
BlockStat;28; 736; 352;16;16;QT_Depth;2
BlockStat;28; 736; 352;16;16;BT_Depth;2
BlockStat;28; 736; 352;16;16;MT_Depth;2
BlockStat;28; 736; 352;16;16;ChromaQPAdj;0
BlockStat;28; 736; 352;16;16;QP;38
BlockStat;28; 736; 352;16;16;SplitSeries;100385
BlockStat;28; 736; 352;16;16;SkipFlag;0
BlockStat;28; 736; 352;16;16;PredMode;0
BlockStat;28; 736; 352;16;16;MergeFlag;1
BlockStat;28; 736; 352;16;16;MergeIdx;1
BlockStat;28; 736; 352;16;16;MergeType;0
BlockStat;28; 736; 352;16;16;MMVDMergeFlag;0
BlockStat;28; 736; 352;16;16;AffineFlag;1
BlockStat;28; 736; 352;16;16;MVPIdxL0;0
BlockStat;28; 736; 352;16;16;RefIdxL0;0
BlockStat;28; 736; 352;16;16;AffineMVL0;  20;  17;  21;  21;  16;  18
BlockStat;28; 736; 352;16;16;Cbf_Y;1
BlockStat;28; 736; 352;16;16;TransformSkipFlag_Y;0
BlockStat;28; 736; 352;16;16;Cbf_Cb;0
BlockStat;28; 736; 352;16;16;Cbf_Cr;0
BlockStat;28; 752; 352;16;16;Depth;4
BlockStat;28; 752; 352;16;16;QT_Depth;2
BlockStat;28; 752; 352;16;16;BT_Depth;2
BlockStat;28; 752; 352;16;16;MT_Depth;2
BlockStat;28; 752; 352;16;16;ChromaQPAdj;0
BlockStat;28; 752; 352;16;16;QP;38
BlockStat;28; 752; 352;16;16;SplitSeries;100385
BlockStat;28; 752; 352;16;16;SkipFlag;0
BlockStat;28; 752; 352;16;16;PredMode;0
BlockStat;28; 752; 352;16;16;MergeFlag;0
BlockStat;28; 752; 352;16;16;InterDir;1
BlockStat;28; 752; 352;16;16;AffineFlag;1
BlockStat;28; 752; 352;16;16;AffineType;0
BlockStat;28; 752; 352;16;16;MVPIdxL0;0
BlockStat;28; 752; 352;16;16;RefIdxL0;0
BlockStat;28; 752; 352;16;16;AffineMVL0;  23;  24;  20;  27;  20;  21
BlockStat;28; 752; 352;16;16;RootCbf;1
BlockStat;28; 752; 352;16;16;Cbf_Y;1
BlockStat;28; 752; 352;16;16;TransformSkipFlag_Y;0
BlockStat;28; 752; 352;16;16;Cbf_Cb;0
BlockStat;28; 752; 352;16;16;Cbf_Cr;0
BlockStat;28; 736; 368; 8; 8;Depth;5
BlockStat;28; 736; 368; 8; 8;QT_Depth;2
BlockStat;28; 736; 368; 8; 8;BT_Depth;4
BlockStat;28; 736; 368; 8; 8;MT_Depth;3
BlockStat;28; 736; 368; 8; 8;ChromaQPAdj;0
BlockStat;28; 736; 368; 8; 8;QP;38
BlockStat;28; 736; 368; 8; 8;SplitSeries;5310497
BlockStat;28; 736; 368; 8; 8;SkipFlag;0
BlockStat;28; 736; 368; 8; 8;PredMode;0
BlockStat;28; 736; 368; 8; 8;MergeFlag;1
BlockStat;28; 736; 368; 8; 8;MergeIdx;1
BlockStat;28; 736; 368; 8; 8;MergeType;0
BlockStat;28; 736; 368; 8; 8;MMVDMergeFlag;0
BlockStat;28; 736; 368; 8; 8;AffineFlag;1
BlockStat;28; 736; 368; 8; 8;MVPIdxL0;0
BlockStat;28; 736; 368; 8; 8;RefIdxL0;0
BlockStat;28; 736; 368; 8; 8;AffineMVL0;  14;  18;  15;  19;  13;  18
BlockStat;28; 736; 368; 8; 8;Cbf_Y;1
BlockStat;28; 736; 368; 8; 8;TransformSkipFlag_Y;0
BlockStat;28; 736; 368; 8; 8;Cbf_Cb;0
BlockStat;28; 736; 368; 8; 8;Cbf_Cr;0
BlockStat;28; 744; 368;16; 8;Depth;5
BlockStat;28; 744; 368;16; 8;QT_Depth;2
BlockStat;28; 744; 368;16; 8;BT_Depth;3
BlockStat;28; 744; 368;16; 8;MT_Depth;3
BlockStat;28; 744; 368;16; 8;ChromaQPAdj;0
BlockStat;28; 744; 368;16; 8;QP;38
BlockStat;28; 744; 368;16; 8;SplitSeries;5310497
BlockStat;28; 744; 368;16; 8;SkipFlag;0
BlockStat;28; 744; 368;16; 8;PredMode;0
BlockStat;28; 744; 368;16; 8;MergeFlag;1
BlockStat;28; 744; 368;16; 8;MergeIdx;38
BlockStat;28; 744; 368;16; 8;MergeType;0
BlockStat;28; 744; 368;16; 8;MMVDMergeFlag;1
BlockStat;28; 744; 368;16; 8;MMVDMergeIdx;38
BlockStat;28; 744; 368;16; 8;MVPIdxL0;255
BlockStat;28; 744; 368;16; 8;RefIdxL0;0
BlockStat;28; 744; 368;16; 8;MVDL0;   0;   0
BlockStat;28; 744; 368;16; 8;MVL0;  19;  24
BlockStat;28; 744; 368;16; 8;Cbf_Y;1
BlockStat;28; 744; 368;16; 8;TransformSkipFlag_Y;0
BlockStat;28; 744; 368;16; 8;Cbf_Cb;0
BlockStat;28; 744; 368;16; 8;Cbf_Cr;0
BlockStat;28; 760; 368; 8; 8;Depth;5
BlockStat;28; 760; 368; 8; 8;QT_Depth;2
BlockStat;28; 760; 368; 8; 8;BT_Depth;4
BlockStat;28; 760; 368; 8; 8;MT_Depth;3
BlockStat;28; 760; 368; 8; 8;ChromaQPAdj;0
BlockStat;28; 760; 368; 8; 8;QP;38
BlockStat;28; 760; 368; 8; 8;SplitSeries;5310497
BlockStat;28; 760; 368; 8; 8;SkipFlag;0
BlockStat;28; 760; 368; 8; 8;PredMode;0
BlockStat;28; 760; 368; 8; 8;MergeFlag;1
BlockStat;28; 760; 368; 8; 8;MergeIdx;1
BlockStat;28; 760; 368; 8; 8;MergeType;0
BlockStat;28; 760; 368; 8; 8;MMVDMergeFlag;0
BlockStat;28; 760; 368; 8; 8;AffineFlag;1
BlockStat;28; 760; 368; 8; 8;MVPIdxL0;0
BlockStat;28; 760; 368; 8; 8;RefIdxL0;0
BlockStat;28; 760; 368; 8; 8;AffineMVL0;  19;  23;  18;  24;  19;  24
BlockStat;28; 760; 368; 8; 8;Cbf_Y;1
BlockStat;28; 760; 368; 8; 8;TransformSkipFlag_Y;0
BlockStat;28; 760; 368; 8; 8;Cbf_Cb;0
BlockStat;28; 760; 368; 8; 8;Cbf_Cr;0
BlockStat;28; 736; 376;32; 8;Depth;4
BlockStat;28; 736; 376;32; 8;QT_Depth;2
BlockStat;28; 736; 376;32; 8;BT_Depth;2
BlockStat;28; 736; 376;32; 8;MT_Depth;2
BlockStat;28; 736; 376;32; 8;ChromaQPAdj;0
BlockStat;28; 736; 376;32; 8;QP;38
BlockStat;28; 736; 376;32; 8;SplitSeries;67617
BlockStat;28; 736; 376;32; 8;SkipFlag;0
BlockStat;28; 736; 376;32; 8;PredMode;0
BlockStat;28; 736; 376;32; 8;MergeFlag;1
BlockStat;28; 736; 376;32; 8;MergeIdx;1
BlockStat;28; 736; 376;32; 8;MergeType;0
BlockStat;28; 736; 376;32; 8;MMVDMergeFlag;0
BlockStat;28; 736; 376;32; 8;AffineFlag;1
BlockStat;28; 736; 376;32; 8;MVPIdxL0;0
BlockStat;28; 736; 376;32; 8;RefIdxL0;0
BlockStat;28; 736; 376;32; 8;AffineMVL0;  25;  19;  18;  26;  25;  20
BlockStat;28; 736; 376;32; 8;Cbf_Y;1
BlockStat;28; 736; 376;32; 8;TransformSkipFlag_Y;0
BlockStat;28; 736; 376;32; 8;Cbf_Cb;0
BlockStat;28; 736; 376;32; 8;Cbf_Cr;0
BlockStat;28; 768; 256; 4;16;Depth;5
BlockStat;28; 768; 256; 4;16;QT_Depth;2
BlockStat;28; 768; 256; 4;16;BT_Depth;4
BlockStat;28; 768; 256; 4;16;MT_Depth;3
BlockStat;28; 768; 256; 4;16;ChromaQPAdj;0
BlockStat;28; 768; 256; 4;16;QP;38
BlockStat;28; 768; 256; 4;16;SplitSeries;5311521
BlockStat;28; 768; 256; 4;16;SkipFlag;0
BlockStat;28; 768; 256; 4;16;PredMode;1
BlockStat;28; 768; 256; 4;16;Luma_IntraMode;39
BlockStat;28; 768; 256; 4;16;Chroma_IntraMode;39
BlockStat;28; 768; 256; 4;16;MultiRefIdx;0
BlockStat;28; 768; 256; 4;16;Cbf_Y;0
BlockStat;28; 768; 256; 4;16;TransformSkipFlag_Y;0
BlockStat;28; 768; 256; 4;16;Cbf_Cb;0
BlockStat;28; 768; 256; 4;16;Cbf_Cr;0
BlockStat;28; 772; 256; 8;16;Depth;5
BlockStat;28; 772; 256; 8;16;QT_Depth;2
BlockStat;28; 772; 256; 8;16;BT_Depth;3
BlockStat;28; 772; 256; 8;16;MT_Depth;3
BlockStat;28; 772; 256; 8;16;ChromaQPAdj;0
BlockStat;28; 772; 256; 8;16;QP;38
BlockStat;28; 772; 256; 8;16;SplitSeries;5311521
BlockStat;28; 772; 256; 8;16;SkipFlag;0
BlockStat;28; 772; 256; 8;16;PredMode;1
BlockStat;28; 772; 256; 8;16;Luma_IntraMode;39
BlockStat;28; 772; 256; 8;16;Chroma_IntraMode;39
BlockStat;28; 772; 256; 8;16;MultiRefIdx;0
BlockStat;28; 772; 256; 8;16;Cbf_Y;0
BlockStat;28; 772; 256; 8;16;TransformSkipFlag_Y;0
BlockStat;28; 772; 256; 8;16;Cbf_Cb;0
BlockStat;28; 772; 256; 8;16;Cbf_Cr;0
BlockStat;28; 780; 256; 4;16;Depth;5
BlockStat;28; 780; 256; 4;16;QT_Depth;2
BlockStat;28; 780; 256; 4;16;BT_Depth;4
BlockStat;28; 780; 256; 4;16;MT_Depth;3
BlockStat;28; 780; 256; 4;16;ChromaQPAdj;0
BlockStat;28; 780; 256; 4;16;QP;38
BlockStat;28; 780; 256; 4;16;SplitSeries;5311521
BlockStat;28; 780; 256; 4;16;SkipFlag;0
BlockStat;28; 780; 256; 4;16;PredMode;1
BlockStat;28; 780; 256; 4;16;Luma_IntraMode;0
BlockStat;28; 780; 256; 4;16;Chroma_IntraMode;0
BlockStat;28; 780; 256; 4;16;MultiRefIdx;0
BlockStat;28; 780; 256; 4;16;Cbf_Y;1
BlockStat;28; 780; 256; 4;16;TransformSkipFlag_Y;0
BlockStat;28; 780; 256; 4;16;Cbf_Cb;0
BlockStat;28; 780; 256; 4;16;Cbf_Cr;0
BlockStat;28; 768; 272;16;16;Depth;4
BlockStat;28; 768; 272;16;16;QT_Depth;2
BlockStat;28; 768; 272;16;16;BT_Depth;2
BlockStat;28; 768; 272;16;16;MT_Depth;2
BlockStat;28; 768; 272;16;16;ChromaQPAdj;0
BlockStat;28; 768; 272;16;16;QP;38
BlockStat;28; 768; 272;16;16;SplitSeries;68641
BlockStat;28; 768; 272;16;16;SkipFlag;0
BlockStat;28; 768; 272;16;16;PredMode;1
BlockStat;28; 768; 272;16;16;Luma_IntraMode;39
BlockStat;28; 768; 272;16;16;Chroma_IntraMode;39
BlockStat;28; 768; 272;16;16;MultiRefIdx;0
BlockStat;28; 768; 272;16;16;Cbf_Y;1
BlockStat;28; 768; 272;16;16;TransformSkipFlag_Y;0
BlockStat;28; 768; 272;16;16;Cbf_Cb;0
BlockStat;28; 768; 272;16;16;Cbf_Cr;0
BlockStat;28; 784; 256; 4;32;Depth;5
BlockStat;28; 784; 256; 4;32;QT_Depth;2
BlockStat;28; 784; 256; 4;32;BT_Depth;3
BlockStat;28; 784; 256; 4;32;MT_Depth;3
BlockStat;28; 784; 256; 4;32;ChromaQPAdj;0
BlockStat;28; 784; 256; 4;32;QP;38
BlockStat;28; 784; 256; 4;32;SplitSeries;3247137
BlockStat;28; 784; 256; 4;32;SkipFlag;0
BlockStat;28; 784; 256; 4;32;PredMode;0
BlockStat;28; 784; 256; 4;32;MergeFlag;1
BlockStat;28; 784; 256; 4;32;MergeIdx;51
BlockStat;28; 784; 256; 4;32;MergeType;0
BlockStat;28; 784; 256; 4;32;MMVDMergeFlag;1
BlockStat;28; 784; 256; 4;32;MMVDMergeIdx;51
BlockStat;28; 784; 256; 4;32;MVPIdxL0;255
BlockStat;28; 784; 256; 4;32;RefIdxL0;0
BlockStat;28; 784; 256; 4;32;MVDL0;   0;   0
BlockStat;28; 784; 256; 4;32;MVL0;  19;   8
BlockStat;28; 784; 256; 4; 8;Cbf_Y;2
BlockStat;28; 784; 256; 4; 8;TransformSkipFlag_Y;0
BlockStat;28; 784; 256; 4; 8;Cbf_Cb;0
BlockStat;28; 784; 256; 4; 8;Cbf_Cr;0
BlockStat;28; 784; 264; 4;24;Cbf_Y;0
BlockStat;28; 784; 264; 4;24;TransformSkipFlag_Y;0
BlockStat;28; 784; 264; 4;24;Cbf_Cb;0
BlockStat;28; 784; 264; 4;24;Cbf_Cr;0
BlockStat;28; 788; 256; 4;32;Depth;5
BlockStat;28; 788; 256; 4;32;QT_Depth;2
BlockStat;28; 788; 256; 4;32;BT_Depth;3
BlockStat;28; 788; 256; 4;32;MT_Depth;3
BlockStat;28; 788; 256; 4;32;ChromaQPAdj;0
BlockStat;28; 788; 256; 4;32;QP;38
BlockStat;28; 788; 256; 4;32;SplitSeries;3247137
BlockStat;28; 788; 256; 4;32;SkipFlag;0
BlockStat;28; 788; 256; 4;32;PredMode;0
BlockStat;28; 788; 256; 4;32;MergeFlag;0
BlockStat;28; 788; 256; 4;32;InterDir;1
BlockStat;28; 788; 256; 4;32;MVPIdxL0;0
BlockStat;28; 788; 256; 4;32;RefIdxL0;0
BlockStat;28; 788; 256; 4;32;MVDL0;  -8; -12
BlockStat;28; 788; 256; 4;32;MVL0;  12;  -4
BlockStat;28; 788; 256; 4;32;IMVMode;1
BlockStat;28; 788; 256; 4;32;RootCbf;1
BlockStat;28; 788; 256; 4; 8;Cbf_Y;2
BlockStat;28; 788; 256; 4; 8;TransformSkipFlag_Y;0
BlockStat;28; 788; 256; 4; 8;Cbf_Cb;0
BlockStat;28; 788; 256; 4; 8;Cbf_Cr;0
BlockStat;28; 788; 264; 4;24;Cbf_Y;0
BlockStat;28; 788; 264; 4;24;TransformSkipFlag_Y;0
BlockStat;28; 788; 264; 4;24;Cbf_Cb;0
BlockStat;28; 788; 264; 4;24;Cbf_Cr;0
BlockStat;28; 792; 256; 8; 8;Depth;5
BlockStat;28; 792; 256; 8; 8;QT_Depth;2
BlockStat;28; 792; 256; 8; 8;BT_Depth;4
BlockStat;28; 792; 256; 8; 8;MT_Depth;3
BlockStat;28; 792; 256; 8; 8;ChromaQPAdj;0
BlockStat;28; 792; 256; 8; 8;QP;38
BlockStat;28; 792; 256; 8; 8;SplitSeries;4295713
BlockStat;28; 792; 256; 8; 8;SkipFlag;1
BlockStat;28; 792; 256; 8; 8;MMVDSkipFlag;0
BlockStat;28; 792; 256; 8; 8;PredMode;0
BlockStat;28; 792; 256; 8; 8;MergeIdx;39
BlockStat;28; 792; 256; 8; 8;MergeType;0
BlockStat;28; 792; 256; 8; 8;MMVDMergeFlag;1
BlockStat;28; 792; 256; 8; 8;MMVDMergeIdx;39
BlockStat;28; 792; 256; 8; 8;MVPIdxL0;255
BlockStat;28; 792; 256; 8; 8;RefIdxL0;0
BlockStat;28; 792; 256; 8; 8;MVDL0;   0;   0
BlockStat;28; 792; 256; 8; 8;MVL0; -18;  23
BlockStat;28; 792; 264; 8;16;Depth;5
BlockStat;28; 792; 264; 8;16;QT_Depth;2
BlockStat;28; 792; 264; 8;16;BT_Depth;3
BlockStat;28; 792; 264; 8;16;MT_Depth;3
BlockStat;28; 792; 264; 8;16;ChromaQPAdj;0
BlockStat;28; 792; 264; 8;16;QP;38
BlockStat;28; 792; 264; 8;16;SplitSeries;4295713
BlockStat;28; 792; 264; 8;16;SkipFlag;0
BlockStat;28; 792; 264; 8;16;PredMode;1
BlockStat;28; 792; 264; 8;16;Luma_IntraMode;0
BlockStat;28; 792; 264; 8;16;Chroma_IntraMode;0
BlockStat;28; 792; 264; 8;16;MultiRefIdx;0
BlockStat;28; 792; 264; 8;16;Cbf_Y;1
BlockStat;28; 792; 264; 8;16;TransformSkipFlag_Y;0
BlockStat;28; 792; 264; 8;16;Cbf_Cb;0
BlockStat;28; 792; 264; 8;16;Cbf_Cr;0
BlockStat;28; 792; 280; 8; 8;Depth;5
BlockStat;28; 792; 280; 8; 8;QT_Depth;2
BlockStat;28; 792; 280; 8; 8;BT_Depth;4
BlockStat;28; 792; 280; 8; 8;MT_Depth;3
BlockStat;28; 792; 280; 8; 8;ChromaQPAdj;0
BlockStat;28; 792; 280; 8; 8;QP;38
BlockStat;28; 792; 280; 8; 8;SplitSeries;4295713
BlockStat;28; 792; 280; 8; 8;SkipFlag;0
BlockStat;28; 792; 280; 8; 8;PredMode;1
BlockStat;28; 792; 280; 8; 8;Luma_IntraMode;36
BlockStat;28; 792; 280; 8; 8;Chroma_IntraMode;36
BlockStat;28; 792; 280; 8; 8;MultiRefIdx;0
BlockStat;28; 792; 280; 2; 8;Cbf_Y;0
BlockStat;28; 792; 280; 2; 8;TransformSkipFlag_Y;0
BlockStat;28;   0;   0; 0; 0;Cbf_Cb;0
BlockStat;28;   0;   0; 0; 0;Cbf_Cr;0
BlockStat;28; 794; 280; 2; 8;Cbf_Y;0
BlockStat;28; 794; 280; 2; 8;TransformSkipFlag_Y;0
BlockStat;28;   0;   0; 0; 0;Cbf_Cb;0
BlockStat;28;   0;   0; 0; 0;Cbf_Cr;0
BlockStat;28; 796; 280; 2; 8;Cbf_Y;0
BlockStat;28; 796; 280; 2; 8;TransformSkipFlag_Y;0
BlockStat;28;   0;   0; 0; 0;Cbf_Cb;0
BlockStat;28;   0;   0; 0; 0;Cbf_Cr;0
BlockStat;28; 798; 280; 2; 8;Cbf_Y;2
BlockStat;28; 798; 280; 2; 8;TransformSkipFlag_Y;0
BlockStat;28; 792; 280; 8; 8;Cbf_Cb;0
BlockStat;28; 792; 280; 8; 8;Cbf_Cr;0
BlockStat;28; 800; 256;16; 8;Depth;4
BlockStat;28; 800; 256;16; 8;QT_Depth;2
BlockStat;28; 800; 256;16; 8;BT_Depth;3
BlockStat;28; 800; 256;16; 8;MT_Depth;2
BlockStat;28; 800; 256;16; 8;ChromaQPAdj;0
BlockStat;28; 800; 256;16; 8;QP;38
BlockStat;28; 800; 256;16; 8;SplitSeries;134177
BlockStat;28; 800; 256;16; 8;SkipFlag;1
BlockStat;28; 800; 256;16; 8;MMVDSkipFlag;0
BlockStat;28; 800; 256;16; 8;PredMode;0
BlockStat;28; 800; 256;16; 8;MergeIdx;0
BlockStat;28; 800; 256;16; 8;MergeType;0
BlockStat;28; 800; 256;16; 8;MMVDMergeFlag;0
BlockStat;28; 800; 256;16; 8;AffineFlag;1
BlockStat;28; 800; 256;16; 8;MVPIdxL0;0
BlockStat;28; 800; 256;16; 8;RefIdxL0;0
BlockStat;28; 800; 256;16; 8;AffineMVL0; -18;  25; -18;  25; -18;  25
BlockStat;28; 800; 264;16;16;Depth;4
BlockStat;28; 800; 264;16;16;QT_Depth;2
BlockStat;28; 800; 264;16;16;BT_Depth;2
BlockStat;28; 800; 264;16;16;MT_Depth;2
BlockStat;28; 800; 264;16;16;ChromaQPAdj;0
BlockStat;28; 800; 264;16;16;QP;38
BlockStat;28; 800; 264;16;16;SplitSeries;134177
BlockStat;28; 800; 264;16;16;SkipFlag;1
BlockStat;28; 800; 264;16;16;MMVDSkipFlag;0
BlockStat;28; 800; 264;16;16;PredMode;0
BlockStat;28; 800; 264;16;16;MergeIdx;0
BlockStat;28; 800; 264;16;16;MergeType;0
BlockStat;28; 800; 264;16;16;MMVDMergeFlag;0
BlockStat;28; 800; 264;16;16;AffineFlag;1
BlockStat;28; 800; 264;16;16;MVPIdxL0;0
BlockStat;28; 800; 264;16;16;RefIdxL0;0
BlockStat;28; 800; 264;16;16;AffineMVL0; -18;  25; -18;  25; -17;  25
BlockStat;28; 800; 280;16; 8;Depth;4
BlockStat;28; 800; 280;16; 8;QT_Depth;2
BlockStat;28; 800; 280;16; 8;BT_Depth;3
BlockStat;28; 800; 280;16; 8;MT_Depth;2
BlockStat;28; 800; 280;16; 8;ChromaQPAdj;0
BlockStat;28; 800; 280;16; 8;QP;38
BlockStat;28; 800; 280;16; 8;SplitSeries;134177
BlockStat;28; 800; 280;16; 8;SkipFlag;0
BlockStat;28; 800; 280;16; 8;PredMode;0
BlockStat;28; 800; 280;16; 8;MergeFlag;1
BlockStat;28; 800; 280;16; 8;MergeIdx;0
BlockStat;28; 800; 280;16; 8;MergeType;0
BlockStat;28; 800; 280;16; 8;MMVDMergeFlag;0
BlockStat;28; 800; 280;16; 8;AffineFlag;0
BlockStat;28; 800; 280;16; 8;MHIntraFlag;1
BlockStat;28; 800; 280;16; 8;Luma_IntraMode;0
BlockStat;28; 800; 280;16; 8;Chroma_IntraMode;70
BlockStat;28; 800; 280;16; 8;MVPIdxL0;255
BlockStat;28; 800; 280;16; 8;RefIdxL0;0
BlockStat;28; 800; 280;16; 8;MVDL0;   0;   0
BlockStat;28; 800; 280;16; 8;MVL0; -17;  25
BlockStat;28; 800; 280;16; 8;Cbf_Y;1
BlockStat;28; 800; 280;16; 8;TransformSkipFlag_Y;0
BlockStat;28; 800; 280;16; 8;Cbf_Cb;0
BlockStat;28; 800; 280;16; 8;Cbf_Cr;0
BlockStat;28; 816; 256;16;32;Depth;3
BlockStat;28; 816; 256;16;32;QT_Depth;2
BlockStat;28; 816; 256;16;32;BT_Depth;1
BlockStat;28; 816; 256;16;32;MT_Depth;1
BlockStat;28; 816; 256;16;32;ChromaQPAdj;0
BlockStat;28; 816; 256;16;32;QP;38
BlockStat;28; 816; 256;16;32;SplitSeries;3105
BlockStat;28; 816; 256;16;32;SkipFlag;1
BlockStat;28; 816; 256;16;32;MMVDSkipFlag;0
BlockStat;28; 816; 256;16;32;PredMode;0
BlockStat;28; 816; 256;16;32;MergeIdx;0
BlockStat;28; 816; 256;16;32;MergeType;0
BlockStat;28; 816; 256;16;32;MMVDMergeFlag;0
BlockStat;28; 816; 256;16;32;AffineFlag;0
BlockStat;28; 816; 256;16;32;MVPIdxL0;255
BlockStat;28; 816; 256;16;32;RefIdxL0;0
BlockStat;28; 816; 256;16;32;MVDL0;   0;   0
BlockStat;28; 816; 256;16;32;MVL0; -17;  25
BlockStat;28; 768; 288;16;32;Depth;3
BlockStat;28; 768; 288;16;32;QT_Depth;2
BlockStat;28; 768; 288;16;32;BT_Depth;1
BlockStat;28; 768; 288;16;32;MT_Depth;1
BlockStat;28; 768; 288;16;32;ChromaQPAdj;0
BlockStat;28; 768; 288;16;32;QP;38
BlockStat;28; 768; 288;16;32;SplitSeries;3105
BlockStat;28; 768; 288;16;32;SkipFlag;0
BlockStat;28; 768; 288;16;32;PredMode;1
BlockStat;28; 768; 288;16;32;Luma_IntraMode;4
BlockStat;28; 768; 288;16;32;Chroma_IntraMode;50
BlockStat;28; 768; 288;16;32;MultiRefIdx;0
BlockStat;28; 768; 288;16;32;Cbf_Y;1
BlockStat;28; 768; 288;16;32;TransformSkipFlag_Y;2
BlockStat;28; 768; 288;16;32;Cbf_Cb;0
BlockStat;28; 768; 288;16;32;Cbf_Cr;0
BlockStat;28; 784; 288;16;32;Depth;3
BlockStat;28; 784; 288;16;32;QT_Depth;2
BlockStat;28; 784; 288;16;32;BT_Depth;1
BlockStat;28; 784; 288;16;32;MT_Depth;1
BlockStat;28; 784; 288;16;32;ChromaQPAdj;0
BlockStat;28; 784; 288;16;32;QP;38
BlockStat;28; 784; 288;16;32;SplitSeries;3105
BlockStat;28; 784; 288;16;32;SkipFlag;0
BlockStat;28; 784; 288;16;32;PredMode;0
BlockStat;28; 784; 288;16;32;MergeFlag;0
BlockStat;28; 784; 288;16;32;InterDir;1
BlockStat;28; 784; 288;16;32;AffineFlag;0
BlockStat;28; 784; 288;16;32;MVPIdxL0;0
BlockStat;28; 784; 288;16;32;RefIdxL0;0
BlockStat;28; 784; 288;16;32;MVDL0;  12; -44
BlockStat;28; 784; 288;16;32;MVL0;  -4; -20
BlockStat;28; 784; 288;16;32;IMVMode;1
BlockStat;28; 784; 288;16;32;RootCbf;1
BlockStat;28; 784; 288;16;32;Cbf_Y;1
BlockStat;28; 784; 288;16;32;TransformSkipFlag_Y;0
BlockStat;28; 784; 288;16;32;Cbf_Cb;0
BlockStat;28; 784; 288;16;32;Cbf_Cr;0
BlockStat;28; 800; 288; 4; 8;Depth;5
BlockStat;28; 800; 288; 4; 8;QT_Depth;2
BlockStat;28; 800; 288; 4; 8;BT_Depth;5
BlockStat;28; 800; 288; 4; 8;MT_Depth;3
BlockStat;28; 800; 288; 4; 8;ChromaQPAdj;0
BlockStat;28; 800; 288; 4; 8;QP;38
BlockStat;28; 800; 288; 4; 8;SplitSeries;3281953
BlockStat;28; 800; 288; 4; 8;SkipFlag;0
BlockStat;28; 800; 288; 4; 8;PredMode;0
BlockStat;28; 800; 288; 4; 8;MergeFlag;1
BlockStat;28; 800; 288; 4; 8;MergeIdx;18
BlockStat;28; 800; 288; 4; 8;MergeType;0
BlockStat;28; 800; 288; 4; 8;MMVDMergeFlag;1
BlockStat;28; 800; 288; 4; 8;MMVDMergeIdx;18
BlockStat;28; 800; 288; 4; 8;MVPIdxL0;255
BlockStat;28; 800; 288; 4; 8;RefIdxL0;0
BlockStat;28; 800; 288; 4; 8;MVDL0;   0;   0
BlockStat;28; 800; 288; 4; 8;MVL0;  -4;  -4
BlockStat;28; 800; 288; 4; 4;Cbf_Y;2
BlockStat;28; 800; 288; 4; 4;TransformSkipFlag_Y;0
BlockStat;28; 800; 288; 4; 4;Cbf_Cb;0
BlockStat;28; 800; 288; 4; 4;Cbf_Cr;0
BlockStat;28; 800; 292; 4; 4;Cbf_Y;0
BlockStat;28; 800; 292; 4; 4;TransformSkipFlag_Y;0
BlockStat;28; 800; 292; 4; 4;Cbf_Cb;0
BlockStat;28; 800; 292; 4; 4;Cbf_Cr;0
BlockStat;28; 804; 288; 4; 8;Depth;5
BlockStat;28; 804; 288; 4; 8;QT_Depth;2
BlockStat;28; 804; 288; 4; 8;BT_Depth;5
BlockStat;28; 804; 288; 4; 8;MT_Depth;3
BlockStat;28; 804; 288; 4; 8;ChromaQPAdj;0
BlockStat;28; 804; 288; 4; 8;QP;38
BlockStat;28; 804; 288; 4; 8;SplitSeries;3281953
BlockStat;28; 804; 288; 4; 8;SkipFlag;1
BlockStat;28; 804; 288; 4; 8;MMVDSkipFlag;0
BlockStat;28; 804; 288; 4; 8;PredMode;0
BlockStat;28; 804; 288; 4; 8;MergeIdx;1
BlockStat;28; 804; 288; 4; 8;MergeType;0
BlockStat;28; 804; 288; 4; 8;MMVDMergeFlag;0
BlockStat;28; 804; 288; 4; 8;MVPIdxL0;255
BlockStat;28; 804; 288; 4; 8;RefIdxL0;0
BlockStat;28; 804; 288; 4; 8;MVDL0;   0;   0
BlockStat;28; 804; 288; 4; 8;MVL0; -17;  25
BlockStat;28; 800; 296; 8; 4;Depth;5
BlockStat;28; 800; 296; 8; 4;QT_Depth;2
BlockStat;28; 800; 296; 8; 4;BT_Depth;5
BlockStat;28; 800; 296; 8; 4;MT_Depth;3
BlockStat;28; 800; 296; 8; 4;ChromaQPAdj;0
BlockStat;28; 800; 296; 8; 4;QP;38
BlockStat;28; 800; 296; 8; 4;SplitSeries;4330529
BlockStat;28; 800; 296; 8; 4;SkipFlag;0
BlockStat;28; 800; 296; 8; 4;PredMode;1
BlockStat;28; 800; 296; 8; 4;Luma_IntraMode;0
BlockStat;28; 800; 296; 8; 4;MultiRefIdx;0
BlockStat;28; 800; 296; 8; 4;Cbf_Y;1
BlockStat;28; 800; 296; 8; 4;TransformSkipFlag_Y;2
BlockStat;28; 800; 300; 8; 8;Depth;5
BlockStat;28; 800; 300; 8; 8;QT_Depth;2
BlockStat;28; 800; 300; 8; 8;BT_Depth;4
BlockStat;28; 800; 300; 8; 8;MT_Depth;3
BlockStat;28; 800; 300; 8; 8;ChromaQPAdj;0
BlockStat;28; 800; 300; 8; 8;QP;38
BlockStat;28; 800; 300; 8; 8;SplitSeries;4330529
BlockStat;28; 800; 300; 8; 8;SkipFlag;0
BlockStat;28; 800; 300; 8; 8;PredMode;1
BlockStat;28; 800; 300; 8; 8;Luma_IntraMode;44
BlockStat;28; 800; 300; 8; 8;MultiRefIdx;0
BlockStat;28; 800; 300; 8; 8;Cbf_Y;1
BlockStat;28; 800; 300; 8; 8;TransformSkipFlag_Y;2
BlockStat;28; 800; 308; 8; 4;Depth;5
BlockStat;28; 800; 308; 8; 4;QT_Depth;2
BlockStat;28; 800; 308; 8; 4;BT_Depth;5
BlockStat;28; 800; 308; 8; 4;MT_Depth;3
BlockStat;28; 800; 308; 8; 4;ChromaQPAdj;0
BlockStat;28; 800; 308; 8; 4;QP;38
BlockStat;28; 800; 308; 8; 4;SplitSeries;4330529
BlockStat;28; 800; 308; 8; 4;SkipFlag;0
BlockStat;28; 800; 308; 8; 4;PredMode;1
BlockStat;28; 800; 308; 8; 4;Luma_IntraMode;44
BlockStat;28; 800; 308; 8; 4;MultiRefIdx;3
BlockStat;28; 800; 308; 8; 4;Cbf_Y;0
BlockStat;28; 800; 308; 8; 4;TransformSkipFlag_Y;0
BlockStat;28;   0;   0; 0; 0;Depth;4
BlockStat;28;   0;   0; 0; 0;QT_Depth;2
BlockStat;28;   0;   0; 0; 0;BT_Depth;3
BlockStat;28;   0;   0; 0; 0;MT_Depth;2
BlockStat;28;   0;   0; 0; 0;ChromaQPAdj;0
BlockStat;28;   0;   0; 0; 0;QP;38
BlockStat;28;   0;   0; 0; 0;SplitSeries;136225
BlockStat;28;   0;   0; 0; 0;PredMode;1
BlockStat;28; 800; 296; 8;16;Chroma_IntraMode;44
BlockStat;28; 800; 296; 8;16;Cbf_Cb;0
BlockStat;28; 800; 296; 8;16;Cbf_Cr;0
BlockStat;28; 800; 312; 8; 8;Depth;4
BlockStat;28; 800; 312; 8; 8;QT_Depth;2
BlockStat;28; 800; 312; 8; 8;BT_Depth;4
BlockStat;28; 800; 312; 8; 8;MT_Depth;2
BlockStat;28; 800; 312; 8; 8;ChromaQPAdj;0
BlockStat;28; 800; 312; 8; 8;QP;38
BlockStat;28; 800; 312; 8; 8;SplitSeries;136225
BlockStat;28; 800; 312; 8; 8;SkipFlag;0
BlockStat;28; 800; 312; 8; 8;PredMode;1
BlockStat;28; 800; 312; 8; 8;Luma_IntraMode;45
BlockStat;28; 800; 312; 8; 8;Chroma_IntraMode;45
BlockStat;28; 800; 312; 8; 8;MultiRefIdx;3
BlockStat;28; 800; 312; 8; 8;Cbf_Y;0
BlockStat;28; 800; 312; 8; 8;TransformSkipFlag_Y;0
BlockStat;28; 800; 312; 8; 8;Cbf_Cb;0
BlockStat;28; 800; 312; 8; 8;Cbf_Cr;0
BlockStat;28; 808; 288;16;32;Depth;3
BlockStat;28; 808; 288;16;32;QT_Depth;2
BlockStat;28; 808; 288;16;32;BT_Depth;1
BlockStat;28; 808; 288;16;32;MT_Depth;1
BlockStat;28; 808; 288;16;32;ChromaQPAdj;0
BlockStat;28; 808; 288;16;32;QP;38
BlockStat;28; 808; 288;16;32;SplitSeries;5153
BlockStat;28; 808; 288;16;32;SkipFlag;0
BlockStat;28; 808; 288;16;32;PredMode;0
BlockStat;28; 808; 288;16;32;MergeFlag;1
BlockStat;28; 808; 288;16;32;MergeIdx;1
BlockStat;28; 808; 288;16;32;MergeType;0
BlockStat;28; 808; 288;16;32;MMVDMergeFlag;1
BlockStat;28; 808; 288;16;32;MMVDMergeIdx;1
BlockStat;28; 808; 288;16;32;MVPIdxL0;255
BlockStat;28; 808; 288;16;32;RefIdxL0;0
BlockStat;28; 808; 288;16;32;MVDL0;   0;   0
BlockStat;28; 808; 288;16;32;MVL0; -18;  25
BlockStat;28; 808; 288;16;32;Cbf_Y;1
BlockStat;28; 808; 288;16;32;TransformSkipFlag_Y;0
BlockStat;28; 808; 288;16;32;Cbf_Cb;0
BlockStat;28; 808; 288;16;32;Cbf_Cr;0
BlockStat;28; 824; 288; 8;32;Depth;3
BlockStat;28; 824; 288; 8;32;QT_Depth;2
BlockStat;28; 824; 288; 8;32;BT_Depth;2
BlockStat;28; 824; 288; 8;32;MT_Depth;1
BlockStat;28; 824; 288; 8;32;ChromaQPAdj;0
BlockStat;28; 824; 288; 8;32;QP;38
BlockStat;28; 824; 288; 8;32;SplitSeries;5153
BlockStat;28; 824; 288; 8;32;SkipFlag;1
BlockStat;28; 824; 288; 8;32;MMVDSkipFlag;0
BlockStat;28; 824; 288; 8;32;PredMode;0
BlockStat;28; 824; 288; 8;32;MergeIdx;1
BlockStat;28; 824; 288; 8;32;MergeType;0
BlockStat;28; 824; 288; 8;32;MMVDMergeFlag;0
BlockStat;28; 824; 288; 8;32;AffineFlag;0
BlockStat;28; 824; 288; 8;32;MVPIdxL0;255
BlockStat;28; 824; 288; 8;32;RefIdxL0;0
BlockStat;28; 824; 288; 8;32;MVDL0;   0;   0
BlockStat;28; 824; 288; 8;32;MVL0; -17;  25
BlockStat;28; 768; 320; 8;32;Depth;3
BlockStat;28; 768; 320; 8;32;QT_Depth;2
BlockStat;28; 768; 320; 8;32;BT_Depth;2
BlockStat;28; 768; 320; 8;32;MT_Depth;1
BlockStat;28; 768; 320; 8;32;ChromaQPAdj;0
BlockStat;28; 768; 320; 8;32;QP;38
BlockStat;28; 768; 320; 8;32;SplitSeries;5153
BlockStat;28; 768; 320; 8;32;SkipFlag;0
BlockStat;28; 768; 320; 8;32;PredMode;1
BlockStat;28; 768; 320; 8;32;Luma_IntraMode;4
BlockStat;28; 768; 320; 8;32;Chroma_IntraMode;0
BlockStat;28; 768; 320; 8;32;MultiRefIdx;0
BlockStat;28; 768; 320; 8;32;Cbf_Y;1
BlockStat;28; 768; 320; 8;32;TransformSkipFlag_Y;2
BlockStat;28; 768; 320; 8;32;Cbf_Cb;0
BlockStat;28; 768; 320; 8;32;Cbf_Cr;0
BlockStat;28; 776; 320;16;32;Depth;3
BlockStat;28; 776; 320;16;32;QT_Depth;2
BlockStat;28; 776; 320;16;32;BT_Depth;1
BlockStat;28; 776; 320;16;32;MT_Depth;1
BlockStat;28; 776; 320;16;32;ChromaQPAdj;0
BlockStat;28; 776; 320;16;32;QP;38
BlockStat;28; 776; 320;16;32;SplitSeries;5153
BlockStat;28; 776; 320;16;32;SkipFlag;0
BlockStat;28; 776; 320;16;32;PredMode;1
BlockStat;28; 776; 320;16;32;Luma_IntraMode;56
BlockStat;28; 776; 320;16;32;Chroma_IntraMode;56
BlockStat;28; 776; 320;16;32;MultiRefIdx;0
BlockStat;28; 776; 320;16;32;Cbf_Y;1
BlockStat;28; 776; 320;16;32;TransformSkipFlag_Y;2
BlockStat;28; 776; 320;16;32;Cbf_Cb;0
BlockStat;28; 776; 320;16;32;Cbf_Cr;0
BlockStat;28; 792; 320; 8;32;Depth;3
BlockStat;28; 792; 320; 8;32;QT_Depth;2
BlockStat;28; 792; 320; 8;32;BT_Depth;2
BlockStat;28; 792; 320; 8;32;MT_Depth;1
BlockStat;28; 792; 320; 8;32;ChromaQPAdj;0
BlockStat;28; 792; 320; 8;32;QP;38
BlockStat;28; 792; 320; 8;32;SplitSeries;5153
BlockStat;28; 792; 320; 8;32;SkipFlag;0
BlockStat;28; 792; 320; 8;32;PredMode;1
BlockStat;28; 792; 320; 8;32;Luma_IntraMode;6
BlockStat;28; 792; 320; 8;32;Chroma_IntraMode;0
BlockStat;28; 792; 320; 8;32;MultiRefIdx;0
BlockStat;28; 792; 320; 8;32;Cbf_Y;1
BlockStat;28; 792; 320; 8;32;TransformSkipFlag_Y;0
BlockStat;28; 792; 320; 8;32;Cbf_Cb;0
BlockStat;28; 792; 320; 8;32;Cbf_Cr;0
BlockStat;28; 800; 320; 4;32;Depth;4
BlockStat;28; 800; 320; 4;32;QT_Depth;2
BlockStat;28; 800; 320; 4;32;BT_Depth;3
BlockStat;28; 800; 320; 4;32;MT_Depth;2
BlockStat;28; 800; 320; 4;32;ChromaQPAdj;0
BlockStat;28; 800; 320; 4;32;QP;38
BlockStat;28; 800; 320; 4;32;SplitSeries;103457
BlockStat;28; 800; 320; 4;32;SkipFlag;0
BlockStat;28; 800; 320; 4;32;PredMode;0
BlockStat;28; 800; 320; 4;32;MergeFlag;0
BlockStat;28; 800; 320; 4;32;InterDir;1
BlockStat;28; 800; 320; 4;32;MVPIdxL0;1
BlockStat;28; 800; 320; 4;32;RefIdxL0;0
BlockStat;28; 800; 320; 4;32;MVDL0;  22;   4
BlockStat;28; 800; 320; 4;32;MVL0;   4;  26
BlockStat;28; 800; 320; 4;32;IMVMode;3
BlockStat;28; 800; 320; 4;32;RootCbf;0
BlockStat;28; 804; 320; 4; 8;Depth;5
BlockStat;28; 804; 320; 4; 8;QT_Depth;2
BlockStat;28; 804; 320; 4; 8;BT_Depth;5
BlockStat;28; 804; 320; 4; 8;MT_Depth;3
BlockStat;28; 804; 320; 4; 8;ChromaQPAdj;0
BlockStat;28; 804; 320; 4; 8;QP;38
BlockStat;28; 804; 320; 4; 8;SplitSeries;4297761
BlockStat;28; 804; 320; 4; 8;SkipFlag;0
BlockStat;28; 804; 320; 4; 8;PredMode;1
BlockStat;28; 804; 320; 4; 8;Luma_IntraMode;45
BlockStat;28; 804; 320; 4; 8;MultiRefIdx;0
BlockStat;28; 804; 320; 4; 8;Cbf_Y;1
BlockStat;28; 804; 320; 4; 8;TransformSkipFlag_Y;0
BlockStat;28; 804; 328; 4;16;Depth;5
BlockStat;28; 804; 328; 4;16;QT_Depth;2
BlockStat;28; 804; 328; 4;16;BT_Depth;4
BlockStat;28; 804; 328; 4;16;MT_Depth;3
BlockStat;28; 804; 328; 4;16;ChromaQPAdj;0
BlockStat;28; 804; 328; 4;16;QP;38
BlockStat;28; 804; 328; 4;16;SplitSeries;4297761
BlockStat;28; 804; 328; 4;16;SkipFlag;0
BlockStat;28; 804; 328; 4;16;PredMode;1
BlockStat;28; 804; 328; 4;16;Luma_IntraMode;0
BlockStat;28; 804; 328; 4;16;MultiRefIdx;0
BlockStat;28; 804; 328; 4; 4;Cbf_Y;0
BlockStat;28; 804; 328; 4; 4;TransformSkipFlag_Y;0
BlockStat;28; 804; 332; 4; 4;Cbf_Y;2
BlockStat;28; 804; 332; 4; 4;TransformSkipFlag_Y;0
BlockStat;28; 804; 336; 4; 4;Cbf_Y;2
BlockStat;28; 804; 336; 4; 4;TransformSkipFlag_Y;0
BlockStat;28; 804; 340; 4; 4;Cbf_Y;2
BlockStat;28; 804; 340; 4; 4;TransformSkipFlag_Y;0
BlockStat;28; 804; 344; 4; 8;Depth;5
BlockStat;28; 804; 344; 4; 8;QT_Depth;2
BlockStat;28; 804; 344; 4; 8;BT_Depth;5
BlockStat;28; 804; 344; 4; 8;MT_Depth;3
BlockStat;28; 804; 344; 4; 8;ChromaQPAdj;0
BlockStat;28; 804; 344; 4; 8;QP;38
BlockStat;28; 804; 344; 4; 8;SplitSeries;4297761
BlockStat;28; 804; 344; 4; 8;SkipFlag;0
BlockStat;28; 804; 344; 4; 8;PredMode;1
BlockStat;28; 804; 344; 4; 8;Luma_IntraMode;2
BlockStat;28; 804; 344; 4; 8;MultiRefIdx;0
BlockStat;28; 804; 344; 4; 8;Cbf_Y;0
BlockStat;28; 804; 344; 4; 8;TransformSkipFlag_Y;0
BlockStat;28;   0;   0; 0; 0;Depth;4
BlockStat;28;   0;   0; 0; 0;QT_Depth;2
BlockStat;28;   0;   0; 0; 0;BT_Depth;3
BlockStat;28;   0;   0; 0; 0;MT_Depth;2
BlockStat;28;   0;   0; 0; 0;ChromaQPAdj;0
BlockStat;28;   0;   0; 0; 0;QP;38
BlockStat;28;   0;   0; 0; 0;SplitSeries;103457
BlockStat;28;   0;   0; 0; 0;PredMode;1
BlockStat;28; 804; 320; 4;32;Chroma_IntraMode;50
BlockStat;28; 804; 320; 4;32;Cbf_Cb;0
BlockStat;28; 804; 320; 4;32;Cbf_Cr;0
BlockStat;28; 808; 320; 4;16;Depth;5
BlockStat;28; 808; 320; 4;16;QT_Depth;2
BlockStat;28; 808; 320; 4;16;BT_Depth;4
BlockStat;28; 808; 320; 4;16;MT_Depth;3
BlockStat;28; 808; 320; 4;16;ChromaQPAdj;0
BlockStat;28; 808; 320; 4;16;QP;38
BlockStat;28; 808; 320; 4;16;SplitSeries;2266145
BlockStat;28; 808; 320; 4;16;SkipFlag;0
BlockStat;28; 808; 320; 4;16;PredMode;0
BlockStat;28; 808; 320; 4;16;MergeFlag;1
BlockStat;28; 808; 320; 4;16;MergeIdx;2
BlockStat;28; 808; 320; 4;16;MergeType;0
BlockStat;28; 808; 320; 4;16;MMVDMergeFlag;0
BlockStat;28; 808; 320; 4;16;MHIntraFlag;0
BlockStat;28; 808; 320; 4;16;MVPIdxL0;255
BlockStat;28; 808; 320; 4;16;RefIdxL0;0
BlockStat;28; 808; 320; 4;16;MVDL0;   0;   0
BlockStat;28; 808; 320; 4;16;MVL0; -17;  25
BlockStat;28; 808; 320; 4;16;Cbf_Y;1
BlockStat;28; 808; 320; 4;16;TransformSkipFlag_Y;0
BlockStat;28; 808; 320; 4;16;Cbf_Cb;0
BlockStat;28; 808; 320; 4;16;Cbf_Cr;0
BlockStat;28; 808; 336; 4;16;Depth;5
BlockStat;28; 808; 336; 4;16;QT_Depth;2
BlockStat;28; 808; 336; 4;16;BT_Depth;4
BlockStat;28; 808; 336; 4;16;MT_Depth;3
BlockStat;28; 808; 336; 4;16;ChromaQPAdj;0
BlockStat;28; 808; 336; 4;16;QP;38
BlockStat;28; 808; 336; 4;16;SplitSeries;2266145
BlockStat;28; 808; 336; 4;16;SkipFlag;1
BlockStat;28; 808; 336; 4;16;MMVDSkipFlag;0
BlockStat;28; 808; 336; 4;16;PredMode;0
BlockStat;28; 808; 336; 4;16;MergeIdx;0
BlockStat;28; 808; 336; 4;16;MergeType;0
BlockStat;28; 808; 336; 4;16;MMVDMergeFlag;0
BlockStat;28; 808; 336; 4;16;MVPIdxL0;255
BlockStat;28; 808; 336; 4;16;RefIdxL0;0
BlockStat: POC 28 @( 808, 336) [ 4x16] TrianglePartitioning={   0,  16,   4,   0}
BlockStat;28; 812; 320; 8;32;Depth;4
BlockStat;28; 812; 320; 8;32;QT_Depth;2
BlockStat;28; 812; 320; 8;32;BT_Depth;2
BlockStat;28; 812; 320; 8;32;MT_Depth;2
BlockStat;28; 812; 320; 8;32;ChromaQPAdj;0
BlockStat;28; 812; 320; 8;32;QP;38
BlockStat;28; 812; 320; 8;32;SplitSeries;168993
BlockStat;28; 812; 320; 8;32;SkipFlag;1
BlockStat;28; 812; 320; 8;32;MMVDSkipFlag;0
BlockStat;28; 812; 320; 8;32;PredMode;0
BlockStat;28; 812; 320; 8;32;MergeIdx;1
BlockStat;28; 812; 320; 8;32;MergeType;0
BlockStat;28; 812; 320; 8;32;MMVDMergeFlag;0
BlockStat;28; 812; 320; 8;32;AffineFlag;0
BlockStat;28; 812; 320; 8;32;MVPIdxL0;255
BlockStat;28; 812; 320; 8;32;RefIdxL0;0
BlockStat: POC 28 @( 812, 320) [ 8x32] TrianglePartitioning={   0,   0,   8,  32}
BlockStat: POC 28 @[(812, 320)--(820, 320)--(820, 352)--] TriangleMVL0={ -17,  25}
BlockStat: POC 28 @[(812, 320)--(812, 352)--(820, 352)--] TriangleMVL0={ -18,  25}
BlockStat;28; 820; 320; 4;32;Depth;4
BlockStat;28; 820; 320; 4;32;QT_Depth;2
BlockStat;28; 820; 320; 4;32;BT_Depth;3
BlockStat;28; 820; 320; 4;32;MT_Depth;2
BlockStat;28; 820; 320; 4;32;ChromaQPAdj;0
BlockStat;28; 820; 320; 4;32;QP;38
BlockStat;28; 820; 320; 4;32;SplitSeries;168993
BlockStat;28; 820; 320; 4;32;SkipFlag;1
BlockStat;28; 820; 320; 4;32;MMVDSkipFlag;0
BlockStat;28; 820; 320; 4;32;PredMode;0
BlockStat;28; 820; 320; 4;32;MergeIdx;1
BlockStat;28; 820; 320; 4;32;MergeType;0
BlockStat;28; 820; 320; 4;32;MMVDMergeFlag;0
BlockStat;28; 820; 320; 4;32;MVPIdxL0;255
BlockStat;28; 820; 320; 4;32;RefIdxL0;0
BlockStat: POC 28 @( 820, 320) [ 4x32] TrianglePartitioning={   0,  32,   4,   0}
BlockStat;28; 824; 320; 8;32;Depth;3
BlockStat;28; 824; 320; 8;32;QT_Depth;2
BlockStat;28; 824; 320; 8;32;BT_Depth;2
BlockStat;28; 824; 320; 8;32;MT_Depth;1
BlockStat;28; 824; 320; 8;32;ChromaQPAdj;0
BlockStat;28; 824; 320; 8;32;QP;38
BlockStat;28; 824; 320; 8;32;SplitSeries;5153
BlockStat;28; 824; 320; 8;32;SkipFlag;1
BlockStat;28; 824; 320; 8;32;MMVDSkipFlag;0
BlockStat;28; 824; 320; 8;32;PredMode;0
BlockStat;28; 824; 320; 8;32;MergeIdx;0
BlockStat;28; 824; 320; 8;32;MergeType;0
BlockStat;28; 824; 320; 8;32;MMVDMergeFlag;0
BlockStat;28; 824; 320; 8;32;AffineFlag;0
BlockStat;28; 824; 320; 8;32;MVPIdxL0;255
BlockStat;28; 824; 320; 8;32;RefIdxL0;0
BlockStat;28; 824; 320; 8;32;MVDL0;   0;   0
BlockStat;28; 824; 320; 8;32;MVL0; -17;  25
BlockStat;28; 768; 352; 8;32;Depth;3
BlockStat;28; 768; 352; 8;32;QT_Depth;2
BlockStat;28; 768; 352; 8;32;BT_Depth;2
BlockStat;28; 768; 352; 8;32;MT_Depth;1
BlockStat;28; 768; 352; 8;32;ChromaQPAdj;0
BlockStat;28; 768; 352; 8;32;QP;38
BlockStat;28; 768; 352; 8;32;SplitSeries;5153
BlockStat;28; 768; 352; 8;32;SkipFlag;0
BlockStat;28; 768; 352; 8;32;PredMode;0
BlockStat;28; 768; 352; 8;32;MergeFlag;0
BlockStat;28; 768; 352; 8;32;InterDir;1
BlockStat;28; 768; 352; 8;32;MVPIdxL0;1
BlockStat;28; 768; 352; 8;32;RefIdxL0;0
BlockStat;28; 768; 352; 8;32;MVDL0;  -8;  -4
BlockStat;28; 768; 352; 8;32;MVL0;  28;  16
BlockStat;28; 768; 352; 8;32;IMVMode;1
BlockStat;28; 768; 352; 8;32;RootCbf;1
BlockStat;28; 768; 352; 8;32;Cbf_Y;1
BlockStat;28; 768; 352; 8;32;TransformSkipFlag_Y;0
BlockStat;28; 768; 352; 8;32;Cbf_Cb;0
BlockStat;28; 768; 352; 8;32;Cbf_Cr;0
BlockStat;28; 776; 352;16;32;Depth;3
BlockStat;28; 776; 352;16;32;QT_Depth;2
BlockStat;28; 776; 352;16;32;BT_Depth;1
BlockStat;28; 776; 352;16;32;MT_Depth;1
BlockStat;28; 776; 352;16;32;ChromaQPAdj;0
BlockStat;28; 776; 352;16;32;QP;38
BlockStat;28; 776; 352;16;32;SplitSeries;5153
BlockStat;28; 776; 352;16;32;SkipFlag;0
BlockStat;28; 776; 352;16;32;PredMode;1
BlockStat;28; 776; 352;16;32;Luma_IntraMode;0
BlockStat;28; 776; 352;16;32;Chroma_IntraMode;0
BlockStat;28; 776; 352;16;32;MultiRefIdx;0
BlockStat;28; 776; 352;16;32;Cbf_Y;0
BlockStat;28; 776; 352;16;32;TransformSkipFlag_Y;0
BlockStat;28; 776; 352;16;32;Cbf_Cb;0
BlockStat;28; 776; 352;16;32;Cbf_Cr;0
BlockStat;28; 792; 352; 8;32;Depth;3
BlockStat;28; 792; 352; 8;32;QT_Depth;2
BlockStat;28; 792; 352; 8;32;BT_Depth;2
BlockStat;28; 792; 352; 8;32;MT_Depth;1
BlockStat;28; 792; 352; 8;32;ChromaQPAdj;0
BlockStat;28; 792; 352; 8;32;QP;38
BlockStat;28; 792; 352; 8;32;SplitSeries;5153
BlockStat;28; 792; 352; 8;32;SkipFlag;0
BlockStat;28; 792; 352; 8;32;PredMode;1
BlockStat;28; 792; 352; 8;32;Luma_IntraMode;9
BlockStat;28; 792; 352; 8;32;Chroma_IntraMode;0
BlockStat;28; 792; 352; 8;32;MultiRefIdx;0
BlockStat;28; 792; 352; 8;32;Cbf_Y;0
BlockStat;28; 792; 352; 8;32;TransformSkipFlag_Y;0
BlockStat;28; 792; 352; 8;32;Cbf_Cb;0
BlockStat;28; 792; 352; 8;32;Cbf_Cr;0
BlockStat;28; 800; 352; 4;32;Depth;4
BlockStat;28; 800; 352; 4;32;QT_Depth;2
BlockStat;28; 800; 352; 4;32;BT_Depth;3
BlockStat;28; 800; 352; 4;32;MT_Depth;2
BlockStat;28; 800; 352; 4;32;ChromaQPAdj;0
BlockStat;28; 800; 352; 4;32;QP;38
BlockStat;28; 800; 352; 4;32;SplitSeries;103457
BlockStat;28; 800; 352; 4;32;SkipFlag;0
BlockStat;28; 800; 352; 4;32;PredMode;1
BlockStat;28; 800; 352; 4;32;Luma_IntraMode;54
BlockStat;28; 800; 352; 4;32;Chroma_IntraMode;54
BlockStat;28; 800; 352; 4;32;MultiRefIdx;0
BlockStat;28; 800; 352; 4; 8;Cbf_Y;0
BlockStat;28; 800; 352; 4; 8;TransformSkipFlag_Y;0
BlockStat;28;   0;   0; 0; 0;Cbf_Cb;0
BlockStat;28;   0;   0; 0; 0;Cbf_Cr;0
BlockStat;28; 800; 360; 4; 8;Cbf_Y;0
BlockStat;28; 800; 360; 4; 8;TransformSkipFlag_Y;0
BlockStat;28;   0;   0; 0; 0;Cbf_Cb;0
BlockStat;28;   0;   0; 0; 0;Cbf_Cr;0
BlockStat;28; 800; 368; 4; 8;Cbf_Y;0
BlockStat;28; 800; 368; 4; 8;TransformSkipFlag_Y;0
BlockStat;28;   0;   0; 0; 0;Cbf_Cb;0
BlockStat;28;   0;   0; 0; 0;Cbf_Cr;0
BlockStat;28; 800; 376; 4; 8;Cbf_Y;2
BlockStat;28; 800; 376; 4; 8;TransformSkipFlag_Y;0
BlockStat;28; 800; 352; 4;32;Cbf_Cb;0
BlockStat;28; 800; 352; 4;32;Cbf_Cr;0
BlockStat;28; 804; 352; 4;32;Depth;4
BlockStat;28; 804; 352; 4;32;QT_Depth;2
BlockStat;28; 804; 352; 4;32;BT_Depth;3
BlockStat;28; 804; 352; 4;32;MT_Depth;2
BlockStat;28; 804; 352; 4;32;ChromaQPAdj;0
BlockStat;28; 804; 352; 4;32;QP;38
BlockStat;28; 804; 352; 4;32;SplitSeries;103457
BlockStat;28; 804; 352; 4;32;SkipFlag;0
BlockStat;28; 804; 352; 4;32;PredMode;1
BlockStat;28; 804; 352; 4;32;Luma_IntraMode;0
BlockStat;28; 804; 352; 4;32;Chroma_IntraMode;0
BlockStat;28; 804; 352; 4;32;MultiRefIdx;0
BlockStat;28; 804; 352; 4;32;Cbf_Y;1
BlockStat;28; 804; 352; 4;32;TransformSkipFlag_Y;2
BlockStat;28; 804; 352; 4;32;Cbf_Cb;0
BlockStat;28; 804; 352; 4;32;Cbf_Cr;0
BlockStat;28; 808; 352;16;32;Depth;3
BlockStat;28; 808; 352;16;32;QT_Depth;2
BlockStat;28; 808; 352;16;32;BT_Depth;1
BlockStat;28; 808; 352;16;32;MT_Depth;1
BlockStat;28; 808; 352;16;32;ChromaQPAdj;0
BlockStat;28; 808; 352;16;32;QP;38
BlockStat;28; 808; 352;16;32;SplitSeries;5153
BlockStat;28; 808; 352;16;32;SkipFlag;1
BlockStat;28; 808; 352;16;32;MMVDSkipFlag;0
BlockStat;28; 808; 352;16;32;PredMode;0
BlockStat;28; 808; 352;16;32;MergeIdx;0
BlockStat;28; 808; 352;16;32;MergeType;0
BlockStat;28; 808; 352;16;32;MMVDMergeFlag;0
BlockStat;28; 808; 352;16;32;AffineFlag;0
BlockStat;28; 808; 352;16;32;MVPIdxL0;255
BlockStat;28; 808; 352;16;32;RefIdxL0;0
BlockStat;28; 808; 352;16;32;MVDL0;   0;   0
BlockStat;28; 808; 352;16;32;MVL0; -17;  25
BlockStat;28; 824; 352; 8;32;Depth;3
BlockStat;28; 824; 352; 8;32;QT_Depth;2
BlockStat;28; 824; 352; 8;32;BT_Depth;2
BlockStat;28; 824; 352; 8;32;MT_Depth;1
BlockStat;28; 824; 352; 8;32;ChromaQPAdj;0
BlockStat;28; 824; 352; 8;32;QP;38
BlockStat;28; 824; 352; 8;32;SplitSeries;5153
BlockStat;28; 824; 352; 8;32;SkipFlag;1
BlockStat;28; 824; 352; 8;32;MMVDSkipFlag;0
BlockStat;28; 824; 352; 8;32;PredMode;0
BlockStat;28; 824; 352; 8;32;MergeIdx;0
BlockStat;28; 824; 352; 8;32;MergeType;0
BlockStat;28; 824; 352; 8;32;MMVDMergeFlag;0
BlockStat;28; 824; 352; 8;32;AffineFlag;0
BlockStat;28; 824; 352; 8;32;MVPIdxL0;255
BlockStat;28; 824; 352; 8;32;RefIdxL0;0
BlockStat;28; 824; 352; 8;32;MVDL0;   0;   0
BlockStat;28; 824; 352; 8;32;MVL0; -17;  25
BlockStat;28;   0; 384;16;32;Depth;3
BlockStat;28;   0; 384;16;32;QT_Depth;2
BlockStat;28;   0; 384;16;32;BT_Depth;1
BlockStat;28;   0; 384;16;32;MT_Depth;1
BlockStat;28;   0; 384;16;32;ChromaQPAdj;0
BlockStat;28;   0; 384;16;32;QP;38
BlockStat;28;   0; 384;16;32;SplitSeries;3105
BlockStat;28;   0; 384;16;32;SkipFlag;0
BlockStat;28;   0; 384;16;32;PredMode;0
BlockStat;28;   0; 384;16;32;MergeFlag;0
BlockStat;28;   0; 384;16;32;InterDir;1
BlockStat;28;   0; 384;16;32;AffineFlag;1
BlockStat;28;   0; 384;16;32;AffineType;1
BlockStat;28;   0; 384;16;32;MVPIdxL0;0
BlockStat;28;   0; 384;16;32;RefIdxL0;0
BlockStat;28;   0; 384;16;32;AffineMVL0; 184; -51; 187; -48; 173; -48
BlockStat;28;   0; 384;16;32;RootCbf;1
BlockStat;28;   0; 384;16;32;Cbf_Y;1
BlockStat;28;   0; 384;16;32;TransformSkipFlag_Y;0
BlockStat;28;   0; 384;16;32;Cbf_Cb;0
BlockStat;28;   0; 384;16;32;Cbf_Cr;0
BlockStat;28;  16; 384; 4;16;Depth;5
BlockStat;28;  16; 384; 4;16;QT_Depth;2
BlockStat;28;  16; 384; 4;16;BT_Depth;4
BlockStat;28;  16; 384; 4;16;MT_Depth;3
BlockStat;28;  16; 384; 4;16;ChromaQPAdj;0
BlockStat;28;  16; 384; 4;16;QP;38
BlockStat;28;  16; 384; 4;16;SplitSeries;2264097
BlockStat;28;  16; 384; 4;16;SkipFlag;0
BlockStat;28;  16; 384; 4;16;PredMode;0
BlockStat;28;  16; 384; 4;16;MergeFlag;1
BlockStat;28;  16; 384; 4;16;MergeIdx;0
BlockStat;28;  16; 384; 4;16;MergeType;0
BlockStat;28;  16; 384; 4;16;MMVDMergeFlag;0
BlockStat;28;  16; 384; 4;16;MHIntraFlag;0
BlockStat;28;  16; 384; 4;16;MVPIdxL0;255
BlockStat;28;  16; 384; 4;16;RefIdxL0;0
BlockStat: POC 28 @(  16, 384) [ 4x16] TrianglePartitioning={   0,   0,   4,  16}
BlockStat;28;  16; 384; 4;16;Cbf_Y;1
BlockStat;28;  16; 384; 4;16;TransformSkipFlag_Y;0
BlockStat;28;  16; 384; 4;16;Cbf_Cb;0
BlockStat;28;  16; 384; 4;16;Cbf_Cr;0
BlockStat;28;  16; 400; 4;16;Depth;5
BlockStat;28;  16; 400; 4;16;QT_Depth;2
BlockStat;28;  16; 400; 4;16;BT_Depth;4
BlockStat;28;  16; 400; 4;16;MT_Depth;3
BlockStat;28;  16; 400; 4;16;ChromaQPAdj;0
BlockStat;28;  16; 400; 4;16;QP;38
BlockStat;28;  16; 400; 4;16;SplitSeries;2264097
BlockStat;28;  16; 400; 4;16;SkipFlag;1
BlockStat;28;  16; 400; 4;16;MMVDSkipFlag;0
BlockStat;28;  16; 400; 4;16;PredMode;0
BlockStat;28;  16; 400; 4;16;MergeIdx;0
BlockStat;28;  16; 400; 4;16;MergeType;0
BlockStat;28;  16; 400; 4;16;MMVDMergeFlag;0
BlockStat;28;  16; 400; 4;16;MVPIdxL0;255
BlockStat;28;  16; 400; 4;16;RefIdxL0;0
BlockStat: POC 28 @(  16, 400) [ 4x16] TrianglePartitioning={   0,  16,   4,   0}
BlockStat;28;  20; 384; 8; 8;Depth;5
BlockStat;28;  20; 384; 8; 8;QT_Depth;2
BlockStat;28;  20; 384; 8; 8;BT_Depth;4
BlockStat;28;  20; 384; 8; 8;MT_Depth;3
BlockStat;28;  20; 384; 8; 8;ChromaQPAdj;0
BlockStat;28;  20; 384; 8; 8;QP;38
BlockStat;28;  20; 384; 8; 8;SplitSeries;4361249
BlockStat;28;  20; 384; 8; 8;SkipFlag;1
BlockStat;28;  20; 384; 8; 8;MMVDSkipFlag;0
BlockStat;28;  20; 384; 8; 8;PredMode;0
BlockStat;28;  20; 384; 8; 8;MergeIdx;36
BlockStat;28;  20; 384; 8; 8;MergeType;0
BlockStat;28;  20; 384; 8; 8;MMVDMergeFlag;1
BlockStat;28;  20; 384; 8; 8;MMVDMergeIdx;36
BlockStat;28;  20; 384; 8; 8;MVPIdxL0;255
BlockStat;28;  20; 384; 8; 8;RefIdxL0;0
BlockStat;28;  20; 384; 8; 8;MVDL0;   0;   0
BlockStat;28;  20; 384; 8; 8;MVL0; 208;  24
BlockStat;28;  20; 392; 8;16;Depth;5
BlockStat;28;  20; 392; 8;16;QT_Depth;2
BlockStat;28;  20; 392; 8;16;BT_Depth;3
BlockStat;28;  20; 392; 8;16;MT_Depth;3
BlockStat;28;  20; 392; 8;16;ChromaQPAdj;0
BlockStat;28;  20; 392; 8;16;QP;38
BlockStat;28;  20; 392; 8;16;SplitSeries;4361249
BlockStat;28;  20; 392; 8;16;SkipFlag;0
BlockStat;28;  20; 392; 8;16;PredMode;0
BlockStat;28;  20; 392; 8;16;MergeFlag;0
BlockStat;28;  20; 392; 8;16;InterDir;1
BlockStat;28;  20; 392; 8;16;MVPIdxL0;1
BlockStat;28;  20; 392; 8;16;RefIdxL0;0
BlockStat;28;  20; 392; 8;16;MVDL0;   0;   6
BlockStat;28;  20; 392; 8;16;MVL0; 208;  30
BlockStat;28;  20; 392; 8;16;IMVMode;3
BlockStat;28;  20; 392; 8;16;RootCbf;1
BlockStat;28;  20; 392; 4;16;Cbf_Y;2
BlockStat;28;  20; 392; 4;16;TransformSkipFlag_Y;0
BlockStat;28;  20; 392; 4;16;Cbf_Cb;0
BlockStat;28;  20; 392; 4;16;Cbf_Cr;0
BlockStat;28;  24; 392; 4;16;Cbf_Y;0
BlockStat;28;  24; 392; 4;16;TransformSkipFlag_Y;0
BlockStat;28;  24; 392; 4;16;Cbf_Cb;0
BlockStat;28;  24; 392; 4;16;Cbf_Cr;0
BlockStat;28;  20; 408; 8; 8;Depth;5
BlockStat;28;  20; 408; 8; 8;QT_Depth;2
BlockStat;28;  20; 408; 8; 8;BT_Depth;4
BlockStat;28;  20; 408; 8; 8;MT_Depth;3
BlockStat;28;  20; 408; 8; 8;ChromaQPAdj;0
BlockStat;28;  20; 408; 8; 8;QP;38
BlockStat;28;  20; 408; 8; 8;SplitSeries;4361249
BlockStat;28;  20; 408; 8; 8;SkipFlag;0
BlockStat;28;  20; 408; 8; 8;PredMode;0
BlockStat;28;  20; 408; 8; 8;MergeFlag;0
BlockStat;28;  20; 408; 8; 8;InterDir;1
BlockStat;28;  20; 408; 8; 8;MVPIdxL0;1
BlockStat;28;  20; 408; 8; 8;RefIdxL0;0
BlockStat;28;  20; 408; 8; 8;MVDL0;  -8;  -4
BlockStat;28;  20; 408; 8; 8;MVL0; 200;  24
BlockStat;28;  20; 408; 8; 8;IMVMode;1
BlockStat;28;  20; 408; 8; 8;RootCbf;1
BlockStat;28;  20; 408; 8; 4;Cbf_Y;2
BlockStat;28;  20; 408; 8; 4;TransformSkipFlag_Y;0
BlockStat;28;  20; 408; 8; 4;Cbf_Cb;0
BlockStat;28;  20; 408; 8; 4;Cbf_Cr;0
BlockStat;28;  20; 412; 8; 4;Cbf_Y;0
BlockStat;28;  20; 412; 8; 4;TransformSkipFlag_Y;0
BlockStat;28;  20; 412; 8; 4;Cbf_Cb;0
BlockStat;28;  20; 412; 8; 4;Cbf_Cr;0
BlockStat;28;  28; 384; 4;16;Depth;5
BlockStat;28;  28; 384; 4;16;QT_Depth;2
BlockStat;28;  28; 384; 4;16;BT_Depth;4
BlockStat;28;  28; 384; 4;16;MT_Depth;3
BlockStat;28;  28; 384; 4;16;ChromaQPAdj;0
BlockStat;28;  28; 384; 4;16;QP;38
BlockStat;28;  28; 384; 4;16;SplitSeries;2264097
BlockStat;28;  28; 384; 4;16;SkipFlag;1
BlockStat;28;  28; 384; 4;16;MMVDSkipFlag;0
BlockStat;28;  28; 384; 4;16;PredMode;0
BlockStat;28;  28; 384; 4;16;MergeIdx;0
BlockStat;28;  28; 384; 4;16;MergeType;0
BlockStat;28;  28; 384; 4;16;MMVDMergeFlag;0
BlockStat;28;  28; 384; 4;16;MVPIdxL0;255
BlockStat;28;  28; 384; 4;16;RefIdxL0;0
BlockStat;28;  28; 384; 4;16;MVDL0;   0;   0
BlockStat;28;  28; 384; 4;16;MVL0; 208;  30
BlockStat;28;  28; 400; 4;16;Depth;5
BlockStat;28;  28; 400; 4;16;QT_Depth;2
BlockStat;28;  28; 400; 4;16;BT_Depth;4
BlockStat;28;  28; 400; 4;16;MT_Depth;3
BlockStat;28;  28; 400; 4;16;ChromaQPAdj;0
BlockStat;28;  28; 400; 4;16;QP;38
BlockStat;28;  28; 400; 4;16;SplitSeries;2264097
BlockStat;28;  28; 400; 4;16;SkipFlag;1
BlockStat;28;  28; 400; 4;16;MMVDSkipFlag;0
BlockStat;28;  28; 400; 4;16;PredMode;0
BlockStat;28;  28; 400; 4;16;MergeIdx;35
BlockStat;28;  28; 400; 4;16;MergeType;0
BlockStat;28;  28; 400; 4;16;MMVDMergeFlag;1
BlockStat;28;  28; 400; 4;16;MMVDMergeIdx;35
BlockStat;28;  28; 400; 4;16;MVPIdxL0;255
BlockStat;28;  28; 400; 4;16;RefIdxL0;0
BlockStat;28;  28; 400; 4;16;MVDL0;   0;   0
BlockStat;28;  28; 400; 4;16;MVL0; 208;  29
BlockStat;28;  32; 384;32;16;Depth;3
BlockStat;28;  32; 384;32;16;QT_Depth;2
BlockStat;28;  32; 384;32;16;BT_Depth;1
BlockStat;28;  32; 384;32;16;MT_Depth;1
BlockStat;28;  32; 384;32;16;ChromaQPAdj;0
BlockStat;28;  32; 384;32;16;QP;38
BlockStat;28;  32; 384;32;16;SplitSeries;2081
BlockStat;28;  32; 384;32;16;SkipFlag;0
BlockStat;28;  32; 384;32;16;PredMode;0
BlockStat;28;  32; 384;32;16;MergeFlag;0
BlockStat;28;  32; 384;32;16;InterDir;1
BlockStat;28;  32; 384;32;16;AffineFlag;1
BlockStat;28;  32; 384;32;16;AffineType;0
BlockStat;28;  32; 384;32;16;MVPIdxL0;0
BlockStat;28;  32; 384;32;16;RefIdxL0;0
BlockStat;28;  32; 384;32;16;AffineMVL0; 201;  17; 211;  21; 199;  22
BlockStat;28;  32; 384;32;16;RootCbf;0
BlockStat;28;  32; 400; 8; 8;Depth;5
BlockStat;28;  32; 400; 8; 8;QT_Depth;2
BlockStat;28;  32; 400; 8; 8;BT_Depth;4
BlockStat;28;  32; 400; 8; 8;MT_Depth;3
BlockStat;28;  32; 400; 8; 8;ChromaQPAdj;0
BlockStat;28;  32; 400; 8; 8;QP;38
BlockStat;28;  32; 400; 8; 8;SplitSeries;5310497
BlockStat;28;  32; 400; 8; 8;SkipFlag;1
BlockStat;28;  32; 400; 8; 8;MMVDSkipFlag;0
BlockStat;28;  32; 400; 8; 8;PredMode;0
BlockStat;28;  32; 400; 8; 8;MergeIdx;0
BlockStat;28;  32; 400; 8; 8;MergeType;0
BlockStat;28;  32; 400; 8; 8;MMVDMergeFlag;0
BlockStat;28;  32; 400; 8; 8;AffineFlag;0
BlockStat;28;  32; 400; 8; 8;MVPIdxL0;255
BlockStat;28;  32; 400; 8; 8;RefIdxL0;0
BlockStat;28;  32; 400; 8; 8;MVDL0;   0;   0
BlockStat;28;  32; 400; 8; 8;MVL0; 208;  29
BlockStat;28;  40; 400;16; 8;Depth;5
BlockStat;28;  40; 400;16; 8;QT_Depth;2
BlockStat;28;  40; 400;16; 8;BT_Depth;3
BlockStat;28;  40; 400;16; 8;MT_Depth;3
BlockStat;28;  40; 400;16; 8;ChromaQPAdj;0
BlockStat;28;  40; 400;16; 8;QP;38
BlockStat;28;  40; 400;16; 8;SplitSeries;5310497
BlockStat;28;  40; 400;16; 8;SkipFlag;1
BlockStat;28;  40; 400;16; 8;MMVDSkipFlag;0
BlockStat;28;  40; 400;16; 8;PredMode;0
BlockStat;28;  40; 400;16; 8;MergeIdx;9
BlockStat;28;  40; 400;16; 8;MergeType;0
BlockStat;28;  40; 400;16; 8;MMVDMergeFlag;1
BlockStat;28;  40; 400;16; 8;MMVDMergeIdx;9
BlockStat;28;  40; 400;16; 8;MVPIdxL0;255
BlockStat;28;  40; 400;16; 8;RefIdxL0;0
BlockStat;28;  40; 400;16; 8;MVDL0;   0;   0
BlockStat;28;  40; 400;16; 8;MVL0; 204;  29
BlockStat;28;  56; 400; 8; 8;Depth;5
BlockStat;28;  56; 400; 8; 8;QT_Depth;2
BlockStat;28;  56; 400; 8; 8;BT_Depth;4
BlockStat;28;  56; 400; 8; 8;MT_Depth;3
BlockStat;28;  56; 400; 8; 8;ChromaQPAdj;0
BlockStat;28;  56; 400; 8; 8;QP;38
BlockStat;28;  56; 400; 8; 8;SplitSeries;5310497
BlockStat;28;  56; 400; 8; 8;SkipFlag;1
BlockStat;28;  56; 400; 8; 8;MMVDSkipFlag;0
BlockStat;28;  56; 400; 8; 8;PredMode;0
BlockStat;28;  56; 400; 8; 8;MergeIdx;2
BlockStat;28;  56; 400; 8; 8;MergeType;0
BlockStat;28;  56; 400; 8; 8;MMVDMergeFlag;0
BlockStat;28;  56; 400; 8; 8;AffineFlag;0
BlockStat;28;  56; 400; 8; 8;MVPIdxL0;255
BlockStat;28;  56; 400; 8; 8;RefIdxL0;0
BlockStat;28;  56; 400; 8; 8;MVDL0;   0;   0
BlockStat;28;  56; 400; 8; 8;MVL0; 207;  24
BlockStat;28;  32; 408;32; 8;Depth;4
BlockStat;28;  32; 408;32; 8;QT_Depth;2
BlockStat;28;  32; 408;32; 8;BT_Depth;2
BlockStat;28;  32; 408;32; 8;MT_Depth;2
BlockStat;28;  32; 408;32; 8;ChromaQPAdj;0
BlockStat;28;  32; 408;32; 8;QP;38
BlockStat;28;  32; 408;32; 8;SplitSeries;67617
BlockStat;28;  32; 408;32; 8;SkipFlag;1
BlockStat;28;  32; 408;32; 8;MMVDSkipFlag;0
BlockStat;28;  32; 408;32; 8;PredMode;0
BlockStat;28;  32; 408;32; 8;MergeIdx;0
BlockStat;28;  32; 408;32; 8;MergeType;0
BlockStat;28;  32; 408;32; 8;MMVDMergeFlag;0
BlockStat;28;  32; 408;32; 8;AffineFlag;1
BlockStat;28;  32; 408;32; 8;MVPIdxL0;0
BlockStat;28;  32; 408;32; 8;RefIdxL0;0
BlockStat;28;  32; 408;32; 8;AffineMVL0; 208;  29; 207;  24; 208;  29
BlockStat;28;   0; 416;16;32;Depth;3
BlockStat;28;   0; 416;16;32;QT_Depth;2
BlockStat;28;   0; 416;16;32;BT_Depth;1
BlockStat;28;   0; 416;16;32;MT_Depth;1
BlockStat;28;   0; 416;16;32;ChromaQPAdj;0
BlockStat;28;   0; 416;16;32;QP;38
BlockStat;28;   0; 416;16;32;SplitSeries;3105
BlockStat;28;   0; 416;16;32;SkipFlag;0
BlockStat;28;   0; 416;16;32;PredMode;0
BlockStat;28;   0; 416;16;32;MergeFlag;1
BlockStat;28;   0; 416;16;32;MergeIdx;3
BlockStat;28;   0; 416;16;32;MergeType;0
BlockStat;28;   0; 416;16;32;MMVDMergeFlag;0
BlockStat;28;   0; 416;16;32;AffineFlag;1
BlockStat;28;   0; 416;16;32;MVPIdxL0;0
BlockStat;28;   0; 416;16;32;RefIdxL0;0
BlockStat;28;   0; 416;16;32;MVPIdxL1;0
BlockStat;28;   0; 416;16;32;RefIdxL1;0
BlockStat;28;   0; 416;16;32;AffineMVL0;   0;   0;   0;   0;   0;   0
BlockStat;28;   0; 416;16;32;AffineMVL1;   0;   0;   0;   0;   0;   0
BlockStat;28;   0; 416;16;32;Cbf_Y;1
BlockStat;28;   0; 416;16;32;TransformSkipFlag_Y;0
BlockStat;28;   0; 416;16;32;Cbf_Cb;0
BlockStat;28;   0; 416;16;32;Cbf_Cr;0
BlockStat;28;  16; 416; 8;32;Depth;4
BlockStat;28;  16; 416; 8;32;QT_Depth;2
BlockStat;28;  16; 416; 8;32;BT_Depth;2
BlockStat;28;  16; 416; 8;32;MT_Depth;2
BlockStat;28;  16; 416; 8;32;ChromaQPAdj;0
BlockStat;28;  16; 416; 8;32;QP;38
BlockStat;28;  16; 416; 8;32;SplitSeries;101409
BlockStat;28;  16; 416; 8;32;SkipFlag;0
BlockStat;28;  16; 416; 8;32;PredMode;0
BlockStat;28;  16; 416; 8;32;MergeFlag;1
BlockStat;28;  16; 416; 8;32;MergeIdx;2
BlockStat;28;  16; 416; 8;32;MergeType;0
BlockStat;28;  16; 416; 8;32;MMVDMergeFlag;0
BlockStat;28;  16; 416; 8;32;AffineFlag;1
BlockStat;28;  16; 416; 8;32;MVPIdxL0;0
BlockStat;28;  16; 416; 8;32;RefIdxL0;0
BlockStat;28;  16; 416; 8;32;AffineMVL0; 176; -43; 177; -42; 165; -40
BlockStat;28;  16; 416; 8;32;Cbf_Y;1
BlockStat;28;  16; 416; 8;32;TransformSkipFlag_Y;0
BlockStat;28;  16; 416; 8;32;Cbf_Cb;0
BlockStat;28;  16; 416; 8;32;Cbf_Cr;0
BlockStat;28;  24; 416; 8;32;Depth;4
BlockStat;28;  24; 416; 8;32;QT_Depth;2
BlockStat;28;  24; 416; 8;32;BT_Depth;2
BlockStat;28;  24; 416; 8;32;MT_Depth;2
BlockStat;28;  24; 416; 8;32;ChromaQPAdj;0
BlockStat;28;  24; 416; 8;32;QP;38
BlockStat;28;  24; 416; 8;32;SplitSeries;101409
BlockStat;28;  24; 416; 8;32;SkipFlag;0
BlockStat;28;  24; 416; 8;32;PredMode;0
BlockStat;28;  24; 416; 8;32;MergeFlag;1
BlockStat;28;  24; 416; 8;32;MergeIdx;2
BlockStat;28;  24; 416; 8;32;MergeType;0
BlockStat;28;  24; 416; 8;32;MMVDMergeFlag;0
BlockStat;28;  24; 416; 8;32;AffineFlag;1
BlockStat;28;  24; 416; 8;32;MVPIdxL0;0
BlockStat;28;  24; 416; 8;32;RefIdxL0;0
BlockStat;28;  24; 416; 8;32;AffineMVL0; 200;  21; 204;  24; 170; -34
BlockStat;28;  24; 416; 8;24;Cbf_Y;0
BlockStat;28;  24; 416; 8;24;TransformSkipFlag_Y;0
BlockStat;28;  24; 416; 8;24;Cbf_Cb;0
BlockStat;28;  24; 416; 8;24;Cbf_Cr;0
BlockStat;28;  24; 440; 8; 8;Cbf_Y;2
BlockStat;28;  24; 440; 8; 8;TransformSkipFlag_Y;0
BlockStat;28;  24; 440; 8; 8;Cbf_Cb;0
BlockStat;28;  24; 440; 8; 8;Cbf_Cr;0
BlockStat;28;  32; 416;16;32;Depth;3
BlockStat;28;  32; 416;16;32;QT_Depth;2
BlockStat;28;  32; 416;16;32;BT_Depth;1
BlockStat;28;  32; 416;16;32;MT_Depth;1
BlockStat;28;  32; 416;16;32;ChromaQPAdj;0
BlockStat;28;  32; 416;16;32;QP;38
BlockStat;28;  32; 416;16;32;SplitSeries;3105
BlockStat;28;  32; 416;16;32;SkipFlag;0
BlockStat;28;  32; 416;16;32;PredMode;0
BlockStat;28;  32; 416;16;32;MergeFlag;1
BlockStat;28;  32; 416;16;32;MergeIdx;45
BlockStat;28;  32; 416;16;32;MergeType;0
BlockStat;28;  32; 416;16;32;MMVDMergeFlag;1
BlockStat;28;  32; 416;16;32;MMVDMergeIdx;45
BlockStat;28;  32; 416;16;32;MVPIdxL0;255
BlockStat;28;  32; 416;16;32;RefIdxL0;0
BlockStat;28;  32; 416;16;32;MVDL0;   0;   0
BlockStat;28;  32; 416;16;32;MVL0; 199;  27
BlockStat;28;  32; 416;16;32;Cbf_Y;1
BlockStat;28;  32; 416;16;32;TransformSkipFlag_Y;0
BlockStat;28;  32; 416;16;32;Cbf_Cb;0
BlockStat;28;  32; 416;16;32;Cbf_Cr;0
BlockStat;28;  48; 416;16;32;Depth;3
BlockStat;28;  48; 416;16;32;QT_Depth;2
BlockStat;28;  48; 416;16;32;BT_Depth;1
BlockStat;28;  48; 416;16;32;MT_Depth;1
BlockStat;28;  48; 416;16;32;ChromaQPAdj;0
BlockStat;28;  48; 416;16;32;QP;38
BlockStat;28;  48; 416;16;32;SplitSeries;3105
BlockStat;28;  48; 416;16;32;SkipFlag;1
BlockStat;28;  48; 416;16;32;MMVDSkipFlag;0
BlockStat;28;  48; 416;16;32;PredMode;0
BlockStat;28;  48; 416;16;32;MergeIdx;1
BlockStat;28;  48; 416;16;32;MergeType;0
BlockStat;28;  48; 416;16;32;MMVDMergeFlag;0
BlockStat;28;  48; 416;16;32;AffineFlag;1
BlockStat;28;  48; 416;16;32;MVPIdxL0;0
BlockStat;28;  48; 416;16;32;RefIdxL0;0
BlockStat;28;  48; 416;16;32;AffineMVL0; 207;  26; 207;  24; 207;  26
BlockStat;28;  64; 384; 8;16;Depth;4
BlockStat;28;  64; 384; 8;16;QT_Depth;2
BlockStat;28;  64; 384; 8;16;BT_Depth;3
BlockStat;28;  64; 384; 8;16;MT_Depth;2
BlockStat;28;  64; 384; 8;16;ChromaQPAdj;0
BlockStat;28;  64; 384; 8;16;QP;38
BlockStat;28;  64; 384; 8;16;SplitSeries;70689
BlockStat;28;  64; 384; 8;16;SkipFlag;1
BlockStat;28;  64; 384; 8;16;MMVDSkipFlag;0
BlockStat;28;  64; 384; 8;16;PredMode;0
BlockStat;28;  64; 384; 8;16;MergeIdx;0
BlockStat;28;  64; 384; 8;16;MergeType;0
BlockStat;28;  64; 384; 8;16;MMVDMergeFlag;0
BlockStat;28;  64; 384; 8;16;AffineFlag;0
BlockStat;28;  64; 384; 8;16;MVPIdxL0;255
BlockStat;28;  64; 384; 8;16;RefIdxL0;0
BlockStat;28;  64; 384; 8;16;MVDL0;   0;   0
BlockStat;28;  64; 384; 8;16;MVL0; 210;  25
BlockStat;28;  64; 400; 8;16;Depth;4
BlockStat;28;  64; 400; 8;16;QT_Depth;2
BlockStat;28;  64; 400; 8;16;BT_Depth;3
BlockStat;28;  64; 400; 8;16;MT_Depth;2
BlockStat;28;  64; 400; 8;16;ChromaQPAdj;0
BlockStat;28;  64; 400; 8;16;QP;38
BlockStat;28;  64; 400; 8;16;SplitSeries;70689
BlockStat;28;  64; 400; 8;16;SkipFlag;1
BlockStat;28;  64; 400; 8;16;MMVDSkipFlag;0
BlockStat;28;  64; 400; 8;16;PredMode;0
BlockStat;28;  64; 400; 8;16;MergeIdx;0
BlockStat;28;  64; 400; 8;16;MergeType;0
BlockStat;28;  64; 400; 8;16;MMVDMergeFlag;0
BlockStat;28;  64; 400; 8;16;AffineFlag;0
BlockStat;28;  64; 400; 8;16;MVPIdxL0;255
BlockStat;28;  64; 400; 8;16;RefIdxL0;0
BlockStat;28;  64; 400; 8;16;MVDL0;   0;   0
BlockStat;28;  64; 400; 8;16;MVL0; 207;  24
BlockStat;28;  72; 384;16;16;Depth;4
BlockStat;28;  72; 384;16;16;QT_Depth;2
BlockStat;28;  72; 384;16;16;BT_Depth;2
BlockStat;28;  72; 384;16;16;MT_Depth;2
BlockStat;28;  72; 384;16;16;ChromaQPAdj;0
BlockStat;28;  72; 384;16;16;QP;38
BlockStat;28;  72; 384;16;16;SplitSeries;70689
BlockStat;28;  72; 384;16;16;SkipFlag;1
BlockStat;28;  72; 384;16;16;MMVDSkipFlag;0
BlockStat;28;  72; 384;16;16;PredMode;0
BlockStat;28;  72; 384;16;16;MergeIdx;0
BlockStat;28;  72; 384;16;16;MergeType;0
BlockStat;28;  72; 384;16;16;MMVDMergeFlag;0
BlockStat;28;  72; 384;16;16;AffineFlag;0
BlockStat;28;  72; 384;16;16;MVPIdxL0;255
BlockStat;28;  72; 384;16;16;RefIdxL0;0
BlockStat;28;  72; 384;16;16;MVDL0;   0;   0
BlockStat;28;  72; 384;16;16;MVL0; 210;  25
BlockStat;28;  72; 400;16;16;Depth;4
BlockStat;28;  72; 400;16;16;QT_Depth;2
BlockStat;28;  72; 400;16;16;BT_Depth;2
BlockStat;28;  72; 400;16;16;MT_Depth;2
BlockStat;28;  72; 400;16;16;ChromaQPAdj;0
BlockStat;28;  72; 400;16;16;QP;38
BlockStat;28;  72; 400;16;16;SplitSeries;70689
BlockStat;28;  72; 400;16;16;SkipFlag;1
BlockStat;28;  72; 400;16;16;MMVDSkipFlag;0
BlockStat;28;  72; 400;16;16;PredMode;0
BlockStat;28;  72; 400;16;16;MergeIdx;0
BlockStat;28;  72; 400;16;16;MergeType;0
BlockStat;28;  72; 400;16;16;MMVDMergeFlag;0
BlockStat;28;  72; 400;16;16;AffineFlag;0
BlockStat;28;  72; 400;16;16;MVPIdxL0;255
BlockStat;28;  72; 400;16;16;RefIdxL0;0
BlockStat;28;  72; 400;16;16;MVDL0;   0;   0
BlockStat;28;  72; 400;16;16;MVL0; 207;  24
BlockStat;28;  88; 384; 8;32;Depth;3
BlockStat;28;  88; 384; 8;32;QT_Depth;2
BlockStat;28;  88; 384; 8;32;BT_Depth;2
BlockStat;28;  88; 384; 8;32;MT_Depth;1
BlockStat;28;  88; 384; 8;32;ChromaQPAdj;0
BlockStat;28;  88; 384; 8;32;QP;38
BlockStat;28;  88; 384; 8;32;SplitSeries;5153
BlockStat;28;  88; 384; 8;32;SkipFlag;1
BlockStat;28;  88; 384; 8;32;MMVDSkipFlag;0
BlockStat;28;  88; 384; 8;32;PredMode;0
BlockStat;28;  88; 384; 8;32;MergeIdx;0
BlockStat;28;  88; 384; 8;32;MergeType;0
BlockStat;28;  88; 384; 8;32;MMVDMergeFlag;0
BlockStat;28;  88; 384; 8;32;AffineFlag;0
BlockStat;28;  88; 384; 8;32;MVPIdxL0;255
BlockStat;28;  88; 384; 8;32;RefIdxL0;0
BlockStat;28;  88; 384; 8;32;MVDL0;   0;   0
BlockStat;28;  88; 384; 8;32;MVL0; 207;  24
BlockStat;28;  96; 384;16;16;Depth;3
BlockStat;28;  96; 384;16;16;QT_Depth;3
BlockStat;28;  96; 384;16;16;BT_Depth;0
BlockStat;28;  96; 384;16;16;MT_Depth;0
BlockStat;28;  96; 384;16;16;ChromaQPAdj;0
BlockStat;28;  96; 384;16;16;QP;38
BlockStat;28;  96; 384;16;16;SplitSeries;1057
BlockStat;28;  96; 384;16;16;SkipFlag;0
BlockStat;28;  96; 384;16;16;PredMode;0
BlockStat;28;  96; 384;16;16;MergeFlag;1
BlockStat;28;  96; 384;16;16;MergeIdx;5
BlockStat;28;  96; 384;16;16;MergeType;0
BlockStat;28;  96; 384;16;16;MMVDMergeFlag;1
BlockStat;28;  96; 384;16;16;MMVDMergeIdx;5
BlockStat;28;  96; 384;16;16;MVPIdxL0;255
BlockStat;28;  96; 384;16;16;RefIdxL0;0
BlockStat;28;  96; 384;16;16;MVDL0;   0;   0
BlockStat;28;  96; 384;16;16;MVL0; 205;  24
BlockStat;28;  96; 384;16;16;Cbf_Y;1
BlockStat;28;  96; 384;16;16;TransformSkipFlag_Y;0
BlockStat;28;  96; 384;16;16;Cbf_Cb;0
BlockStat;28;  96; 384;16;16;Cbf_Cr;0
BlockStat;28; 112; 384;16;16;Depth;3
BlockStat;28; 112; 384;16;16;QT_Depth;3
BlockStat;28; 112; 384;16;16;BT_Depth;0
BlockStat;28; 112; 384;16;16;MT_Depth;0
BlockStat;28; 112; 384;16;16;ChromaQPAdj;0
BlockStat;28; 112; 384;16;16;QP;38
BlockStat;28; 112; 384;16;16;SplitSeries;1057
BlockStat;28; 112; 384;16;16;SkipFlag;1
BlockStat;28; 112; 384;16;16;MMVDSkipFlag;0
BlockStat;28; 112; 384;16;16;PredMode;0
BlockStat;28; 112; 384;16;16;MergeIdx;1
BlockStat;28; 112; 384;16;16;MergeType;0
BlockStat;28; 112; 384;16;16;MMVDMergeFlag;0
BlockStat;28; 112; 384;16;16;AffineFlag;0
BlockStat;28; 112; 384;16;16;MVPIdxL0;255
BlockStat;28; 112; 384;16;16;RefIdxL0;0
BlockStat;28; 112; 384;16;16;MVDL0;   0;   0
BlockStat;28; 112; 384;16;16;MVL0; 199;  14
BlockStat;28;  96; 400; 8;16;Depth;4
BlockStat;28;  96; 400; 8;16;QT_Depth;3
BlockStat;28;  96; 400; 8;16;BT_Depth;1
BlockStat;28;  96; 400; 8;16;MT_Depth;1
BlockStat;28;  96; 400; 8;16;ChromaQPAdj;0
BlockStat;28;  96; 400; 8;16;QP;38
BlockStat;28;  96; 400; 8;16;SplitSeries;99361
BlockStat;28;  96; 400; 8;16;SkipFlag;1
BlockStat;28;  96; 400; 8;16;MMVDSkipFlag;0
BlockStat;28;  96; 400; 8;16;PredMode;0
BlockStat;28;  96; 400; 8;16;MergeIdx;1
BlockStat;28;  96; 400; 8;16;MergeType;0
BlockStat;28;  96; 400; 8;16;MMVDMergeFlag;0
BlockStat;28;  96; 400; 8;16;AffineFlag;0
BlockStat;28;  96; 400; 8;16;MVPIdxL0;255
BlockStat;28;  96; 400; 8;16;RefIdxL0;0
BlockStat;28;  96; 400; 8;16;MVDL0;   0;   0
BlockStat;28;  96; 400; 8;16;MVL0; 205;  24
BlockStat;28; 104; 400; 8;16;Depth;4
BlockStat;28; 104; 400; 8;16;QT_Depth;3
BlockStat;28; 104; 400; 8;16;BT_Depth;1
BlockStat;28; 104; 400; 8;16;MT_Depth;1
BlockStat;28; 104; 400; 8;16;ChromaQPAdj;0
BlockStat;28; 104; 400; 8;16;QP;38
BlockStat;28; 104; 400; 8;16;SplitSeries;99361
BlockStat;28; 104; 400; 8;16;SkipFlag;1
BlockStat;28; 104; 400; 8;16;MMVDSkipFlag;0
BlockStat;28; 104; 400; 8;16;PredMode;0
BlockStat;28; 104; 400; 8;16;MergeIdx;41
BlockStat;28; 104; 400; 8;16;MergeType;0
BlockStat;28; 104; 400; 8;16;MMVDMergeFlag;1
BlockStat;28; 104; 400; 8;16;MMVDMergeIdx;41
BlockStat;28; 104; 400; 8;16;MVPIdxL0;255
BlockStat;28; 104; 400; 8;16;RefIdxL0;0
BlockStat;28; 104; 400; 8;16;MVDL0;   0;   0
BlockStat;28; 104; 400; 8;16;MVL0; 195;  14
BlockStat;28; 112; 400;16; 8;Depth;4
BlockStat;28; 112; 400;16; 8;QT_Depth;3
BlockStat;28; 112; 400;16; 8;BT_Depth;1
BlockStat;28; 112; 400;16; 8;MT_Depth;1
BlockStat;28; 112; 400;16; 8;ChromaQPAdj;0
BlockStat;28; 112; 400;16; 8;QP;38
BlockStat;28; 112; 400;16; 8;SplitSeries;66593
BlockStat;28; 112; 400;16; 8;SkipFlag;1
BlockStat;28; 112; 400;16; 8;MMVDSkipFlag;0
BlockStat;28; 112; 400;16; 8;PredMode;0
BlockStat;28; 112; 400;16; 8;MergeIdx;36
BlockStat;28; 112; 400;16; 8;MergeType;0
BlockStat;28; 112; 400;16; 8;MMVDMergeFlag;1
BlockStat;28; 112; 400;16; 8;MMVDMergeIdx;36
BlockStat;28; 112; 400;16; 8;MVPIdxL0;255
BlockStat;28; 112; 400;16; 8;RefIdxL0;0
BlockStat;28; 112; 400;16; 8;MVDL0;   0;   0
BlockStat;28; 112; 400;16; 8;MVL0; 201;  14
BlockStat;28; 112; 408;16; 8;Depth;4
BlockStat;28; 112; 408;16; 8;QT_Depth;3
BlockStat;28; 112; 408;16; 8;BT_Depth;1
BlockStat;28; 112; 408;16; 8;MT_Depth;1
BlockStat;28; 112; 408;16; 8;ChromaQPAdj;0
BlockStat;28; 112; 408;16; 8;QP;38
BlockStat;28; 112; 408;16; 8;SplitSeries;66593
BlockStat;28; 112; 408;16; 8;SkipFlag;0
BlockStat;28; 112; 408;16; 8;PredMode;0
BlockStat;28; 112; 408;16; 8;MergeFlag;0
BlockStat;28; 112; 408;16; 8;InterDir;1
BlockStat;28; 112; 408;16; 8;MVPIdxL0;1
BlockStat;28; 112; 408;16; 8;RefIdxL0;0
BlockStat;28; 112; 408;16; 8;MVDL0;   0;  -2
BlockStat;28; 112; 408;16; 8;MVL0; 202;  12
BlockStat;28; 112; 408;16; 8;IMVMode;3
BlockStat;28; 112; 408;16; 8;RootCbf;1
BlockStat;28; 112; 408;16; 8;Cbf_Y;1
BlockStat;28; 112; 408;16; 8;TransformSkipFlag_Y;0
BlockStat;28; 112; 408;16; 8;Cbf_Cb;0
BlockStat;28; 112; 408;16; 8;Cbf_Cr;0
BlockStat;28;  64; 416;32;32;Depth;2
BlockStat;28;  64; 416;32;32;QT_Depth;2
BlockStat;28;  64; 416;32;32;BT_Depth;0
BlockStat;28;  64; 416;32;32;MT_Depth;0
BlockStat;28;  64; 416;32;32;ChromaQPAdj;0
BlockStat;28;  64; 416;32;32;QP;38
BlockStat;28;  64; 416;32;32;SplitSeries;33
BlockStat;28;  64; 416;32;32;SkipFlag;0
BlockStat;28;  64; 416;32;32;PredMode;0
BlockStat;28;  64; 416;32;32;MergeFlag;0
BlockStat;28;  64; 416;32;32;InterDir;1
BlockStat;28;  64; 416;32;32;AffineFlag;0
BlockStat;28;  64; 416;32;32;MVPIdxL0;1
BlockStat;28;  64; 416;32;32;RefIdxL0;0
BlockStat;28;  64; 416;32;32;MVDL0;  -4;   2
BlockStat;28;  64; 416;32;32;MVL0; 200;  26
BlockStat;28;  64; 416;32;32;IMVMode;3
BlockStat;28;  64; 416;32;32;RootCbf;0
BlockStat;28;  96; 416;32;32;Depth;2
BlockStat;28;  96; 416;32;32;QT_Depth;2
BlockStat;28;  96; 416;32;32;BT_Depth;0
BlockStat;28;  96; 416;32;32;MT_Depth;0
BlockStat;28;  96; 416;32;32;ChromaQPAdj;0
BlockStat;28;  96; 416;32;32;QP;38
BlockStat;28;  96; 416;32;32;SplitSeries;33
BlockStat;28;  96; 416;32;32;SkipFlag;0
BlockStat;28;  96; 416;32;32;PredMode;0
BlockStat;28;  96; 416;32;32;MergeFlag;0
BlockStat;28;  96; 416;32;32;InterDir;1
BlockStat;28;  96; 416;32;32;AffineFlag;1
BlockStat;28;  96; 416;32;32;AffineType;1
BlockStat;28;  96; 416;32;32;MVPIdxL0;0
BlockStat;28;  96; 416;32;32;RefIdxL0;0
BlockStat;28;  96; 416;32;32;AffineMVL0; 192;  23; 199;   6; 185;  27
BlockStat;28;  96; 416;32;32;RootCbf;0
BlockStat;28;   0; 448;16;32;Depth;3
BlockStat;28;   0; 448;16;32;QT_Depth;2
BlockStat;28;   0; 448;16;32;BT_Depth;1
BlockStat;28;   0; 448;16;32;MT_Depth;1
BlockStat;28;   0; 448;16;32;ChromaQPAdj;0
BlockStat;28;   0; 448;16;32;QP;38
BlockStat;28;   0; 448;16;32;SplitSeries;3105
BlockStat;28;   0; 448;16;32;SkipFlag;0
BlockStat;28;   0; 448;16;32;PredMode;0
BlockStat;28;   0; 448;16;32;MergeFlag;1
BlockStat;28;   0; 448;16;32;MergeIdx;2
BlockStat;28;   0; 448;16;32;MergeType;0
BlockStat;28;   0; 448;16;32;MMVDMergeFlag;0
BlockStat;28;   0; 448;16;32;AffineFlag;1
BlockStat;28;   0; 448;16;32;MVPIdxL0;0
BlockStat;28;   0; 448;16;32;RefIdxL0;0
BlockStat;28;   0; 448;16;32;MVPIdxL1;0
BlockStat;28;   0; 448;16;32;RefIdxL1;0
BlockStat;28;   0; 448;16;32;AffineMVL0;   0;   0;   0;   0;   0;   0
BlockStat;28;   0; 448;16;32;AffineMVL1;   0;   0;   0;   0;   0;   0
BlockStat;28;   0; 448;16;32;Cbf_Y;1
BlockStat;28;   0; 448;16;32;TransformSkipFlag_Y;0
BlockStat;28;   0; 448;16;32;Cbf_Cb;0
BlockStat;28;   0; 448;16;32;Cbf_Cr;0
BlockStat;28;  16; 448; 8;32;Depth;4
BlockStat;28;  16; 448; 8;32;QT_Depth;2
BlockStat;28;  16; 448; 8;32;BT_Depth;2
BlockStat;28;  16; 448; 8;32;MT_Depth;2
BlockStat;28;  16; 448; 8;32;ChromaQPAdj;0
BlockStat;28;  16; 448; 8;32;QP;38
BlockStat;28;  16; 448; 8;32;SplitSeries;101409
BlockStat;28;  16; 448; 8;32;SkipFlag;0
BlockStat;28;  16; 448; 8;32;PredMode;0
BlockStat;28;  16; 448; 8;32;MergeFlag;1
BlockStat;28;  16; 448; 8;32;MergeIdx;51
BlockStat;28;  16; 448; 8;32;MergeType;0
BlockStat;28;  16; 448; 8;32;MMVDMergeFlag;1
BlockStat;28;  16; 448; 8;32;MMVDMergeIdx;51
BlockStat;28;  16; 448; 8;32;MVPIdxL0;255
BlockStat;28;  16; 448; 8;32;RefIdxL0;0
BlockStat;28;  16; 448; 8;32;MVDL0;   0;   0
BlockStat;28;  16; 448; 8;32;MVL0; 166; -55
BlockStat;28;  16; 448; 8;32;Cbf_Y;1
BlockStat;28;  16; 448; 8;32;TransformSkipFlag_Y;0
BlockStat;28;  16; 448; 8;32;Cbf_Cb;0
BlockStat;28;  16; 448; 8;32;Cbf_Cr;0
BlockStat;28;  24; 448; 8;32;Depth;4
BlockStat;28;  24; 448; 8;32;QT_Depth;2
BlockStat;28;  24; 448; 8;32;BT_Depth;2
BlockStat;28;  24; 448; 8;32;MT_Depth;2
BlockStat;28;  24; 448; 8;32;ChromaQPAdj;0
BlockStat;28;  24; 448; 8;32;QP;38
BlockStat;28;  24; 448; 8;32;SplitSeries;101409
BlockStat;28;  24; 448; 8;32;SkipFlag;0
BlockStat;28;  24; 448; 8;32;PredMode;1
BlockStat;28;  24; 448; 8;32;Luma_IntraMode;0
BlockStat;28;  24; 448; 8;32;Chroma_IntraMode;0
BlockStat;28;  24; 448; 8;32;MultiRefIdx;0
BlockStat;28;  24; 448; 8;32;Cbf_Y;1
BlockStat;28;  24; 448; 8;32;TransformSkipFlag_Y;2
BlockStat;28;  24; 448; 8;32;Cbf_Cb;0
BlockStat;28;  24; 448; 8;32;Cbf_Cr;0
BlockStat;28;  32; 448;16;32;Depth;3
BlockStat;28;  32; 448;16;32;QT_Depth;2
BlockStat;28;  32; 448;16;32;BT_Depth;1
BlockStat;28;  32; 448;16;32;MT_Depth;1
BlockStat;28;  32; 448;16;32;ChromaQPAdj;0
BlockStat;28;  32; 448;16;32;QP;38
BlockStat;28;  32; 448;16;32;SplitSeries;3105
BlockStat;28;  32; 448;16;32;SkipFlag;1
BlockStat;28;  32; 448;16;32;MMVDSkipFlag;0
BlockStat;28;  32; 448;16;32;PredMode;0
BlockStat;28;  32; 448;16;32;MergeIdx;0
BlockStat;28;  32; 448;16;32;MergeType;0
BlockStat;28;  32; 448;16;32;MMVDMergeFlag;0
BlockStat;28;  32; 448;16;32;AffineFlag;0
BlockStat;28;  32; 448;16;32;MVPIdxL0;255
BlockStat;28;  32; 448;16;32;RefIdxL0;0
BlockStat;28;  32; 448;16;32;MVDL0;   0;   0
BlockStat;28;  32; 448;16;32;MVL0; 199;  27
BlockStat;28;  48; 448;16;32;Depth;3
BlockStat;28;  48; 448;16;32;QT_Depth;2
BlockStat;28;  48; 448;16;32;BT_Depth;1
BlockStat;28;  48; 448;16;32;MT_Depth;1
BlockStat;28;  48; 448;16;32;ChromaQPAdj;0
BlockStat;28;  48; 448;16;32;QP;38
BlockStat;28;  48; 448;16;32;SplitSeries;3105
BlockStat;28;  48; 448;16;32;SkipFlag;0
BlockStat;28;  48; 448;16;32;PredMode;0
BlockStat;28;  48; 448;16;32;MergeFlag;0
BlockStat;28;  48; 448;16;32;InterDir;1
BlockStat;28;  48; 448;16;32;AffineFlag;0
BlockStat;28;  48; 448;16;32;MVPIdxL0;1
BlockStat;28;  48; 448;16;32;RefIdxL0;0
BlockStat;28;  48; 448;16;32;MVDL0;   8;  -4
BlockStat;28;  48; 448;16;32;MVL0; 208;  20
BlockStat;28;  48; 448;16;32;IMVMode;1
BlockStat;28;  48; 448;16;32;RootCbf;1
BlockStat;28;  48; 448;16;24;Cbf_Y;0
BlockStat;28;  48; 448;16;24;TransformSkipFlag_Y;0
BlockStat;28;  48; 448;16;24;Cbf_Cb;0
BlockStat;28;  48; 448;16;24;Cbf_Cr;0
BlockStat;28;  48; 472;16; 8;Cbf_Y;2
BlockStat;28;  48; 472;16; 8;TransformSkipFlag_Y;0
BlockStat;28;  48; 472;16; 8;Cbf_Cb;0
BlockStat;28;  48; 472;16; 8;Cbf_Cr;0
BlockStat;28;  64; 448;16; 8;Depth;4
BlockStat;28;  64; 448;16; 8;QT_Depth;1
BlockStat;28;  64; 448;16; 8;BT_Depth;5
BlockStat;28;  64; 448;16; 8;MT_Depth;3
BlockStat;28;  64; 448;16; 8;ChromaQPAdj;0
BlockStat;28;  64; 448;16; 8;QP;38
BlockStat;28;  64; 448;16; 8;SplitSeries;136257
BlockStat;28;  64; 448;16; 8;SkipFlag;1
BlockStat;28;  64; 448;16; 8;MMVDSkipFlag;0
BlockStat;28;  64; 448;16; 8;PredMode;0
BlockStat;28;  64; 448;16; 8;MergeIdx;7
BlockStat;28;  64; 448;16; 8;MergeType;0
BlockStat;28;  64; 448;16; 8;MMVDMergeFlag;1
BlockStat;28;  64; 448;16; 8;MMVDMergeIdx;7
BlockStat;28;  64; 448;16; 8;MVPIdxL0;255
BlockStat;28;  64; 448;16; 8;RefIdxL0;0
BlockStat;28;  64; 448;16; 8;MVDL0;   0;   0
BlockStat;28;  64; 448;16; 8;MVL0; 208;  18
BlockStat;28;  64; 456;16;16;Depth;4
BlockStat;28;  64; 456;16;16;QT_Depth;1
BlockStat;28;  64; 456;16;16;BT_Depth;4
BlockStat;28;  64; 456;16;16;MT_Depth;3
BlockStat;28;  64; 456;16;16;ChromaQPAdj;0
BlockStat;28;  64; 456;16;16;QP;38
BlockStat;28;  64; 456;16;16;SplitSeries;136257
BlockStat;28;  64; 456;16;16;SkipFlag;0
BlockStat;28;  64; 456;16;16;PredMode;0
BlockStat;28;  64; 456;16;16;MergeFlag;1
BlockStat;28;  64; 456;16;16;MergeIdx;0
BlockStat;28;  64; 456;16;16;MergeType;0
BlockStat;28;  64; 456;16;16;MMVDMergeFlag;0
BlockStat;28;  64; 456;16;16;AffineFlag;0
BlockStat;28;  64; 456;16;16;MHIntraFlag;0
BlockStat;28;  64; 456;16;16;MVPIdxL0;255
BlockStat;28;  64; 456;16;16;RefIdxL0;0
BlockStat;28;  64; 456;16;16;MVDL0;   0;   0
BlockStat;28;  64; 456;16;16;MVL0; 208;  20
BlockStat;28;  64; 456;16;16;Cbf_Y;1
BlockStat;28;  64; 456;16;16;TransformSkipFlag_Y;0
BlockStat;28;  64; 456;16;16;Cbf_Cb;0
BlockStat;28;  64; 456;16;16;Cbf_Cr;0
BlockStat;28;  64; 472;16; 4;Depth;5
BlockStat;28;  64; 472;16; 4;QT_Depth;1
BlockStat;28;  64; 472;16; 4;BT_Depth;6
BlockStat;28;  64; 472;16; 4;MT_Depth;4
BlockStat;28;  64; 472;16; 4;ChromaQPAdj;0
BlockStat;28;  64; 472;16; 4;QP;38
BlockStat;28;  64; 472;16; 4;SplitSeries;2233409
BlockStat;28;  64; 472;16; 4;SkipFlag;1
BlockStat;28;  64; 472;16; 4;MMVDSkipFlag;0
BlockStat;28;  64; 472;16; 4;PredMode;0
BlockStat;28;  64; 472;16; 4;MergeIdx;11
BlockStat;28;  64; 472;16; 4;MergeType;0
BlockStat;28;  64; 472;16; 4;MMVDMergeFlag;1
BlockStat;28;  64; 472;16; 4;MMVDMergeIdx;11
BlockStat;28;  64; 472;16; 4;MVPIdxL0;255
BlockStat;28;  64; 472;16; 4;RefIdxL0;0
BlockStat;28;  64; 472;16; 4;MVDL0;   0;   0
BlockStat;28;  64; 472;16; 4;MVL0; 208;  16
BlockStat;28;  64; 476;16; 4;Depth;5
BlockStat;28;  64; 476;16; 4;QT_Depth;1
BlockStat;28;  64; 476;16; 4;BT_Depth;6
BlockStat;28;  64; 476;16; 4;MT_Depth;4
BlockStat;28;  64; 476;16; 4;ChromaQPAdj;0
BlockStat;28;  64; 476;16; 4;QP;38
BlockStat;28;  64; 476;16; 4;SplitSeries;2233409
BlockStat;28;  64; 476;16; 4;SkipFlag;0
BlockStat;28;  64; 476;16; 4;PredMode;1
BlockStat;28;  64; 476;16; 4;Luma_IntraMode;0
BlockStat;28;  64; 476;16; 4;Chroma_IntraMode;0
BlockStat;28;  64; 476;16; 4;MultiRefIdx;0
BlockStat;28;  64; 476;16; 4;Cbf_Y;1
BlockStat;28;  64; 476;16; 4;TransformSkipFlag_Y;0
BlockStat;28;  64; 476;16; 4;Cbf_Cb;0
BlockStat;28;  64; 476;16; 4;Cbf_Cr;0
BlockStat;28;  80; 448;32;16;Depth;4
BlockStat;28;  80; 448;32;16;QT_Depth;1
BlockStat;28;  80; 448;32;16;BT_Depth;3
BlockStat;28;  80; 448;32;16;MT_Depth;3
BlockStat;28;  80; 448;32;16;ChromaQPAdj;0
BlockStat;28;  80; 448;32;16;QP;38
BlockStat;28;  80; 448;32;16;SplitSeries;70721
BlockStat;28;  80; 448;32;16;SkipFlag;0
BlockStat;28;  80; 448;32;16;PredMode;0
BlockStat;28;  80; 448;32;16;MergeFlag;0
BlockStat;28;  80; 448;32;16;InterDir;1
BlockStat;28;  80; 448;32;16;AffineFlag;1
BlockStat;28;  80; 448;32;16;AffineType;0
BlockStat;28;  80; 448;32;16;MVPIdxL0;1
BlockStat;28;  80; 448;32;16;RefIdxL0;0
BlockStat;28;  80; 448;32;16;AffineMVL0; 199;  24; 192;  27; 198;  21
BlockStat;28;  80; 448;32;16;RootCbf;0
BlockStat;28;  80; 464;32;16;Depth;4
BlockStat;28;  80; 464;32;16;QT_Depth;1
BlockStat;28;  80; 464;32;16;BT_Depth;3
BlockStat;28;  80; 464;32;16;MT_Depth;3
BlockStat;28;  80; 464;32;16;ChromaQPAdj;0
BlockStat;28;  80; 464;32;16;QP;38
BlockStat;28;  80; 464;32;16;SplitSeries;70721
BlockStat;28;  80; 464;32;16;SkipFlag;0
BlockStat;28;  80; 464;32;16;PredMode;0
BlockStat;28;  80; 464;32;16;MergeFlag;0
BlockStat;28;  80; 464;32;16;InterDir;1
BlockStat;28;  80; 464;32;16;AffineFlag;1
BlockStat;28;  80; 464;32;16;AffineType;1
BlockStat;28;  80; 464;32;16;MVPIdxL0;0
BlockStat;28;  80; 464;32;16;RefIdxL0;1
BlockStat;28;  80; 464;32;16;AffineMVL0; 651;  11; 637;  18; 651;   2
BlockStat;28;  80; 464;32;16;RootCbf;0
BlockStat;28; 112; 448;16;32;Depth;3
BlockStat;28; 112; 448;16;32;QT_Depth;1
BlockStat;28; 112; 448;16;32;BT_Depth;3
BlockStat;28; 112; 448;16;32;MT_Depth;2
BlockStat;28; 112; 448;16;32;ChromaQPAdj;0
BlockStat;28; 112; 448;16;32;QP;38
BlockStat;28; 112; 448;16;32;SplitSeries;5185
BlockStat;28; 112; 448;16;32;SkipFlag;0
BlockStat;28; 112; 448;16;32;PredMode;0
BlockStat;28; 112; 448;16;32;MergeFlag;1
BlockStat;28; 112; 448;16;32;MergeIdx;17
BlockStat;28; 112; 448;16;32;MergeType;0
BlockStat;28; 112; 448;16;32;MMVDMergeFlag;1
BlockStat;28; 112; 448;16;32;MMVDMergeIdx;17
BlockStat;28; 112; 448;16;32;MVPIdxL0;255
BlockStat;28; 112; 448;16;32;RefIdxL0;1
BlockStat;28; 112; 448;16;32;MVDL0;   0;   0
BlockStat;28; 112; 448;16;32;MVL0; 621;   9
BlockStat;28; 112; 448;16;24;Cbf_Y;0
BlockStat;28; 112; 448;16;24;TransformSkipFlag_Y;0
BlockStat;28; 112; 448;16;24;Cbf_Cb;0
BlockStat;28; 112; 448;16;24;Cbf_Cr;0
BlockStat;28; 112; 472;16; 8;Cbf_Y;2
BlockStat;28; 112; 472;16; 8;TransformSkipFlag_Y;0
BlockStat;28; 112; 472;16; 8;Cbf_Cb;0
BlockStat;28; 112; 472;16; 8;Cbf_Cr;0
BlockStat;28; 128; 384;32; 8;Depth;3
BlockStat;28; 128; 384;32; 8;QT_Depth;2
BlockStat;28; 128; 384;32; 8;BT_Depth;2
BlockStat;28; 128; 384;32; 8;MT_Depth;1
BlockStat;28; 128; 384;32; 8;ChromaQPAdj;0
BlockStat;28; 128; 384;32; 8;QP;38
BlockStat;28; 128; 384;32; 8;SplitSeries;4129
BlockStat;28; 128; 384;32; 8;SkipFlag;1
BlockStat;28; 128; 384;32; 8;MMVDSkipFlag;0
BlockStat;28; 128; 384;32; 8;PredMode;0
BlockStat;28; 128; 384;32; 8;MergeIdx;2
BlockStat;28; 128; 384;32; 8;MergeType;0
BlockStat;28; 128; 384;32; 8;MMVDMergeFlag;0
BlockStat;28; 128; 384;32; 8;AffineFlag;1
BlockStat;28; 128; 384;32; 8;MVPIdxL0;0
BlockStat;28; 128; 384;32; 8;RefIdxL0;0
BlockStat;28; 128; 384;32; 8;AffineMVL0; 199;  13; 197;  -3; 199;  13
BlockStat;28; 128; 392;32;16;Depth;3
BlockStat;28; 128; 392;32;16;QT_Depth;2
BlockStat;28; 128; 392;32;16;BT_Depth;1
BlockStat;28; 128; 392;32;16;MT_Depth;1
BlockStat;28; 128; 392;32;16;ChromaQPAdj;0
BlockStat;28; 128; 392;32;16;QP;38
BlockStat;28; 128; 392;32;16;SplitSeries;4129
BlockStat;28; 128; 392;32;16;SkipFlag;0
BlockStat;28; 128; 392;32;16;PredMode;0
BlockStat;28; 128; 392;32;16;MergeFlag;0
BlockStat;28; 128; 392;32;16;InterDir;1
BlockStat;28; 128; 392;32;16;AffineFlag;1
BlockStat;28; 128; 392;32;16;AffineType;1
BlockStat;28; 128; 392;32;16;MVPIdxL0;0
BlockStat;28; 128; 392;32;16;RefIdxL0;1
BlockStat;28; 128; 392;32;16;AffineMVL0; 600;  20; 596;  16; 600;  20
BlockStat;28; 128; 392;32;16;RootCbf;1
BlockStat;28; 128; 392;32; 8;Cbf_Y;0
BlockStat;28; 128; 392;32; 8;TransformSkipFlag_Y;0
BlockStat;28; 128; 392;32; 8;Cbf_Cb;0
BlockStat;28; 128; 392;32; 8;Cbf_Cr;0
BlockStat;28; 128; 400;32; 8;Cbf_Y;2
BlockStat;28; 128; 400;32; 8;TransformSkipFlag_Y;0
BlockStat;28; 128; 400;32; 8;Cbf_Cb;0
BlockStat;28; 128; 400;32; 8;Cbf_Cr;0
BlockStat;28; 128; 408;32; 8;Depth;3
BlockStat;28; 128; 408;32; 8;QT_Depth;2
BlockStat;28; 128; 408;32; 8;BT_Depth;2
BlockStat;28; 128; 408;32; 8;MT_Depth;1
BlockStat;28; 128; 408;32; 8;ChromaQPAdj;0
BlockStat;28; 128; 408;32; 8;QP;38
BlockStat;28; 128; 408;32; 8;SplitSeries;4129
BlockStat;28; 128; 408;32; 8;SkipFlag;0
BlockStat;28; 128; 408;32; 8;PredMode;0
BlockStat;28; 128; 408;32; 8;MergeFlag;1
BlockStat;28; 128; 408;32; 8;MergeIdx;0
BlockStat;28; 128; 408;32; 8;MergeType;0
BlockStat;28; 128; 408;32; 8;MMVDMergeFlag;0
BlockStat;28; 128; 408;32; 8;AffineFlag;0
BlockStat;28; 128; 408;32; 8;MHIntraFlag;1
BlockStat;28; 128; 408;32; 8;Luma_IntraMode;0
BlockStat;28; 128; 408;32; 8;Chroma_IntraMode;70
BlockStat;28; 128; 408;32; 8;MVPIdxL0;255
BlockStat;28; 128; 408;32; 8;RefIdxL0;0
BlockStat;28; 128; 408;32; 8;MVDL0;   0;   0
BlockStat;28; 128; 408;32; 8;MVL0; 202;  12
BlockStat;28; 128; 408;32; 8;Cbf_Y;1
BlockStat;28; 128; 408;32; 8;TransformSkipFlag_Y;0
BlockStat;28; 128; 408;32; 8;Cbf_Cb;0
BlockStat;28; 128; 408;32; 8;Cbf_Cr;0
BlockStat;28; 160; 384;32; 8;Depth;4
BlockStat;28; 160; 384;32; 8;QT_Depth;2
BlockStat;28; 160; 384;32; 8;BT_Depth;2
BlockStat;28; 160; 384;32; 8;MT_Depth;2
BlockStat;28; 160; 384;32; 8;ChromaQPAdj;0
BlockStat;28; 160; 384;32; 8;QP;38
BlockStat;28; 160; 384;32; 8;SplitSeries;67617
BlockStat;28; 160; 384;32; 8;SkipFlag;1
BlockStat;28; 160; 384;32; 8;MMVDSkipFlag;0
BlockStat;28; 160; 384;32; 8;PredMode;0
BlockStat;28; 160; 384;32; 8;MergeIdx;3
BlockStat;28; 160; 384;32; 8;MergeType;0
BlockStat;28; 160; 384;32; 8;MMVDMergeFlag;0
BlockStat;28; 160; 384;32; 8;AffineFlag;1
BlockStat;28; 160; 384;32; 8;MVPIdxL0;0
BlockStat;28; 160; 384;32; 8;RefIdxL0;0
BlockStat;28; 160; 384;32; 8;AffineMVL0; 197;  -5; 196; -15; 197;  -4
BlockStat;28; 160; 392;32; 8;Depth;4
BlockStat;28; 160; 392;32; 8;QT_Depth;2
BlockStat;28; 160; 392;32; 8;BT_Depth;2
BlockStat;28; 160; 392;32; 8;MT_Depth;2
BlockStat;28; 160; 392;32; 8;ChromaQPAdj;0
BlockStat;28; 160; 392;32; 8;QP;38
BlockStat;28; 160; 392;32; 8;SplitSeries;67617
BlockStat;28; 160; 392;32; 8;SkipFlag;0
BlockStat;28; 160; 392;32; 8;PredMode;0
BlockStat;28; 160; 392;32; 8;MergeFlag;0
BlockStat;28; 160; 392;32; 8;InterDir;1
BlockStat;28; 160; 392;32; 8;MVPIdxL0;0
BlockStat;28; 160; 392;32; 8;RefIdxL0;1
BlockStat;28; 160; 392;32; 8;MVDL0; -48;   4
BlockStat;28; 160; 392;32; 8;MVL0; 548;  20
BlockStat;28; 160; 392;32; 8;IMVMode;1
BlockStat;28; 160; 392;32; 8;RootCbf;0
BlockStat;28; 160; 400;32; 8;Depth;4
BlockStat;28; 160; 400;32; 8;QT_Depth;2
BlockStat;28; 160; 400;32; 8;BT_Depth;2
BlockStat;28; 160; 400;32; 8;MT_Depth;2
BlockStat;28; 160; 400;32; 8;ChromaQPAdj;0
BlockStat;28; 160; 400;32; 8;QP;38
BlockStat;28; 160; 400;32; 8;SplitSeries;67617
BlockStat;28; 160; 400;32; 8;SkipFlag;0
BlockStat;28; 160; 400;32; 8;PredMode;0
BlockStat;28; 160; 400;32; 8;MergeFlag;1
BlockStat;28; 160; 400;32; 8;MergeIdx;0
BlockStat;28; 160; 400;32; 8;MergeType;0
BlockStat;28; 160; 400;32; 8;MMVDMergeFlag;0
BlockStat;28; 160; 400;32; 8;AffineFlag;0
BlockStat;28; 160; 400;32; 8;MHIntraFlag;0
BlockStat;28; 160; 400;32; 8;MVPIdxL0;255
BlockStat;28; 160; 400;32; 8;RefIdxL0;1
BlockStat;28; 160; 400;32; 8;MVDL0;   0;   0
BlockStat;28; 160; 400;32; 8;MVL0; 596;  16
BlockStat;28; 160; 400; 8; 8;Cbf_Y;2
BlockStat;28; 160; 400; 8; 8;TransformSkipFlag_Y;0
BlockStat;28; 160; 400; 8; 8;Cbf_Cb;0
BlockStat;28; 160; 400; 8; 8;Cbf_Cr;0
BlockStat;28; 168; 400;24; 8;Cbf_Y;0
BlockStat;28; 168; 400;24; 8;TransformSkipFlag_Y;0
BlockStat;28; 168; 400;24; 8;Cbf_Cb;0
BlockStat;28; 168; 400;24; 8;Cbf_Cr;0
BlockStat;28; 160; 408;32; 8;Depth;4
BlockStat;28; 160; 408;32; 8;QT_Depth;2
BlockStat;28; 160; 408;32; 8;BT_Depth;2
BlockStat;28; 160; 408;32; 8;MT_Depth;2
BlockStat;28; 160; 408;32; 8;ChromaQPAdj;0
BlockStat;28; 160; 408;32; 8;QP;38
BlockStat;28; 160; 408;32; 8;SplitSeries;67617
BlockStat;28; 160; 408;32; 8;SkipFlag;0
BlockStat;28; 160; 408;32; 8;PredMode;0
BlockStat;28; 160; 408;32; 8;MergeFlag;0
BlockStat;28; 160; 408;32; 8;InterDir;1
BlockStat;28; 160; 408;32; 8;MVPIdxL0;1
BlockStat;28; 160; 408;32; 8;RefIdxL0;1
BlockStat;28; 160; 408;32; 8;MVDL0; -10;  -2
BlockStat;28; 160; 408;32; 8;MVL0; 578;  14
BlockStat;28; 160; 408;32; 8;IMVMode;3
BlockStat;28; 160; 408;32; 8;RootCbf;1
BlockStat;28; 160; 408;32; 8;Cbf_Y;1
BlockStat;28; 160; 408;32; 8;TransformSkipFlag_Y;0
BlockStat;28; 160; 408;32; 8;Cbf_Cb;0
BlockStat;28; 160; 408;32; 8;Cbf_Cr;0
BlockStat;28; 128; 416;32;16;Depth;3
BlockStat;28; 128; 416;32;16;QT_Depth;2
BlockStat;28; 128; 416;32;16;BT_Depth;1
BlockStat;28; 128; 416;32;16;MT_Depth;1
BlockStat;28; 128; 416;32;16;ChromaQPAdj;0
BlockStat;28; 128; 416;32;16;QP;38
BlockStat;28; 128; 416;32;16;SplitSeries;2081
BlockStat;28; 128; 416;32;16;SkipFlag;0
BlockStat;28; 128; 416;32;16;PredMode;0
BlockStat;28; 128; 416;32;16;MergeFlag;0
BlockStat;28; 128; 416;32;16;InterDir;1
BlockStat;28; 128; 416;32;16;AffineFlag;1
BlockStat;28; 128; 416;32;16;AffineType;0
BlockStat;28; 128; 416;32;16;MVPIdxL0;0
BlockStat;28; 128; 416;32;16;RefIdxL0;0
BlockStat;28; 128; 416;32;16;AffineMVL0; 200;   5; 204;  -4; 204;   7
BlockStat;28; 128; 416;32;16;RootCbf;1
BlockStat;28; 128; 416;32;16;Cbf_Y;1
BlockStat;28; 128; 416;32;16;TransformSkipFlag_Y;0
BlockStat;28; 128; 416;32;16;Cbf_Cb;0
BlockStat;28; 128; 416;32;16;Cbf_Cr;0
BlockStat;28; 128; 432;32;16;Depth;3
BlockStat;28; 128; 432;32;16;QT_Depth;2
BlockStat;28; 128; 432;32;16;BT_Depth;1
BlockStat;28; 128; 432;32;16;MT_Depth;1
BlockStat;28; 128; 432;32;16;ChromaQPAdj;0
BlockStat;28; 128; 432;32;16;QP;38
BlockStat;28; 128; 432;32;16;SplitSeries;2081
BlockStat;28; 128; 432;32;16;SkipFlag;1
BlockStat;28; 128; 432;32;16;MMVDSkipFlag;0
BlockStat;28; 128; 432;32;16;PredMode;0
BlockStat;28; 128; 432;32;16;MergeIdx;49
BlockStat;28; 128; 432;32;16;MergeType;0
BlockStat;28; 128; 432;32;16;MMVDMergeFlag;1
BlockStat;28; 128; 432;32;16;MMVDMergeIdx;49
BlockStat;28; 128; 432;32;16;MVPIdxL0;255
BlockStat;28; 128; 432;32;16;RefIdxL0;0
BlockStat;28; 128; 432;32;16;MVDL0;   0;   0
BlockStat;28; 128; 432;32;16;MVL0; 192;  -2
BlockStat;28; 160; 416;32;16;Depth;3
BlockStat;28; 160; 416;32;16;QT_Depth;2
BlockStat;28; 160; 416;32;16;BT_Depth;1
BlockStat;28; 160; 416;32;16;MT_Depth;1
BlockStat;28; 160; 416;32;16;ChromaQPAdj;0
BlockStat;28; 160; 416;32;16;QP;38
BlockStat;28; 160; 416;32;16;SplitSeries;2081
BlockStat;28; 160; 416;32;16;SkipFlag;0
BlockStat;28; 160; 416;32;16;PredMode;0
BlockStat;28; 160; 416;32;16;MergeFlag;0
BlockStat;28; 160; 416;32;16;InterDir;1
BlockStat;28; 160; 416;32;16;AffineFlag;1
BlockStat;28; 160; 416;32;16;AffineType;1
BlockStat;28; 160; 416;32;16;MVPIdxL0;0
BlockStat;28; 160; 416;32;16;RefIdxL0;0
BlockStat;28; 160; 416;32;16;AffineMVL0; 204;  -1; 197; -12; 207;  -4
BlockStat;28; 160; 416;32;16;RootCbf;1
BlockStat;28; 160; 416;32;16;Cbf_Y;1
BlockStat;28; 160; 416;32;16;TransformSkipFlag_Y;0
BlockStat;28; 160; 416;32;16;Cbf_Cb;0
BlockStat;28; 160; 416;32;16;Cbf_Cr;0
BlockStat;28; 160; 432;32;16;Depth;3
BlockStat;28; 160; 432;32;16;QT_Depth;2
BlockStat;28; 160; 432;32;16;BT_Depth;1
BlockStat;28; 160; 432;32;16;MT_Depth;1
BlockStat;28; 160; 432;32;16;ChromaQPAdj;0
BlockStat;28; 160; 432;32;16;QP;38
BlockStat;28; 160; 432;32;16;SplitSeries;2081
BlockStat;28; 160; 432;32;16;SkipFlag;1
BlockStat;28; 160; 432;32;16;MMVDSkipFlag;0
BlockStat;28; 160; 432;32;16;PredMode;0
BlockStat;28; 160; 432;32;16;MergeIdx;2
BlockStat;28; 160; 432;32;16;MergeType;0
BlockStat;28; 160; 432;32;16;MMVDMergeFlag;0
BlockStat;28; 160; 432;32;16;AffineFlag;1
BlockStat;28; 160; 432;32;16;MVPIdxL0;0
BlockStat;28; 160; 432;32;16;RefIdxL0;0
BlockStat;28; 160; 432;32;16;AffineMVL0; 206;  -3; 199; -14; 194;  -3
BlockStat;28; 192; 384; 8; 8;Depth;5
BlockStat;28; 192; 384; 8; 8;QT_Depth;2
BlockStat;28; 192; 384; 8; 8;BT_Depth;4
BlockStat;28; 192; 384; 8; 8;MT_Depth;3
BlockStat;28; 192; 384; 8; 8;ChromaQPAdj;0
BlockStat;28; 192; 384; 8; 8;QP;38
BlockStat;28; 192; 384; 8; 8;SplitSeries;2167841
BlockStat;28; 192; 384; 8; 8;SkipFlag;1
BlockStat;28; 192; 384; 8; 8;MMVDSkipFlag;0
BlockStat;28; 192; 384; 8; 8;PredMode;0
BlockStat;28; 192; 384; 8; 8;MergeIdx;0
BlockStat;28; 192; 384; 8; 8;MergeType;0
BlockStat;28; 192; 384; 8; 8;MMVDMergeFlag;0
BlockStat;28; 192; 384; 8; 8;AffineFlag;0
BlockStat;28; 192; 384; 8; 8;MVPIdxL0;255
BlockStat;28; 192; 384; 8; 8;RefIdxL0;0
BlockStat: POC 28 @( 192, 384) [ 8x 8] TrianglePartitioning={   0,   0,   8,   8}
BlockStat: POC 28 @[(192, 384)--(200, 384)--(200, 392)--] TriangleMVL0={ 196, -14}
BlockStat: POC 28 @[(192, 384)--(192, 392)--(200, 392)--] TriangleMVL0={ 195, -18}
BlockStat;28; 192; 392; 8; 8;Depth;5
BlockStat;28; 192; 392; 8; 8;QT_Depth;2
BlockStat;28; 192; 392; 8; 8;BT_Depth;4
BlockStat;28; 192; 392; 8; 8;MT_Depth;3
BlockStat;28; 192; 392; 8; 8;ChromaQPAdj;0
BlockStat;28; 192; 392; 8; 8;QP;38
BlockStat;28; 192; 392; 8; 8;SplitSeries;2167841
BlockStat;28; 192; 392; 8; 8;SkipFlag;1
BlockStat;28; 192; 392; 8; 8;MMVDSkipFlag;0
BlockStat;28; 192; 392; 8; 8;PredMode;0
BlockStat;28; 192; 392; 8; 8;MergeIdx;0
BlockStat;28; 192; 392; 8; 8;MergeType;0
BlockStat;28; 192; 392; 8; 8;MMVDMergeFlag;0
BlockStat;28; 192; 392; 8; 8;AffineFlag;0
BlockStat;28; 192; 392; 8; 8;MVPIdxL0;255
BlockStat;28; 192; 392; 8; 8;RefIdxL0;1
BlockStat;28; 192; 392; 8; 8;MVDL0;   0;   0
BlockStat;28; 192; 392; 8; 8;MVL0; 548;  20
BlockStat;28; 192; 400; 8; 8;Depth;5
BlockStat;28; 192; 400; 8; 8;QT_Depth;2
BlockStat;28; 192; 400; 8; 8;BT_Depth;4
BlockStat;28; 192; 400; 8; 8;MT_Depth;3
BlockStat;28; 192; 400; 8; 8;ChromaQPAdj;0
BlockStat;28; 192; 400; 8; 8;QP;38
BlockStat;28; 192; 400; 8; 8;SplitSeries;2167841
BlockStat;28; 192; 400; 8; 8;SkipFlag;1
BlockStat;28; 192; 400; 8; 8;MMVDSkipFlag;0
BlockStat;28; 192; 400; 8; 8;PredMode;0
BlockStat;28; 192; 400; 8; 8;MergeIdx;13
BlockStat;28; 192; 400; 8; 8;MergeType;0
BlockStat;28; 192; 400; 8; 8;MMVDMergeFlag;1
BlockStat;28; 192; 400; 8; 8;MMVDMergeIdx;13
BlockStat;28; 192; 400; 8; 8;MVPIdxL0;255
BlockStat;28; 192; 400; 8; 8;RefIdxL0;1
BlockStat;28; 192; 400; 8; 8;MVDL0;   0;   0
BlockStat;28; 192; 400; 8; 8;MVL0; 588;  16
BlockStat;28; 192; 408; 8; 8;Depth;5
BlockStat;28; 192; 408; 8; 8;QT_Depth;2
BlockStat;28; 192; 408; 8; 8;BT_Depth;4
BlockStat;28; 192; 408; 8; 8;MT_Depth;3
BlockStat;28; 192; 408; 8; 8;ChromaQPAdj;0
BlockStat;28; 192; 408; 8; 8;QP;38
BlockStat;28; 192; 408; 8; 8;SplitSeries;2167841
BlockStat;28; 192; 408; 8; 8;SkipFlag;1
BlockStat;28; 192; 408; 8; 8;MMVDSkipFlag;0
BlockStat;28; 192; 408; 8; 8;PredMode;0
BlockStat;28; 192; 408; 8; 8;MergeIdx;0
BlockStat;28; 192; 408; 8; 8;MergeType;0
BlockStat;28; 192; 408; 8; 8;MMVDMergeFlag;0
BlockStat;28; 192; 408; 8; 8;AffineFlag;0
BlockStat;28; 192; 408; 8; 8;MVPIdxL0;255
BlockStat;28; 192; 408; 8; 8;RefIdxL0;1
BlockStat;28; 192; 408; 8; 8;MVDL0;   0;   0
BlockStat;28; 192; 408; 8; 8;MVL0; 578;  14
BlockStat;28; 200; 384;16;32;Depth;3
BlockStat;28; 200; 384;16;32;QT_Depth;2
BlockStat;28; 200; 384;16;32;BT_Depth;1
BlockStat;28; 200; 384;16;32;MT_Depth;1
BlockStat;28; 200; 384;16;32;ChromaQPAdj;0
BlockStat;28; 200; 384;16;32;QP;38
BlockStat;28; 200; 384;16;32;SplitSeries;5153
BlockStat;28; 200; 384;16;32;SkipFlag;0
BlockStat;28; 200; 384;16;32;PredMode;0
BlockStat;28; 200; 384;16;32;MergeFlag;0
BlockStat;28; 200; 384;16;32;InterDir;1
BlockStat;28; 200; 384;16;32;AffineFlag;1
BlockStat;28; 200; 384;16;32;AffineType;1
BlockStat;28; 200; 384;16;32;MVPIdxL0;0
BlockStat;28; 200; 384;16;32;RefIdxL0;0
BlockStat;28; 200; 384;16;32;AffineMVL0; 197; -17; 193; -20; 199; -15
BlockStat;28; 200; 384;16;32;RootCbf;0
BlockStat;28; 216; 384; 8;32;Depth;3
BlockStat;28; 216; 384; 8;32;QT_Depth;2
BlockStat;28; 216; 384; 8;32;BT_Depth;2
BlockStat;28; 216; 384; 8;32;MT_Depth;1
BlockStat;28; 216; 384; 8;32;ChromaQPAdj;0
BlockStat;28; 216; 384; 8;32;QP;38
BlockStat;28; 216; 384; 8;32;SplitSeries;5153
BlockStat;28; 216; 384; 8;32;SkipFlag;0
BlockStat;28; 216; 384; 8;32;PredMode;0
BlockStat;28; 216; 384; 8;32;MergeFlag;1
BlockStat;28; 216; 384; 8;32;MergeIdx;1
BlockStat;28; 216; 384; 8;32;MergeType;0
BlockStat;28; 216; 384; 8;32;MMVDMergeFlag;0
BlockStat;28; 216; 384; 8;32;AffineFlag;1
BlockStat;28; 216; 384; 8;32;MVPIdxL0;0
BlockStat;28; 216; 384; 8;32;RefIdxL0;0
BlockStat;28; 216; 384; 8;32;AffineMVL0; 192; -22; 190; -23; 194; -20
BlockStat;28; 216; 384; 8;24;Cbf_Y;0
BlockStat;28; 216; 384; 8;24;TransformSkipFlag_Y;0
BlockStat;28; 216; 384; 8;24;Cbf_Cb;0
BlockStat;28; 216; 384; 8;24;Cbf_Cr;0
BlockStat;28; 216; 408; 8; 8;Cbf_Y;2
BlockStat;28; 216; 408; 8; 8;TransformSkipFlag_Y;0
BlockStat;28; 216; 408; 8; 8;Cbf_Cb;0
BlockStat;28; 216; 408; 8; 8;Cbf_Cr;0
BlockStat;28; 224; 384;32;16;Depth;3
BlockStat;28; 224; 384;32;16;QT_Depth;2
BlockStat;28; 224; 384;32;16;BT_Depth;1
BlockStat;28; 224; 384;32;16;MT_Depth;1
BlockStat;28; 224; 384;32;16;ChromaQPAdj;0
BlockStat;28; 224; 384;32;16;QP;38
BlockStat;28; 224; 384;32;16;SplitSeries;2081
BlockStat;28; 224; 384;32;16;SkipFlag;0
BlockStat;28; 224; 384;32;16;PredMode;0
BlockStat;28; 224; 384;32;16;MergeFlag;0
BlockStat;28; 224; 384;32;16;InterDir;1
BlockStat;28; 224; 384;32;16;AffineFlag;1
BlockStat;28; 224; 384;32;16;AffineType;0
BlockStat;28; 224; 384;32;16;MVPIdxL0;0
BlockStat;28; 224; 384;32;16;RefIdxL0;0
BlockStat;28; 224; 384;32;16;AffineMVL0; 196; -25; 193; -32; 199; -26
BlockStat;28; 224; 384;32;16;RootCbf;0
BlockStat;28; 224; 400;32;16;Depth;3
BlockStat;28; 224; 400;32;16;QT_Depth;2
BlockStat;28; 224; 400;32;16;BT_Depth;1
BlockStat;28; 224; 400;32;16;MT_Depth;1
BlockStat;28; 224; 400;32;16;ChromaQPAdj;0
BlockStat;28; 224; 400;32;16;QP;38
BlockStat;28; 224; 400;32;16;SplitSeries;2081
BlockStat;28; 224; 400;32;16;SkipFlag;0
BlockStat;28; 224; 400;32;16;PredMode;0
BlockStat;28; 224; 400;32;16;MergeFlag;0
BlockStat;28; 224; 400;32;16;InterDir;1
BlockStat;28; 224; 400;32;16;AffineFlag;1
BlockStat;28; 224; 400;32;16;AffineType;1
BlockStat;28; 224; 400;32;16;MVPIdxL0;1
BlockStat;28; 224; 400;32;16;RefIdxL0;0
BlockStat;28; 224; 400;32;16;AffineMVL0; 198; -25; 194; -36; 196; -29
BlockStat;28; 224; 400;32;16;RootCbf;0
BlockStat;28; 192; 416;32;16;Depth;3
BlockStat;28; 192; 416;32;16;QT_Depth;2
BlockStat;28; 192; 416;32;16;BT_Depth;1
BlockStat;28; 192; 416;32;16;MT_Depth;1
BlockStat;28; 192; 416;32;16;ChromaQPAdj;0
BlockStat;28; 192; 416;32;16;QP;38
BlockStat;28; 192; 416;32;16;SplitSeries;2081
BlockStat;28; 192; 416;32;16;SkipFlag;0
BlockStat;28; 192; 416;32;16;PredMode;0
BlockStat;28; 192; 416;32;16;MergeFlag;0
BlockStat;28; 192; 416;32;16;InterDir;1
BlockStat;28; 192; 416;32;16;AffineFlag;1
BlockStat;28; 192; 416;32;16;AffineType;1
BlockStat;28; 192; 416;32;16;MVPIdxL0;1
BlockStat;28; 192; 416;32;16;RefIdxL0;0
BlockStat;28; 192; 416;32;16;AffineMVL0; 199; -13; 192; -24; 196; -16
BlockStat;28; 192; 416;32;16;RootCbf;0
BlockStat;28; 192; 432;32;16;Depth;3
BlockStat;28; 192; 432;32;16;QT_Depth;2
BlockStat;28; 192; 432;32;16;BT_Depth;1
BlockStat;28; 192; 432;32;16;MT_Depth;1
BlockStat;28; 192; 432;32;16;ChromaQPAdj;0
BlockStat;28; 192; 432;32;16;QP;38
BlockStat;28; 192; 432;32;16;SplitSeries;2081
BlockStat;28; 192; 432;32;16;SkipFlag;1
BlockStat;28; 192; 432;32;16;MMVDSkipFlag;0
BlockStat;28; 192; 432;32;16;PredMode;0
BlockStat;28; 192; 432;32;16;MergeIdx;0
BlockStat;28; 192; 432;32;16;MergeType;0
BlockStat;28; 192; 432;32;16;MMVDMergeFlag;0
BlockStat;28; 192; 432;32;16;AffineFlag;0
BlockStat;28; 192; 432;32;16;MVPIdxL0;255
BlockStat;28; 192; 432;32;16;RefIdxL0;0
BlockStat;28; 192; 432;32;16;MVDL0;   0;   0
BlockStat;28; 192; 432;32;16;MVL0; 187; -14
BlockStat;28; 224; 416;32;32;Depth;2
BlockStat;28; 224; 416;32;32;QT_Depth;2
BlockStat;28; 224; 416;32;32;BT_Depth;0
BlockStat;28; 224; 416;32;32;MT_Depth;0
BlockStat;28; 224; 416;32;32;ChromaQPAdj;0
BlockStat;28; 224; 416;32;32;QP;38
BlockStat;28; 224; 416;32;32;SplitSeries;33
BlockStat;28; 224; 416;32;32;SkipFlag;0
BlockStat;28; 224; 416;32;32;PredMode;0
BlockStat;28; 224; 416;32;32;MergeFlag;1
BlockStat;28; 224; 416;32;32;MergeIdx;1
BlockStat;28; 224; 416;32;32;MergeType;0
BlockStat;28; 224; 416;32;32;MMVDMergeFlag;0
BlockStat;28; 224; 416;32;32;AffineFlag;1
BlockStat;28; 224; 416;32;32;MVPIdxL0;0
BlockStat;28; 224; 416;32;32;RefIdxL0;0
BlockStat;28; 224; 416;32;32;AffineMVL0; 193; -22; 192; -39; 187; -16
BlockStat;28; 224; 416;16;32;Cbf_Y;0
BlockStat;28; 224; 416;16;32;TransformSkipFlag_Y;0
BlockStat;28; 224; 416;16;32;Cbf_Cb;0
BlockStat;28; 224; 416;16;32;Cbf_Cr;0
BlockStat;28; 240; 416;16;32;Cbf_Y;2
BlockStat;28; 240; 416;16;32;TransformSkipFlag_Y;0
BlockStat;28; 240; 416;16;32;Cbf_Cb;0
BlockStat;28; 240; 416;16;32;Cbf_Cr;0
BlockStat;28; 128; 448;16; 8;Depth;4
BlockStat;28; 128; 448;16; 8;QT_Depth;2
BlockStat;28; 128; 448;16; 8;BT_Depth;3
BlockStat;28; 128; 448;16; 8;MT_Depth;2
BlockStat;28; 128; 448;16; 8;ChromaQPAdj;0
BlockStat;28; 128; 448;16; 8;QP;38
BlockStat;28; 128; 448;16; 8;SplitSeries;134177
BlockStat;28; 128; 448;16; 8;SkipFlag;1
BlockStat;28; 128; 448;16; 8;MMVDSkipFlag;0
BlockStat;28; 128; 448;16; 8;PredMode;0
BlockStat;28; 128; 448;16; 8;MergeIdx;2
BlockStat;28; 128; 448;16; 8;MergeType;0
BlockStat;28; 128; 448;16; 8;MMVDMergeFlag;0
BlockStat;28; 128; 448;16; 8;AffineFlag;0
BlockStat;28; 128; 448;16; 8;MVPIdxL0;255
BlockStat;28; 128; 448;16; 8;RefIdxL0;0
BlockStat;28; 128; 448;16; 8;MVDL0;   0;   0
BlockStat;28; 128; 448;16; 8;MVL0; 192;   9
BlockStat;28; 128; 456;16;16;Depth;4
BlockStat;28; 128; 456;16;16;QT_Depth;2
BlockStat;28; 128; 456;16;16;BT_Depth;2
BlockStat;28; 128; 456;16;16;MT_Depth;2
BlockStat;28; 128; 456;16;16;ChromaQPAdj;0
BlockStat;28; 128; 456;16;16;QP;38
BlockStat;28; 128; 456;16;16;SplitSeries;134177
BlockStat;28; 128; 456;16;16;SkipFlag;1
BlockStat;28; 128; 456;16;16;MMVDSkipFlag;0
BlockStat;28; 128; 456;16;16;PredMode;0
BlockStat;28; 128; 456;16;16;MergeIdx;0
BlockStat;28; 128; 456;16;16;MergeType;0
BlockStat;28; 128; 456;16;16;MMVDMergeFlag;0
BlockStat;28; 128; 456;16;16;AffineFlag;0
BlockStat;28; 128; 456;16;16;MVPIdxL0;255
BlockStat;28; 128; 456;16;16;RefIdxL0;1
BlockStat;28; 128; 456;16;16;MVDL0;   0;   0
BlockStat;28; 128; 456;16;16;MVL0; 621;   9
BlockStat;28; 128; 472;16; 8;Depth;4
BlockStat;28; 128; 472;16; 8;QT_Depth;2
BlockStat;28; 128; 472;16; 8;BT_Depth;3
BlockStat;28; 128; 472;16; 8;MT_Depth;2
BlockStat;28; 128; 472;16; 8;ChromaQPAdj;0
BlockStat;28; 128; 472;16; 8;QP;38
BlockStat;28; 128; 472;16; 8;SplitSeries;134177
BlockStat;28; 128; 472;16; 8;SkipFlag;0
BlockStat;28; 128; 472;16; 8;PredMode;1
BlockStat;28; 128; 472;16; 8;Luma_IntraMode;0
BlockStat;28; 128; 472;16; 8;Chroma_IntraMode;0
BlockStat;28; 128; 472;16; 8;MultiRefIdx;0
BlockStat;28; 128; 472;16; 8;Cbf_Y;1
BlockStat;28; 128; 472;16; 8;TransformSkipFlag_Y;0
BlockStat;28; 128; 472;16; 8;Cbf_Cb;0
BlockStat;28; 128; 472;16; 8;Cbf_Cr;0
BlockStat;28; 144; 448;16;32;Depth;3
BlockStat;28; 144; 448;16;32;QT_Depth;2
BlockStat;28; 144; 448;16;32;BT_Depth;1
BlockStat;28; 144; 448;16;32;MT_Depth;1
BlockStat;28; 144; 448;16;32;ChromaQPAdj;0
BlockStat;28; 144; 448;16;32;QP;38
BlockStat;28; 144; 448;16;32;SplitSeries;3105
BlockStat;28; 144; 448;16;32;SkipFlag;1
BlockStat;28; 144; 448;16;32;MMVDSkipFlag;0
BlockStat;28; 144; 448;16;32;PredMode;0
BlockStat;28; 144; 448;16;32;MergeIdx;0
BlockStat;28; 144; 448;16;32;MergeType;0
BlockStat;28; 144; 448;16;32;MMVDMergeFlag;0
BlockStat;28; 144; 448;16;32;AffineFlag;0
BlockStat;28; 144; 448;16;32;MVPIdxL0;255
BlockStat;28; 144; 448;16;32;RefIdxL0;0
BlockStat;28; 144; 448;16;32;MVDL0;   0;   0
BlockStat;28; 144; 448;16;32;MVL0; 192;  -2
BlockStat;28; 160; 448;32;32;Depth;2
BlockStat;28; 160; 448;32;32;QT_Depth;2
BlockStat;28; 160; 448;32;32;BT_Depth;0
BlockStat;28; 160; 448;32;32;MT_Depth;0
BlockStat;28; 160; 448;32;32;ChromaQPAdj;0
BlockStat;28; 160; 448;32;32;QP;38
BlockStat;28; 160; 448;32;32;SplitSeries;33
BlockStat;28; 160; 448;32;32;SkipFlag;1
BlockStat;28; 160; 448;32;32;MMVDSkipFlag;0
BlockStat;28; 160; 448;32;32;PredMode;0
BlockStat;28; 160; 448;32;32;MergeIdx;1
BlockStat;28; 160; 448;32;32;MergeType;0
BlockStat;28; 160; 448;32;32;MMVDMergeFlag;0
BlockStat;28; 160; 448;32;32;AffineFlag;1
BlockStat;28; 160; 448;32;32;MVPIdxL0;0
BlockStat;28; 160; 448;32;32;RefIdxL0;0
BlockStat;28; 160; 448;32;32;AffineMVL0; 192;  -3; 187; -13; 192;  -3
BlockStat;28; 192; 448;32;32;Depth;2
BlockStat;28; 192; 448;32;32;QT_Depth;2
BlockStat;28; 192; 448;32;32;BT_Depth;0
BlockStat;28; 192; 448;32;32;MT_Depth;0
BlockStat;28; 192; 448;32;32;ChromaQPAdj;0
BlockStat;28; 192; 448;32;32;QP;38
BlockStat;28; 192; 448;32;32;SplitSeries;33
BlockStat;28; 192; 448;32;32;SkipFlag;1
BlockStat;28; 192; 448;32;32;MMVDSkipFlag;0
BlockStat;28; 192; 448;32;32;PredMode;0
BlockStat;28; 192; 448;32;32;MergeIdx;0
BlockStat;28; 192; 448;32;32;MergeType;0
BlockStat;28; 192; 448;32;32;MMVDMergeFlag;0
BlockStat;28; 192; 448;32;32;AffineFlag;0
BlockStat;28; 192; 448;32;32;MVPIdxL0;255
BlockStat;28; 192; 448;32;32;RefIdxL0;0
BlockStat;28; 192; 448;32;32;MVDL0;   0;   0
BlockStat;28; 192; 448;32;32;MVL0; 187; -13
BlockStat;28; 224; 448;32; 8;Depth;3
BlockStat;28; 224; 448;32; 8;QT_Depth;2
BlockStat;28; 224; 448;32; 8;BT_Depth;2
BlockStat;28; 224; 448;32; 8;MT_Depth;1
BlockStat;28; 224; 448;32; 8;ChromaQPAdj;0
BlockStat;28; 224; 448;32; 8;QP;38
BlockStat;28; 224; 448;32; 8;SplitSeries;4129
BlockStat;28; 224; 448;32; 8;SkipFlag;1
BlockStat;28; 224; 448;32; 8;MMVDSkipFlag;0
BlockStat;28; 224; 448;32; 8;PredMode;0
BlockStat;28; 224; 448;32; 8;MergeIdx;44
BlockStat;28; 224; 448;32; 8;MergeType;0
BlockStat;28; 224; 448;32; 8;MMVDMergeFlag;1
BlockStat;28; 224; 448;32; 8;MMVDMergeIdx;44
BlockStat;28; 224; 448;32; 8;MVPIdxL0;255
BlockStat;28; 224; 448;32; 8;RefIdxL0;0
BlockStat;28; 224; 448;32; 8;MVDL0;   0;   0
BlockStat;28; 224; 448;32; 8;MVL0; 195; -33
BlockStat;28; 224; 456;16;16;Depth;4
BlockStat;28; 224; 456;16;16;QT_Depth;2
BlockStat;28; 224; 456;16;16;BT_Depth;2
BlockStat;28; 224; 456;16;16;MT_Depth;2
BlockStat;28; 224; 456;16;16;ChromaQPAdj;0
BlockStat;28; 224; 456;16;16;QP;38
BlockStat;28; 224; 456;16;16;SplitSeries;102433
BlockStat;28; 224; 456;16;16;SkipFlag;0
BlockStat;28; 224; 456;16;16;PredMode;0
BlockStat;28; 224; 456;16;16;MergeFlag;0
BlockStat;28; 224; 456;16;16;InterDir;1
BlockStat;28; 224; 456;16;16;AffineFlag;0
BlockStat;28; 224; 456;16;16;MVPIdxL0;1
BlockStat;28; 224; 456;16;16;RefIdxL0;0
BlockStat;28; 224; 456;16;16;MVDL0;   8; -12
BlockStat;28; 224; 456;16;16;MVL0; 204; -44
BlockStat;28; 224; 456;16;16;IMVMode;1
BlockStat;28; 224; 456;16;16;RootCbf;1
BlockStat;28; 224; 456; 8;16;Cbf_Y;0
BlockStat;28; 224; 456; 8;16;TransformSkipFlag_Y;0
BlockStat;28; 224; 456; 8;16;Cbf_Cb;0
BlockStat;28; 224; 456; 8;16;Cbf_Cr;0
BlockStat;28; 232; 456; 8;16;Cbf_Y;2
BlockStat;28; 232; 456; 8;16;TransformSkipFlag_Y;0
BlockStat;28; 232; 456; 8;16;Cbf_Cb;0
BlockStat;28; 232; 456; 8;16;Cbf_Cr;0
BlockStat;28; 240; 456;16;16;Depth;4
BlockStat;28; 240; 456;16;16;QT_Depth;2
BlockStat;28; 240; 456;16;16;BT_Depth;2
BlockStat;28; 240; 456;16;16;MT_Depth;2
BlockStat;28; 240; 456;16;16;ChromaQPAdj;0
BlockStat;28; 240; 456;16;16;QP;38
BlockStat;28; 240; 456;16;16;SplitSeries;102433
BlockStat;28; 240; 456;16;16;SkipFlag;1
BlockStat;28; 240; 456;16;16;MMVDSkipFlag;0
BlockStat;28; 240; 456;16;16;PredMode;0
BlockStat;28; 240; 456;16;16;MergeIdx;13
BlockStat;28; 240; 456;16;16;MergeType;0
BlockStat;28; 240; 456;16;16;MMVDMergeFlag;1
BlockStat;28; 240; 456;16;16;MMVDMergeIdx;13
BlockStat;28; 240; 456;16;16;MVPIdxL0;255
BlockStat;28; 240; 456;16;16;RefIdxL0;0
BlockStat;28; 240; 456;16;16;MVDL0;   0;   0
BlockStat;28; 240; 456;16;16;MVL0; 196; -44
BlockStat;28; 224; 472;16; 8;Depth;4
BlockStat;28; 224; 472;16; 8;QT_Depth;2
BlockStat;28; 224; 472;16; 8;BT_Depth;3
BlockStat;28; 224; 472;16; 8;MT_Depth;2
BlockStat;28; 224; 472;16; 8;ChromaQPAdj;0
BlockStat;28; 224; 472;16; 8;QP;38
BlockStat;28; 224; 472;16; 8;SplitSeries;102433
BlockStat;28; 224; 472;16; 8;SkipFlag;0
BlockStat;28; 224; 472;16; 8;PredMode;0
BlockStat;28; 224; 472;16; 8;MergeFlag;0
BlockStat;28; 224; 472;16; 8;InterDir;1
BlockStat;28; 224; 472;16; 8;MVPIdxL0;1
BlockStat;28; 224; 472;16; 8;RefIdxL0;0
BlockStat;28; 224; 472;16; 8;MVDL0;  32; -16
BlockStat;28; 224; 472;16; 8;MVL0; 224; -64
BlockStat;28; 224; 472;16; 8;IMVMode;2
BlockStat;28; 224; 472;16; 8;RootCbf;0
BlockStat;28; 240; 472;16; 8;Depth;4
BlockStat;28; 240; 472;16; 8;QT_Depth;2
BlockStat;28; 240; 472;16; 8;BT_Depth;3
BlockStat;28; 240; 472;16; 8;MT_Depth;2
BlockStat;28; 240; 472;16; 8;ChromaQPAdj;0
BlockStat;28; 240; 472;16; 8;QP;38
BlockStat;28; 240; 472;16; 8;SplitSeries;102433
BlockStat;28; 240; 472;16; 8;SkipFlag;0
BlockStat;28; 240; 472;16; 8;PredMode;0
BlockStat;28; 240; 472;16; 8;MergeFlag;0
BlockStat;28; 240; 472;16; 8;InterDir;1
BlockStat;28; 240; 472;16; 8;MVPIdxL0;1
BlockStat;28; 240; 472;16; 8;RefIdxL0;0
BlockStat;28; 240; 472;16; 8;MVDL0; -34;  14
BlockStat;28; 240; 472;16; 8;MVL0; 162; -30
BlockStat;28; 240; 472;16; 8;IMVMode;3
BlockStat;28; 240; 472;16; 8;RootCbf;0
BlockStat;28; 256; 384;64;64;Depth;1
BlockStat;28; 256; 384;64;64;QT_Depth;1
BlockStat;28; 256; 384;64;64;BT_Depth;0
BlockStat;28; 256; 384;64;64;MT_Depth;0
BlockStat;28; 256; 384;64;64;ChromaQPAdj;0
BlockStat;28; 256; 384;64;64;QP;38
BlockStat;28; 256; 384;64;64;SplitSeries;1
BlockStat;28; 256; 384;64;64;SkipFlag;0
BlockStat;28; 256; 384;64;64;PredMode;0
BlockStat;28; 256; 384;64;64;MergeFlag;1
BlockStat;28; 256; 384;64;64;MergeIdx;0
BlockStat;28; 256; 384;64;64;MergeType;0
BlockStat;28; 256; 384;64;64;MMVDMergeFlag;0
BlockStat;28; 256; 384;64;64;AffineFlag;1
BlockStat;28; 256; 384;64;64;MVPIdxL0;0
BlockStat;28; 256; 384;64;64;RefIdxL0;0
BlockStat;28; 256; 384;64;64;AffineMVL0; 199; -48; 198; -85; 186; -35
BlockStat;28; 256; 384;64;64;Cbf_Y;1
BlockStat;28; 256; 384;64;64;TransformSkipFlag_Y;0
BlockStat;28; 256; 384;64;64;Cbf_Cb;0
BlockStat;28; 256; 384;64;64;Cbf_Cr;0
BlockStat;28; 320; 384;16;32;Depth;3
BlockStat;28; 320; 384;16;32;QT_Depth;2
BlockStat;28; 320; 384;16;32;BT_Depth;1
BlockStat;28; 320; 384;16;32;MT_Depth;1
BlockStat;28; 320; 384;16;32;ChromaQPAdj;0
BlockStat;28; 320; 384;16;32;QP;38
BlockStat;28; 320; 384;16;32;SplitSeries;3105
BlockStat;28; 320; 384;16;32;SkipFlag;1
BlockStat;28; 320; 384;16;32;MMVDSkipFlag;0
BlockStat;28; 320; 384;16;32;PredMode;0
BlockStat;28; 320; 384;16;32;MergeIdx;0
BlockStat;28; 320; 384;16;32;MergeType;0
BlockStat;28; 320; 384;16;32;MMVDMergeFlag;0
BlockStat;28; 320; 384;16;32;AffineFlag;0
BlockStat;28; 320; 384;16;32;MVPIdxL0;255
BlockStat;28; 320; 384;16;32;RefIdxL0;0
BlockStat;28; 320; 384;16;32;MVDL0;   0;   0
BlockStat;28; 320; 384;16;32;MVL0; 192; -79
BlockStat;28; 336; 384; 4;32;Depth;4
BlockStat;28; 336; 384; 4;32;QT_Depth;2
BlockStat;28; 336; 384; 4;32;BT_Depth;3
BlockStat;28; 336; 384; 4;32;MT_Depth;2
BlockStat;28; 336; 384; 4;32;ChromaQPAdj;0
BlockStat;28; 336; 384; 4;32;QP;38
BlockStat;28; 336; 384; 4;32;SplitSeries;166945
BlockStat;28; 336; 384; 4;32;SkipFlag;1
BlockStat;28; 336; 384; 4;32;MMVDSkipFlag;0
BlockStat;28; 336; 384; 4;32;PredMode;0
BlockStat;28; 336; 384; 4;32;MergeIdx;0
BlockStat;28; 336; 384; 4;32;MergeType;0
BlockStat;28; 336; 384; 4;32;MMVDMergeFlag;0
BlockStat;28; 336; 384; 4;32;MVPIdxL0;255
BlockStat;28; 336; 384; 4;32;RefIdxL0;0
BlockStat;28; 336; 384; 4;32;MVDL0;   0;   0
BlockStat;28; 336; 384; 4;32;MVL0; 192; -79
BlockStat;28; 340; 384; 8;32;Depth;4
BlockStat;28; 340; 384; 8;32;QT_Depth;2
BlockStat;28; 340; 384; 8;32;BT_Depth;2
BlockStat;28; 340; 384; 8;32;MT_Depth;2
BlockStat;28; 340; 384; 8;32;ChromaQPAdj;0
BlockStat;28; 340; 384; 8;32;QP;38
BlockStat;28; 340; 384; 8;32;SplitSeries;166945
BlockStat;28; 340; 384; 8;32;SkipFlag;0
BlockStat;28; 340; 384; 8;32;PredMode;1
BlockStat;28; 340; 384; 8;32;Luma_IntraMode;4
BlockStat;28; 340; 384; 8;32;Chroma_IntraMode;1
BlockStat;28; 340; 384; 8;32;MultiRefIdx;0
BlockStat;28; 340; 384; 8;32;Cbf_Y;0
BlockStat;28; 340; 384; 8;32;TransformSkipFlag_Y;0
BlockStat;28; 340; 384; 8;32;Cbf_Cb;0
BlockStat;28; 340; 384; 8;32;Cbf_Cr;0
BlockStat;28; 348; 384; 4;32;Depth;4
BlockStat;28; 348; 384; 4;32;QT_Depth;2
BlockStat;28; 348; 384; 4;32;BT_Depth;3
BlockStat;28; 348; 384; 4;32;MT_Depth;2
BlockStat;28; 348; 384; 4;32;ChromaQPAdj;0
BlockStat;28; 348; 384; 4;32;QP;38
BlockStat;28; 348; 384; 4;32;SplitSeries;166945
BlockStat;28; 348; 384; 4;32;SkipFlag;0
BlockStat;28; 348; 384; 4;32;PredMode;1
BlockStat;28; 348; 384; 4;32;Luma_IntraMode;0
BlockStat;28; 348; 384; 4;32;Chroma_IntraMode;0
BlockStat;28; 348; 384; 4;32;MultiRefIdx;0
BlockStat;28; 348; 384; 4; 8;Cbf_Y;2
BlockStat;28; 348; 384; 4; 8;TransformSkipFlag_Y;0
BlockStat;28;   0;   0; 0; 0;Cbf_Cb;0
BlockStat;28;   0;   0; 0; 0;Cbf_Cr;0
BlockStat;28; 348; 392; 4; 8;Cbf_Y;2
BlockStat;28; 348; 392; 4; 8;TransformSkipFlag_Y;0
BlockStat;28;   0;   0; 0; 0;Cbf_Cb;0
BlockStat;28;   0;   0; 0; 0;Cbf_Cr;0
BlockStat;28; 348; 400; 4; 8;Cbf_Y;2
BlockStat;28; 348; 400; 4; 8;TransformSkipFlag_Y;0
BlockStat;28;   0;   0; 0; 0;Cbf_Cb;0
BlockStat;28;   0;   0; 0; 0;Cbf_Cr;0
BlockStat;28; 348; 408; 4; 8;Cbf_Y;0
BlockStat;28; 348; 408; 4; 8;TransformSkipFlag_Y;0
BlockStat;28; 348; 384; 4;32;Cbf_Cb;0
BlockStat;28; 348; 384; 4;32;Cbf_Cr;0
BlockStat;28; 352; 384;16;16;Depth;4
BlockStat;28; 352; 384;16;16;QT_Depth;2
BlockStat;28; 352; 384;16;16;BT_Depth;2
BlockStat;28; 352; 384;16;16;MT_Depth;2
BlockStat;28; 352; 384;16;16;ChromaQPAdj;0
BlockStat;28; 352; 384;16;16;QP;38
BlockStat;28; 352; 384;16;16;SplitSeries;68641
BlockStat;28; 352; 384;16;16;SkipFlag;0
BlockStat;28; 352; 384;16;16;PredMode;1
BlockStat;28; 352; 384;16;16;Luma_IntraMode;9
BlockStat;28; 352; 384;16;16;Chroma_IntraMode;1
BlockStat;28; 352; 384;16;16;MultiRefIdx;0
BlockStat;28; 352; 384;16;16;Cbf_Y;1
BlockStat;28; 352; 384;16;16;TransformSkipFlag_Y;0
BlockStat;28; 352; 384;16;16;Cbf_Cb;0
BlockStat;28; 352; 384;16;16;Cbf_Cr;1
BlockStat;28; 352; 400; 4;16;Depth;5
BlockStat;28; 352; 400; 4;16;QT_Depth;2
BlockStat;28; 352; 400; 4;16;BT_Depth;4
BlockStat;28; 352; 400; 4;16;MT_Depth;3
BlockStat;28; 352; 400; 4;16;ChromaQPAdj;0
BlockStat;28; 352; 400; 4;16;QP;38
BlockStat;28; 352; 400; 4;16;SplitSeries;5311521
BlockStat;28; 352; 400; 4;16;SkipFlag;0
BlockStat;28; 352; 400; 4;16;PredMode;1
BlockStat;28; 352; 400; 4;16;Luma_IntraMode;9
BlockStat;28; 352; 400; 4;16;Chroma_IntraMode;0
BlockStat;28; 352; 400; 4;16;MultiRefIdx;0
BlockStat;28; 352; 400; 4;16;Cbf_Y;1
BlockStat;28; 352; 400; 4;16;TransformSkipFlag_Y;0
BlockStat;28; 352; 400; 4;16;Cbf_Cb;0
BlockStat;28; 352; 400; 4;16;Cbf_Cr;0
BlockStat;28; 356; 400; 8;16;Depth;5
BlockStat;28; 356; 400; 8;16;QT_Depth;2
BlockStat;28; 356; 400; 8;16;BT_Depth;3
BlockStat;28; 356; 400; 8;16;MT_Depth;3
BlockStat;28; 356; 400; 8;16;ChromaQPAdj;0
BlockStat;28; 356; 400; 8;16;QP;38
BlockStat;28; 356; 400; 8;16;SplitSeries;5311521
BlockStat;28; 356; 400; 8;16;SkipFlag;0
BlockStat;28; 356; 400; 8;16;PredMode;1
BlockStat;28; 356; 400; 8;16;Luma_IntraMode;5
BlockStat;28; 356; 400; 8;16;Chroma_IntraMode;0
BlockStat;28; 356; 400; 8;16;MultiRefIdx;0
BlockStat;28; 356; 400; 8;16;Cbf_Y;1
BlockStat;28; 356; 400; 8;16;TransformSkipFlag_Y;0
BlockStat;28; 356; 400; 8;16;Cbf_Cb;1
BlockStat;28; 356; 400; 8;16;Cbf_Cr;1
BlockStat;28; 364; 400; 4;16;Depth;5
BlockStat;28; 364; 400; 4;16;QT_Depth;2
BlockStat;28; 364; 400; 4;16;BT_Depth;4
BlockStat;28; 364; 400; 4;16;MT_Depth;3
BlockStat;28; 364; 400; 4;16;ChromaQPAdj;0
BlockStat;28; 364; 400; 4;16;QP;38
BlockStat;28; 364; 400; 4;16;SplitSeries;5311521
BlockStat;28; 364; 400; 4;16;SkipFlag;0
BlockStat;28; 364; 400; 4;16;PredMode;1
BlockStat;28; 364; 400; 4;16;Luma_IntraMode;18
BlockStat;28; 364; 400; 4;16;Chroma_IntraMode;50
BlockStat;28; 364; 400; 4;16;MultiRefIdx;0
BlockStat;28; 364; 400; 4;16;Cbf_Y;1
BlockStat;28; 364; 400; 4;16;TransformSkipFlag_Y;0
BlockStat;28; 364; 400; 4;16;Cbf_Cb;0
BlockStat;28; 364; 400; 4;16;Cbf_Cr;0
BlockStat;28; 368; 384;16; 8;Depth;4
BlockStat;28; 368; 384;16; 8;QT_Depth;2
BlockStat;28; 368; 384;16; 8;BT_Depth;3
BlockStat;28; 368; 384;16; 8;MT_Depth;2
BlockStat;28; 368; 384;16; 8;ChromaQPAdj;0
BlockStat;28; 368; 384;16; 8;QP;38
BlockStat;28; 368; 384;16; 8;SplitSeries;134177
BlockStat;28; 368; 384;16; 8;SkipFlag;0
BlockStat;28; 368; 384;16; 8;PredMode;1
BlockStat;28; 368; 384;16; 8;Luma_IntraMode;46
BlockStat;28; 368; 384;16; 8;Chroma_IntraMode;46
BlockStat;28; 368; 384;16; 8;MultiRefIdx;0
BlockStat;28; 368; 384;16; 8;Cbf_Y;1
BlockStat;28; 368; 384;16; 8;TransformSkipFlag_Y;2
BlockStat;28; 368; 384;16; 8;Cbf_Cb;0
BlockStat;28; 368; 384;16; 8;Cbf_Cr;0
BlockStat;28; 368; 392;16;16;Depth;4
BlockStat;28; 368; 392;16;16;QT_Depth;2
BlockStat;28; 368; 392;16;16;BT_Depth;2
BlockStat;28; 368; 392;16;16;MT_Depth;2
BlockStat;28; 368; 392;16;16;ChromaQPAdj;0
BlockStat;28; 368; 392;16;16;QP;38
BlockStat;28; 368; 392;16;16;SplitSeries;134177
BlockStat;28; 368; 392;16;16;SkipFlag;0
BlockStat;28; 368; 392;16;16;PredMode;1
BlockStat;28; 368; 392;16;16;Luma_IntraMode;55
BlockStat;28; 368; 392;16;16;Chroma_IntraMode;55
BlockStat;28; 368; 392;16;16;MultiRefIdx;0
BlockStat;28; 368; 392;16;16;Cbf_Y;1
BlockStat;28; 368; 392;16;16;TransformSkipFlag_Y;2
BlockStat;28; 368; 392;16;16;Cbf_Cb;0
BlockStat;28; 368; 392;16;16;Cbf_Cr;1
BlockStat;28; 368; 408;16; 8;Depth;4
BlockStat;28; 368; 408;16; 8;QT_Depth;2
BlockStat;28; 368; 408;16; 8;BT_Depth;3
BlockStat;28; 368; 408;16; 8;MT_Depth;2
BlockStat;28; 368; 408;16; 8;ChromaQPAdj;0
BlockStat;28; 368; 408;16; 8;QP;38
BlockStat;28; 368; 408;16; 8;SplitSeries;134177
BlockStat;28; 368; 408;16; 8;SkipFlag;0
BlockStat;28; 368; 408;16; 8;PredMode;1
BlockStat;28; 368; 408;16; 8;Luma_IntraMode;55
BlockStat;28; 368; 408;16; 8;Chroma_IntraMode;55
BlockStat;28; 368; 408;16; 8;MultiRefIdx;0
BlockStat;28; 368; 408;16; 8;Cbf_Y;1
BlockStat;28; 368; 408;16; 8;TransformSkipFlag_Y;2
BlockStat;28; 368; 408;16; 8;Cbf_Cb;0
BlockStat;28; 368; 408;16; 8;Cbf_Cr;0
BlockStat;28; 320; 416;16;32;Depth;3
BlockStat;28; 320; 416;16;32;QT_Depth;2
BlockStat;28; 320; 416;16;32;BT_Depth;1
BlockStat;28; 320; 416;16;32;MT_Depth;1
BlockStat;28; 320; 416;16;32;ChromaQPAdj;0
BlockStat;28; 320; 416;16;32;QP;38
BlockStat;28; 320; 416;16;32;SplitSeries;3105
BlockStat;28; 320; 416;16;32;SkipFlag;0
BlockStat;28; 320; 416;16;32;PredMode;1
BlockStat;28; 320; 416;16;32;Luma_IntraMode;0
BlockStat;28; 320; 416;16;32;Chroma_IntraMode;0
BlockStat;28; 320; 416;16;32;MultiRefIdx;0
BlockStat;28; 320; 416;16;32;Cbf_Y;0
BlockStat;28; 320; 416;16;32;TransformSkipFlag_Y;0
BlockStat;28; 320; 416;16;32;Cbf_Cb;0
BlockStat;28; 320; 416;16;32;Cbf_Cr;0
BlockStat;28; 336; 416; 4;32;Depth;4
BlockStat;28; 336; 416; 4;32;QT_Depth;2
BlockStat;28; 336; 416; 4;32;BT_Depth;3
BlockStat;28; 336; 416; 4;32;MT_Depth;2
BlockStat;28; 336; 416; 4;32;ChromaQPAdj;0
BlockStat;28; 336; 416; 4;32;QP;38
BlockStat;28; 336; 416; 4;32;SplitSeries;166945
BlockStat;28; 336; 416; 4;32;SkipFlag;1
BlockStat;28; 336; 416; 4;32;MMVDSkipFlag;0
BlockStat;28; 336; 416; 4;32;PredMode;0
BlockStat;28; 336; 416; 4;32;MergeIdx;1
BlockStat;28; 336; 416; 4;32;MergeType;0
BlockStat;28; 336; 416; 4;32;MMVDMergeFlag;0
BlockStat;28; 336; 416; 4;32;MVPIdxL0;255
BlockStat;28; 336; 416; 4;32;RefIdxL0;0
BlockStat;28; 336; 416; 4;32;MVDL0;   0;   0
BlockStat;28; 336; 416; 4;32;MVL0; 162; -30
BlockStat;28; 340; 416; 8;32;Depth;4
BlockStat;28; 340; 416; 8;32;QT_Depth;2
BlockStat;28; 340; 416; 8;32;BT_Depth;2
BlockStat;28; 340; 416; 8;32;MT_Depth;2
BlockStat;28; 340; 416; 8;32;ChromaQPAdj;0
BlockStat;28; 340; 416; 8;32;QP;38
BlockStat;28; 340; 416; 8;32;SplitSeries;166945
BlockStat;28; 340; 416; 8;32;SkipFlag;1
BlockStat;28; 340; 416; 8;32;MMVDSkipFlag;0
BlockStat;28; 340; 416; 8;32;PredMode;0
BlockStat;28; 340; 416; 8;32;MergeIdx;1
BlockStat;28; 340; 416; 8;32;MergeType;0
BlockStat;28; 340; 416; 8;32;MMVDMergeFlag;0
BlockStat;28; 340; 416; 8;32;AffineFlag;0
BlockStat;28; 340; 416; 8;32;MVPIdxL0;255
BlockStat;28; 340; 416; 8;32;RefIdxL0;0
BlockStat: POC 28 @( 340, 416) [ 8x32] TrianglePartitioning={   0,   0,   8,  32}
BlockStat: POC 28 @[(340, 416)--(348, 416)--(348, 448)--] TriangleMVL0={ 162, -30}
BlockStat: POC 28 @[(340, 416)--(340, 448)--(348, 448)--] TriangleMVL0={ 192, -79}
BlockStat;28; 348; 416; 4;32;Depth;4
BlockStat;28; 348; 416; 4;32;QT_Depth;2
BlockStat;28; 348; 416; 4;32;BT_Depth;3
BlockStat;28; 348; 416; 4;32;MT_Depth;2
BlockStat;28; 348; 416; 4;32;ChromaQPAdj;0
BlockStat;28; 348; 416; 4;32;QP;38
BlockStat;28; 348; 416; 4;32;SplitSeries;166945
BlockStat;28; 348; 416; 4;32;SkipFlag;0
BlockStat;28; 348; 416; 4;32;PredMode;1
BlockStat;28; 348; 416; 4;32;Luma_IntraMode;0
BlockStat;28; 348; 416; 4;32;Chroma_IntraMode;0
BlockStat;28; 348; 416; 4;32;MultiRefIdx;0
BlockStat;28; 348; 416; 4; 8;Cbf_Y;0
BlockStat;28; 348; 416; 4; 8;TransformSkipFlag_Y;0
BlockStat;28;   0;   0; 0; 0;Cbf_Cb;0
BlockStat;28;   0;   0; 0; 0;Cbf_Cr;0
BlockStat;28; 348; 424; 4; 8;Cbf_Y;2
BlockStat;28; 348; 424; 4; 8;TransformSkipFlag_Y;0
BlockStat;28;   0;   0; 0; 0;Cbf_Cb;0
BlockStat;28;   0;   0; 0; 0;Cbf_Cr;0
BlockStat;28; 348; 432; 4; 8;Cbf_Y;2
BlockStat;28; 348; 432; 4; 8;TransformSkipFlag_Y;0
BlockStat;28;   0;   0; 0; 0;Cbf_Cb;0
BlockStat;28;   0;   0; 0; 0;Cbf_Cr;0
BlockStat;28; 348; 440; 4; 8;Cbf_Y;0
BlockStat;28; 348; 440; 4; 8;TransformSkipFlag_Y;0
BlockStat;28; 348; 416; 4;32;Cbf_Cb;0
BlockStat;28; 348; 416; 4;32;Cbf_Cr;0
BlockStat;28; 352; 416; 8; 8;Depth;5
BlockStat;28; 352; 416; 8; 8;QT_Depth;3
BlockStat;28; 352; 416; 8; 8;BT_Depth;2
BlockStat;28; 352; 416; 8; 8;MT_Depth;2
BlockStat;28; 352; 416; 8; 8;ChromaQPAdj;0
BlockStat;28; 352; 416; 8; 8;QP;38
BlockStat;28; 352; 416; 8; 8;SplitSeries;3212321
BlockStat;28; 352; 416; 8; 8;SkipFlag;0
BlockStat;28; 352; 416; 8; 8;PredMode;1
BlockStat;28; 352; 416; 8; 8;Luma_IntraMode;0
BlockStat;28; 352; 416; 8; 8;Chroma_IntraMode;0
BlockStat;28; 352; 416; 8; 8;MultiRefIdx;0
BlockStat;28; 352; 416; 8; 8;Cbf_Y;1
BlockStat;28; 352; 416; 8; 8;TransformSkipFlag_Y;0
BlockStat;28; 352; 416; 8; 8;Cbf_Cb;0
BlockStat;28; 352; 416; 8; 8;Cbf_Cr;0
BlockStat;28; 360; 416; 8; 8;Depth;5
BlockStat;28; 360; 416; 8; 8;QT_Depth;3
BlockStat;28; 360; 416; 8; 8;BT_Depth;2
BlockStat;28; 360; 416; 8; 8;MT_Depth;2
BlockStat;28; 360; 416; 8; 8;ChromaQPAdj;0
BlockStat;28; 360; 416; 8; 8;QP;38
BlockStat;28; 360; 416; 8; 8;SplitSeries;3212321
BlockStat;28; 360; 416; 8; 8;SkipFlag;0
BlockStat;28; 360; 416; 8; 8;PredMode;1
BlockStat;28; 360; 416; 8; 8;Luma_IntraMode;42
BlockStat;28; 360; 416; 8; 8;Chroma_IntraMode;42
BlockStat;28; 360; 416; 8; 8;MultiRefIdx;0
BlockStat;28; 360; 416; 8; 8;Cbf_Y;0
BlockStat;28; 360; 416; 8; 8;TransformSkipFlag_Y;0
BlockStat;28; 360; 416; 8; 8;Cbf_Cb;0
BlockStat;28; 360; 416; 8; 8;Cbf_Cr;0
BlockStat;28; 352; 424;16; 8;Depth;4
BlockStat;28; 352; 424;16; 8;QT_Depth;3
BlockStat;28; 352; 424;16; 8;BT_Depth;1
BlockStat;28; 352; 424;16; 8;MT_Depth;1
BlockStat;28; 352; 424;16; 8;ChromaQPAdj;0
BlockStat;28; 352; 424;16; 8;QP;38
BlockStat;28; 352; 424;16; 8;SplitSeries;66593
BlockStat;28; 352; 424;16; 8;SkipFlag;0
BlockStat;28; 352; 424;16; 8;PredMode;1
BlockStat;28; 352; 424;16; 8;Luma_IntraMode;0
BlockStat;28; 352; 424;16; 8;Chroma_IntraMode;66
BlockStat;28; 352; 424;16; 8;MultiRefIdx;0
BlockStat;28; 352; 424;16; 2;Cbf_Y;2
BlockStat;28; 352; 424;16; 2;TransformSkipFlag_Y;0
BlockStat;28;   0;   0; 0; 0;Cbf_Cb;0
BlockStat;28;   0;   0; 0; 0;Cbf_Cr;0
BlockStat;28; 352; 426;16; 2;Cbf_Y;2
BlockStat;28; 352; 426;16; 2;TransformSkipFlag_Y;0
BlockStat;28;   0;   0; 0; 0;Cbf_Cb;0
BlockStat;28;   0;   0; 0; 0;Cbf_Cr;0
BlockStat;28; 352; 428;16; 2;Cbf_Y;2
BlockStat;28; 352; 428;16; 2;TransformSkipFlag_Y;0
BlockStat;28;   0;   0; 0; 0;Cbf_Cb;0
BlockStat;28;   0;   0; 0; 0;Cbf_Cr;0
BlockStat;28; 352; 430;16; 2;Cbf_Y;2
BlockStat;28; 352; 430;16; 2;TransformSkipFlag_Y;0
BlockStat;28; 352; 424;16; 8;Cbf_Cb;0
BlockStat;28; 352; 424;16; 8;Cbf_Cr;0
BlockStat;28; 368; 416; 8; 8;Depth;5
BlockStat;28; 368; 416; 8; 8;QT_Depth;3
BlockStat;28; 368; 416; 8; 8;BT_Depth;2
BlockStat;28; 368; 416; 8; 8;MT_Depth;2
BlockStat;28; 368; 416; 8; 8;ChromaQPAdj;0
BlockStat;28; 368; 416; 8; 8;QP;38
BlockStat;28; 368; 416; 8; 8;SplitSeries;2196513
BlockStat;28; 368; 416; 8; 8;SkipFlag;0
BlockStat;28; 368; 416; 8; 8;PredMode;1
BlockStat;28; 368; 416; 8; 8;Luma_IntraMode;43
BlockStat;28; 368; 416; 8; 8;Chroma_IntraMode;43
BlockStat;28; 368; 416; 8; 8;MultiRefIdx;0
BlockStat;28; 368; 416; 8; 8;Cbf_Y;1
BlockStat;28; 368; 416; 8; 8;TransformSkipFlag_Y;2
BlockStat;28; 368; 416; 8; 8;Cbf_Cb;0
BlockStat;28; 368; 416; 8; 8;Cbf_Cr;0
BlockStat;28; 368; 424; 4; 8;Depth;6
BlockStat;28; 368; 424; 4; 8;QT_Depth;3
BlockStat;28; 368; 424; 4; 8;BT_Depth;3
BlockStat;28; 368; 424; 4; 8;MT_Depth;3
BlockStat;28; 368; 424; 4; 8;ChromaQPAdj;0
BlockStat;28; 368; 424; 4; 8;QP;38
BlockStat;28; 368; 424; 4; 8;SplitSeries;102859809
BlockStat;28; 368; 424; 4; 8;SkipFlag;0
BlockStat;28; 368; 424; 4; 8;PredMode;1
BlockStat;28; 368; 424; 4; 8;Luma_IntraMode;42
BlockStat;28; 368; 424; 4; 8;MultiRefIdx;3
BlockStat;28; 368; 424; 4; 8;Cbf_Y;1
BlockStat;28; 368; 424; 4; 8;TransformSkipFlag_Y;2
BlockStat;28; 372; 424; 4; 8;Depth;6
BlockStat;28; 372; 424; 4; 8;QT_Depth;3
BlockStat;28; 372; 424; 4; 8;BT_Depth;3
BlockStat;28; 372; 424; 4; 8;MT_Depth;3
BlockStat;28; 372; 424; 4; 8;ChromaQPAdj;0
BlockStat;28; 372; 424; 4; 8;QP;38
BlockStat;28; 372; 424; 4; 8;SplitSeries;102859809
BlockStat;28; 372; 424; 4; 8;SkipFlag;0
BlockStat;28; 372; 424; 4; 8;PredMode;1
BlockStat;28; 372; 424; 4; 8;Luma_IntraMode;41
BlockStat;28; 372; 424; 4; 8;MultiRefIdx;1
BlockStat;28; 372; 424; 4; 8;Cbf_Y;1
BlockStat;28; 372; 424; 4; 8;TransformSkipFlag_Y;0
BlockStat;28;   0;   0; 0; 0;Depth;5
BlockStat;28;   0;   0; 0; 0;QT_Depth;3
BlockStat;28;   0;   0; 0; 0;BT_Depth;2
BlockStat;28;   0;   0; 0; 0;MT_Depth;2
BlockStat;28;   0;   0; 0; 0;ChromaQPAdj;0
BlockStat;28;   0;   0; 0; 0;QP;38
BlockStat;28;   0;   0; 0; 0;SplitSeries;2196513
BlockStat;28;   0;   0; 0; 0;PredMode;1
BlockStat;28; 368; 424; 8; 8;Chroma_IntraMode;41
BlockStat;28; 368; 424; 8; 8;Cbf_Cb;0
BlockStat;28; 368; 424; 8; 8;Cbf_Cr;0
BlockStat;28; 376; 416; 8;16;Depth;4
BlockStat;28; 376; 416; 8;16;QT_Depth;3
BlockStat;28; 376; 416; 8;16;BT_Depth;1
BlockStat;28; 376; 416; 8;16;MT_Depth;1
BlockStat;28; 376; 416; 8;16;ChromaQPAdj;0
BlockStat;28; 376; 416; 8;16;QP;38
BlockStat;28; 376; 416; 8;16;SplitSeries;99361
BlockStat;28; 376; 416; 8;16;SkipFlag;0
BlockStat;28; 376; 416; 8;16;PredMode;0
BlockStat;28; 376; 416; 8;16;MergeFlag;0
BlockStat;28; 376; 416; 8;16;InterDir;1
BlockStat;28; 376; 416; 8;16;MVPIdxL0;0
BlockStat;28; 376; 416; 8;16;RefIdxL0;1
BlockStat;28; 376; 416; 8;16;MVDL0;  60;   0
BlockStat;28; 376; 416; 8;16;MVL0;  60;   0
BlockStat;28; 376; 416; 8;16;IMVMode;1
BlockStat;28; 376; 416; 8;16;RootCbf;0
BlockStat;28; 352; 432;16;16;Depth;3
BlockStat;28; 352; 432;16;16;QT_Depth;3
BlockStat;28; 352; 432;16;16;BT_Depth;0
BlockStat;28; 352; 432;16;16;MT_Depth;0
BlockStat;28; 352; 432;16;16;ChromaQPAdj;0
BlockStat;28; 352; 432;16;16;QP;38
BlockStat;28; 352; 432;16;16;SplitSeries;1057
BlockStat;28; 352; 432;16;16;SkipFlag;0
BlockStat;28; 352; 432;16;16;PredMode;1
BlockStat;28; 352; 432;16;16;Luma_IntraMode;0
BlockStat;28; 352; 432;16;16;Chroma_IntraMode;50
BlockStat;28; 352; 432;16;16;MultiRefIdx;0
BlockStat;28; 352; 432;16;16;Cbf_Y;1
BlockStat;28; 352; 432;16;16;TransformSkipFlag_Y;0
BlockStat;28; 352; 432;16;16;Cbf_Cb;0
BlockStat;28; 352; 432;16;16;Cbf_Cr;0
BlockStat;28; 368; 432; 4; 8;Depth;6
BlockStat;28; 368; 432; 4; 8;QT_Depth;3
BlockStat;28; 368; 432; 4; 8;BT_Depth;3
BlockStat;28; 368; 432; 4; 8;MT_Depth;3
BlockStat;28; 368; 432; 4; 8;ChromaQPAdj;0
BlockStat;28; 368; 432; 4; 8;QP;38
BlockStat;28; 368; 432; 4; 8;SplitSeries;70353953
BlockStat;28; 368; 432; 4; 8;SkipFlag;0
BlockStat;28; 368; 432; 4; 8;PredMode;1
BlockStat;28; 368; 432; 4; 8;Luma_IntraMode;0
BlockStat;28; 368; 432; 4; 8;MultiRefIdx;0
BlockStat;28; 368; 432; 4; 4;Cbf_Y;2
BlockStat;28; 368; 432; 4; 4;TransformSkipFlag_Y;0
BlockStat;28; 368; 436; 4; 4;Cbf_Y;0
BlockStat;28; 368; 436; 4; 4;TransformSkipFlag_Y;0
BlockStat;28; 368; 440; 4; 8;Depth;6
BlockStat;28; 368; 440; 4; 8;QT_Depth;3
BlockStat;28; 368; 440; 4; 8;BT_Depth;3
BlockStat;28; 368; 440; 4; 8;MT_Depth;3
BlockStat;28; 368; 440; 4; 8;ChromaQPAdj;0
BlockStat;28; 368; 440; 4; 8;QP;38
BlockStat;28; 368; 440; 4; 8;SplitSeries;70353953
BlockStat;28; 368; 440; 4; 8;SkipFlag;0
BlockStat;28; 368; 440; 4; 8;PredMode;1
BlockStat;28; 368; 440; 4; 8;Luma_IntraMode;0
BlockStat;28; 368; 440; 4; 8;MultiRefIdx;0
BlockStat;28; 368; 440; 4; 8;Cbf_Y;1
BlockStat;28; 368; 440; 4; 8;TransformSkipFlag_Y;0
BlockStat;28;   0;   0; 0; 0;Depth;5
BlockStat;28;   0;   0; 0; 0;QT_Depth;3
BlockStat;28;   0;   0; 0; 0;BT_Depth;2
BlockStat;28;   0;   0; 0; 0;MT_Depth;2
BlockStat;28;   0;   0; 0; 0;ChromaQPAdj;0
BlockStat;28;   0;   0; 0; 0;QP;38
BlockStat;28;   0;   0; 0; 0;SplitSeries;3245089
BlockStat;28;   0;   0; 0; 0;PredMode;1
BlockStat;28; 368; 432; 4;16;Chroma_IntraMode;0
BlockStat;28; 368; 432; 4;16;Cbf_Cb;0
BlockStat;28; 368; 432; 4;16;Cbf_Cr;0
BlockStat;28; 372; 432; 4;16;Depth;5
BlockStat;28; 372; 432; 4;16;QT_Depth;3
BlockStat;28; 372; 432; 4;16;BT_Depth;2
BlockStat;28; 372; 432; 4;16;MT_Depth;2
BlockStat;28; 372; 432; 4;16;ChromaQPAdj;0
BlockStat;28; 372; 432; 4;16;QP;38
BlockStat;28; 372; 432; 4;16;SplitSeries;3245089
BlockStat;28; 372; 432; 4;16;SkipFlag;0
BlockStat;28; 372; 432; 4;16;PredMode;1
BlockStat;28; 372; 432; 4;16;Luma_IntraMode;48
BlockStat;28; 372; 432; 4;16;Chroma_IntraMode;48
BlockStat;28; 372; 432; 4;16;MultiRefIdx;0
BlockStat;28; 372; 432; 4;16;Cbf_Y;1
BlockStat;28; 372; 432; 4;16;TransformSkipFlag_Y;1
BlockStat;28; 372; 432; 4;16;Cbf_Cb;0
BlockStat;28; 372; 432; 4;16;Cbf_Cr;0
BlockStat;28; 376; 432; 8;16;Depth;4
BlockStat;28; 376; 432; 8;16;QT_Depth;3
BlockStat;28; 376; 432; 8;16;BT_Depth;1
BlockStat;28; 376; 432; 8;16;MT_Depth;1
BlockStat;28; 376; 432; 8;16;ChromaQPAdj;0
BlockStat;28; 376; 432; 8;16;QP;38
BlockStat;28; 376; 432; 8;16;SplitSeries;99361
BlockStat;28; 376; 432; 8;16;SkipFlag;0
BlockStat;28; 376; 432; 8;16;PredMode;1
BlockStat;28; 376; 432; 8;16;Luma_IntraMode;0
BlockStat;28; 376; 432; 8;16;Chroma_IntraMode;0
BlockStat;28; 376; 432; 8;16;MultiRefIdx;0
BlockStat;28; 376; 432; 8;16;Cbf_Y;1
BlockStat;28; 376; 432; 8;16;TransformSkipFlag_Y;0
BlockStat;28; 376; 432; 8;16;Cbf_Cb;1
BlockStat;28; 376; 432; 8;16;Cbf_Cr;0
BlockStat;28; 256; 448;32;32;Depth;2
BlockStat;28; 256; 448;32;32;QT_Depth;2
BlockStat;28; 256; 448;32;32;BT_Depth;0
BlockStat;28; 256; 448;32;32;MT_Depth;0
BlockStat;28; 256; 448;32;32;ChromaQPAdj;0
BlockStat;28; 256; 448;32;32;QP;38
BlockStat;28; 256; 448;32;32;SplitSeries;33
BlockStat;28; 256; 448;32;32;SkipFlag;0
BlockStat;28; 256; 448;32;32;PredMode;0
BlockStat;28; 256; 448;32;32;MergeFlag;1
BlockStat;28; 256; 448;32;32;MergeIdx;0
BlockStat;28; 256; 448;32;32;MergeType;0
BlockStat;28; 256; 448;32;32;MMVDMergeFlag;0
BlockStat;28; 256; 448;32;32;AffineFlag;1
BlockStat;28; 256; 448;32;32;MVPIdxL0;0
BlockStat;28; 256; 448;32;32;RefIdxL0;0
BlockStat;28; 256; 448;32;32;AffineMVL0; 186; -34; 185; -51; 180; -28
BlockStat;28; 256; 448;32;16;Cbf_Y;2
BlockStat;28; 256; 448;32;16;TransformSkipFlag_Y;0
BlockStat;28; 256; 448;32;16;Cbf_Cb;0
BlockStat;28; 256; 448;32;16;Cbf_Cr;0
BlockStat;28; 256; 464;32;16;Cbf_Y;0
BlockStat;28; 256; 464;32;16;TransformSkipFlag_Y;0
BlockStat;28; 256; 464;32;16;Cbf_Cb;0
BlockStat;28; 256; 464;32;16;Cbf_Cr;0
BlockStat;28; 288; 448;32;32;Depth;2
BlockStat;28; 288; 448;32;32;QT_Depth;2
BlockStat;28; 288; 448;32;32;BT_Depth;0
BlockStat;28; 288; 448;32;32;MT_Depth;0
BlockStat;28; 288; 448;32;32;ChromaQPAdj;0
BlockStat;28; 288; 448;32;32;QP;38
BlockStat;28; 288; 448;32;32;SplitSeries;33
BlockStat;28; 288; 448;32;32;SkipFlag;0
BlockStat;28; 288; 448;32;32;PredMode;1
BlockStat;28; 288; 448;32;32;Luma_IntraMode;0
BlockStat;28; 288; 448;32;32;Chroma_IntraMode;0
BlockStat;28; 288; 448;32;32;MultiRefIdx;0
BlockStat;28; 288; 448; 8;32;Cbf_Y;0
BlockStat;28; 288; 448; 8;32;TransformSkipFlag_Y;0
BlockStat;28;   0;   0; 0; 0;Cbf_Cb;0
BlockStat;28;   0;   0; 0; 0;Cbf_Cr;0
BlockStat;28; 296; 448; 8;32;Cbf_Y;0
BlockStat;28; 296; 448; 8;32;TransformSkipFlag_Y;0
BlockStat;28;   0;   0; 0; 0;Cbf_Cb;0
BlockStat;28;   0;   0; 0; 0;Cbf_Cr;0
BlockStat;28; 304; 448; 8;32;Cbf_Y;2
BlockStat;28; 304; 448; 8;32;TransformSkipFlag_Y;0
BlockStat;28;   0;   0; 0; 0;Cbf_Cb;0
BlockStat;28;   0;   0; 0; 0;Cbf_Cr;0
BlockStat;28; 312; 448; 8;32;Cbf_Y;2
BlockStat;28; 312; 448; 8;32;TransformSkipFlag_Y;0
BlockStat;28; 288; 448;32;32;Cbf_Cb;0
BlockStat;28; 288; 448;32;32;Cbf_Cr;0
BlockStat;28; 320; 448; 8;32;Depth;3
BlockStat;28; 320; 448; 8;32;QT_Depth;2
BlockStat;28; 320; 448; 8;32;BT_Depth;2
BlockStat;28; 320; 448; 8;32;MT_Depth;1
BlockStat;28; 320; 448; 8;32;ChromaQPAdj;0
BlockStat;28; 320; 448; 8;32;QP;38
BlockStat;28; 320; 448; 8;32;SplitSeries;5153
BlockStat;28; 320; 448; 8;32;SkipFlag;1
BlockStat;28; 320; 448; 8;32;MMVDSkipFlag;0
BlockStat;28; 320; 448; 8;32;PredMode;0
BlockStat;28; 320; 448; 8;32;MergeIdx;5
BlockStat;28; 320; 448; 8;32;MergeType;0
BlockStat;28; 320; 448; 8;32;MMVDMergeFlag;0
BlockStat;28; 320; 448; 8;32;AffineFlag;0
BlockStat;28; 320; 448; 8;32;MVPIdxL0;255
BlockStat;28; 320; 448; 8;32;RefIdxL0;0
BlockStat;28; 320; 448; 8;32;MVDL0;   0;   0
BlockStat;28; 320; 448; 8;32;MVL0; 123; -36
BlockStat;28; 328; 448;16;32;Depth;3
BlockStat;28; 328; 448;16;32;QT_Depth;2
BlockStat;28; 328; 448;16;32;BT_Depth;1
BlockStat;28; 328; 448;16;32;MT_Depth;1
BlockStat;28; 328; 448;16;32;ChromaQPAdj;0
BlockStat;28; 328; 448;16;32;QP;38
BlockStat;28; 328; 448;16;32;SplitSeries;5153
BlockStat;28; 328; 448;16;32;SkipFlag;1
BlockStat;28; 328; 448;16;32;MMVDSkipFlag;0
BlockStat;28; 328; 448;16;32;PredMode;0
BlockStat;28; 328; 448;16;32;MergeIdx;0
BlockStat;28; 328; 448;16;32;MergeType;0
BlockStat;28; 328; 448;16;32;MMVDMergeFlag;0
BlockStat;28; 328; 448;16;32;AffineFlag;0
BlockStat;28; 328; 448;16;32;MVPIdxL0;255
BlockStat;28; 328; 448;16;32;RefIdxL0;0
BlockStat;28; 328; 448;16;32;MVDL0;   0;   0
BlockStat;28; 328; 448;16;32;MVL0; 123; -36
BlockStat;28; 344; 448; 8;32;Depth;3
BlockStat;28; 344; 448; 8;32;QT_Depth;2
BlockStat;28; 344; 448; 8;32;BT_Depth;2
BlockStat;28; 344; 448; 8;32;MT_Depth;1
BlockStat;28; 344; 448; 8;32;ChromaQPAdj;0
BlockStat;28; 344; 448; 8;32;QP;38
BlockStat;28; 344; 448; 8;32;SplitSeries;5153
BlockStat;28; 344; 448; 8;32;SkipFlag;0
BlockStat;28; 344; 448; 8;32;PredMode;1
BlockStat;28; 344; 448; 8;32;Luma_IntraMode;0
BlockStat;28; 344; 448; 8;32;Chroma_IntraMode;18
BlockStat;28; 344; 448; 8;32;MultiRefIdx;0
BlockStat;28; 344; 448; 8;32;Cbf_Y;0
BlockStat;28; 344; 448; 8;32;TransformSkipFlag_Y;0
BlockStat;28; 344; 448; 8;32;Cbf_Cb;0
BlockStat;28; 344; 448; 8;32;Cbf_Cr;0
BlockStat;28; 352; 448; 8;16;Depth;4
BlockStat;28; 352; 448; 8;16;QT_Depth;2
BlockStat;28; 352; 448; 8;16;BT_Depth;3
BlockStat;28; 352; 448; 8;16;MT_Depth;2
BlockStat;28; 352; 448; 8;16;ChromaQPAdj;0
BlockStat;28; 352; 448; 8;16;QP;38
BlockStat;28; 352; 448; 8;16;SplitSeries;165921
BlockStat;28; 352; 448; 8;16;SkipFlag;0
BlockStat;28; 352; 448; 8;16;PredMode;1
BlockStat;28; 352; 448; 8;16;Luma_IntraMode;0
BlockStat;28; 352; 448; 8;16;Chroma_IntraMode;0
BlockStat;28; 352; 448; 8;16;MultiRefIdx;0
BlockStat;28; 352; 448; 8;16;Cbf_Y;0
BlockStat;28; 352; 448; 8;16;TransformSkipFlag_Y;0
BlockStat;28; 352; 448; 8;16;Cbf_Cb;0
BlockStat;28; 352; 448; 8;16;Cbf_Cr;1
BlockStat;28; 360; 448;16; 4;Depth;5
BlockStat;28; 360; 448;16; 4;QT_Depth;2
BlockStat;28; 360; 448;16; 4;BT_Depth;4
BlockStat;28; 360; 448;16; 4;MT_Depth;3
BlockStat;28; 360; 448;16; 4;ChromaQPAdj;0
BlockStat;28; 360; 448;16; 4;QP;38
BlockStat;28; 360; 448;16; 4;SplitSeries;4360225
BlockStat;28; 360; 448;16; 4;SkipFlag;0
BlockStat;28; 360; 448;16; 4;PredMode;1
BlockStat;28; 360; 448;16; 4;Luma_IntraMode;0
BlockStat;28; 360; 448;16; 4;Chroma_IntraMode;0
BlockStat;28; 360; 448;16; 4;MultiRefIdx;0
BlockStat;28; 360; 448; 4; 4;Cbf_Y;2
BlockStat;28; 360; 448; 4; 4;TransformSkipFlag_Y;0
BlockStat;28;   0;   0; 0; 0;Cbf_Cb;0
BlockStat;28;   0;   0; 0; 0;Cbf_Cr;0
BlockStat;28; 364; 448; 4; 4;Cbf_Y;2
BlockStat;28; 364; 448; 4; 4;TransformSkipFlag_Y;0
BlockStat;28;   0;   0; 0; 0;Cbf_Cb;0
BlockStat;28;   0;   0; 0; 0;Cbf_Cr;0
BlockStat;28; 368; 448; 4; 4;Cbf_Y;2
BlockStat;28; 368; 448; 4; 4;TransformSkipFlag_Y;0
BlockStat;28;   0;   0; 0; 0;Cbf_Cb;0
BlockStat;28;   0;   0; 0; 0;Cbf_Cr;0
BlockStat;28; 372; 448; 4; 4;Cbf_Y;2
BlockStat;28; 372; 448; 4; 4;TransformSkipFlag_Y;0
BlockStat;28; 360; 448;16; 4;Cbf_Cb;0
BlockStat;28; 360; 448;16; 4;Cbf_Cr;0
BlockStat;28; 360; 452;16; 8;Depth;5
BlockStat;28; 360; 452;16; 8;QT_Depth;2
BlockStat;28; 360; 452;16; 8;BT_Depth;3
BlockStat;28; 360; 452;16; 8;MT_Depth;3
BlockStat;28; 360; 452;16; 8;ChromaQPAdj;0
BlockStat;28; 360; 452;16; 8;QP;38
BlockStat;28; 360; 452;16; 8;SplitSeries;4360225
BlockStat;28; 360; 452;16; 8;SkipFlag;0
BlockStat;28; 360; 452;16; 8;PredMode;1
BlockStat;28; 360; 452;16; 8;Luma_IntraMode;0
BlockStat;28; 360; 452;16; 8;Chroma_IntraMode;67
BlockStat;28; 360; 452;16; 8;MultiRefIdx;0
BlockStat;28; 360; 452;16; 8;Cbf_Y;1
BlockStat;28; 360; 452;16; 8;TransformSkipFlag_Y;0
BlockStat;28; 360; 452;16; 8;Cbf_Cb;0
BlockStat;28; 360; 452;16; 8;Cbf_Cr;0
BlockStat;28; 360; 460;16; 4;Depth;5
BlockStat;28; 360; 460;16; 4;QT_Depth;2
BlockStat;28; 360; 460;16; 4;BT_Depth;4
BlockStat;28; 360; 460;16; 4;MT_Depth;3
BlockStat;28; 360; 460;16; 4;ChromaQPAdj;0
BlockStat;28; 360; 460;16; 4;QP;38
BlockStat;28; 360; 460;16; 4;SplitSeries;4360225
BlockStat;28; 360; 460;16; 4;SkipFlag;0
BlockStat;28; 360; 460;16; 4;PredMode;1
BlockStat;28; 360; 460;16; 4;Luma_IntraMode;1
BlockStat;28; 360; 460;16; 4;Chroma_IntraMode;1
BlockStat;28; 360; 460;16; 4;MultiRefIdx;0
BlockStat;28; 360; 460;16; 4;Cbf_Y;1
BlockStat;28; 360; 460;16; 4;TransformSkipFlag_Y;0
BlockStat;28; 360; 460;16; 4;Cbf_Cb;0
BlockStat;28; 360; 460;16; 4;Cbf_Cr;0
BlockStat;28; 376; 448; 8; 4;Depth;5
BlockStat;28; 376; 448; 8; 4;QT_Depth;2
BlockStat;28; 376; 448; 8; 4;BT_Depth;5
BlockStat;28; 376; 448; 8; 4;MT_Depth;3
BlockStat;28; 376; 448; 8; 4;ChromaQPAdj;0
BlockStat;28; 376; 448; 8; 4;QP;38
BlockStat;28; 376; 448; 8; 4;SplitSeries;4360225
BlockStat;28; 376; 448; 8; 4;SkipFlag;0
BlockStat;28; 376; 448; 8; 4;PredMode;1
BlockStat;28; 376; 448; 8; 4;Luma_IntraMode;0
BlockStat;28; 376; 448; 8; 4;MultiRefIdx;0
BlockStat;28; 376; 448; 8; 4;Cbf_Y;1
BlockStat;28; 376; 448; 8; 4;TransformSkipFlag_Y;2
BlockStat;28; 376; 452; 8; 8;Depth;5
BlockStat;28; 376; 452; 8; 8;QT_Depth;2
BlockStat;28; 376; 452; 8; 8;BT_Depth;4
BlockStat;28; 376; 452; 8; 8;MT_Depth;3
BlockStat;28; 376; 452; 8; 8;ChromaQPAdj;0
BlockStat;28; 376; 452; 8; 8;QP;38
BlockStat;28; 376; 452; 8; 8;SplitSeries;4360225
BlockStat;28; 376; 452; 8; 8;SkipFlag;0
BlockStat;28; 376; 452; 8; 8;PredMode;1
BlockStat;28; 376; 452; 8; 8;Luma_IntraMode;42
BlockStat;28; 376; 452; 8; 8;MultiRefIdx;0
BlockStat;28; 376; 452; 8; 8;Cbf_Y;0
BlockStat;28; 376; 452; 8; 8;TransformSkipFlag_Y;0
BlockStat;28; 376; 460; 8; 4;Depth;5
BlockStat;28; 376; 460; 8; 4;QT_Depth;2
BlockStat;28; 376; 460; 8; 4;BT_Depth;5
BlockStat;28; 376; 460; 8; 4;MT_Depth;3
BlockStat;28; 376; 460; 8; 4;ChromaQPAdj;0
BlockStat;28; 376; 460; 8; 4;QP;38
BlockStat;28; 376; 460; 8; 4;SplitSeries;4360225
BlockStat;28; 376; 460; 8; 4;SkipFlag;0
BlockStat;28; 376; 460; 8; 4;PredMode;1
BlockStat;28; 376; 460; 8; 4;Luma_IntraMode;43
BlockStat;28; 376; 460; 8; 4;MultiRefIdx;1
BlockStat;28; 376; 460; 8; 4;Cbf_Y;0
BlockStat;28; 376; 460; 8; 4;TransformSkipFlag_Y;0
BlockStat;28;   0;   0; 0; 0;Depth;4
BlockStat;28;   0;   0; 0; 0;QT_Depth;2
BlockStat;28;   0;   0; 0; 0;BT_Depth;3
BlockStat;28;   0;   0; 0; 0;MT_Depth;2
BlockStat;28;   0;   0; 0; 0;ChromaQPAdj;0
BlockStat;28;   0;   0; 0; 0;QP;38
BlockStat;28;   0;   0; 0; 0;SplitSeries;165921
BlockStat;28;   0;   0; 0; 0;PredMode;1
BlockStat;28; 376; 448; 8;16;Chroma_IntraMode;67
BlockStat;28; 376; 448; 8;16;Cbf_Cb;0
BlockStat;28; 376; 448; 8;16;Cbf_Cr;0
BlockStat;28; 352; 464;16;16;Depth;4
BlockStat;28; 352; 464;16;16;QT_Depth;2
BlockStat;28; 352; 464;16;16;BT_Depth;2
BlockStat;28; 352; 464;16;16;MT_Depth;2
BlockStat;28; 352; 464;16;16;ChromaQPAdj;0
BlockStat;28; 352; 464;16;16;QP;38
BlockStat;28; 352; 464;16;16;SplitSeries;100385
BlockStat;28; 352; 464;16;16;SkipFlag;0
BlockStat;28; 352; 464;16;16;PredMode;0
BlockStat;28; 352; 464;16;16;MergeFlag;0
BlockStat;28; 352; 464;16;16;InterDir;1
BlockStat;28; 352; 464;16;16;AffineFlag;0
BlockStat;28; 352; 464;16;16;MVPIdxL0;0
BlockStat;28; 352; 464;16;16;RefIdxL0;0
BlockStat;28; 352; 464;16;16;MVDL0;   4; -48
BlockStat;28; 352; 464;16;16;MVL0; 228;-112
BlockStat;28; 352; 464;16;16;IMVMode;1
BlockStat;28; 352; 464;16;16;RootCbf;1
BlockStat;28; 352; 464;16;16;Cbf_Y;1
BlockStat;28; 352; 464;16;16;TransformSkipFlag_Y;0
BlockStat;28; 352; 464;16;16;Cbf_Cb;0
BlockStat;28; 352; 464;16;16;Cbf_Cr;0
BlockStat;28; 368; 464;16; 4;Depth;5
BlockStat;28; 368; 464;16; 4;QT_Depth;2
BlockStat;28; 368; 464;16; 4;BT_Depth;4
BlockStat;28; 368; 464;16; 4;MT_Depth;3
BlockStat;28; 368; 464;16; 4;ChromaQPAdj;0
BlockStat;28; 368; 464;16; 4;QP;38
BlockStat;28; 368; 464;16; 4;SplitSeries;4294689
BlockStat;28; 368; 464;16; 4;SkipFlag;0
BlockStat;28; 368; 464;16; 4;PredMode;1
BlockStat;28; 368; 464;16; 4;Luma_IntraMode;37
BlockStat;28; 368; 464;16; 4;Chroma_IntraMode;37
BlockStat;28; 368; 464;16; 4;MultiRefIdx;0
BlockStat;28; 368; 464;16; 4;Cbf_Y;1
BlockStat;28; 368; 464;16; 4;TransformSkipFlag_Y;2
BlockStat;28; 368; 464;16; 4;Cbf_Cb;0
BlockStat;28; 368; 464;16; 4;Cbf_Cr;0
BlockStat;28; 368; 468;16; 8;Depth;5
BlockStat;28; 368; 468;16; 8;QT_Depth;2
BlockStat;28; 368; 468;16; 8;BT_Depth;3
BlockStat;28; 368; 468;16; 8;MT_Depth;3
BlockStat;28; 368; 468;16; 8;ChromaQPAdj;0
BlockStat;28; 368; 468;16; 8;QP;38
BlockStat;28; 368; 468;16; 8;SplitSeries;4294689
BlockStat;28; 368; 468;16; 8;SkipFlag;0
BlockStat;28; 368; 468;16; 8;PredMode;1
BlockStat;28; 368; 468;16; 8;Luma_IntraMode;38
BlockStat;28; 368; 468;16; 8;Chroma_IntraMode;38
BlockStat;28; 368; 468;16; 8;MultiRefIdx;1
BlockStat;28; 368; 468;16; 8;Cbf_Y;1
BlockStat;28; 368; 468;16; 8;TransformSkipFlag_Y;2
BlockStat;28; 368; 468;16; 8;Cbf_Cb;0
BlockStat;28; 368; 468;16; 8;Cbf_Cr;0
BlockStat;28; 368; 476;16; 4;Depth;5
BlockStat;28; 368; 476;16; 4;QT_Depth;2
BlockStat;28; 368; 476;16; 4;BT_Depth;4
BlockStat;28; 368; 476;16; 4;MT_Depth;3
BlockStat;28; 368; 476;16; 4;ChromaQPAdj;0
BlockStat;28; 368; 476;16; 4;QP;38
BlockStat;28; 368; 476;16; 4;SplitSeries;4294689
BlockStat;28; 368; 476;16; 4;SkipFlag;0
BlockStat;28; 368; 476;16; 4;PredMode;0
BlockStat;28; 368; 476;16; 4;MergeFlag;1
BlockStat;28; 368; 476;16; 4;MergeIdx;0
BlockStat;28; 368; 476;16; 4;MergeType;0
BlockStat;28; 368; 476;16; 4;MMVDMergeFlag;0
BlockStat;28; 368; 476;16; 4;MHIntraFlag;1
BlockStat;28; 368; 476;16; 4;Luma_IntraMode;0
BlockStat;28; 368; 476;16; 4;Chroma_IntraMode;70
BlockStat;28; 368; 476;16; 4;MVPIdxL0;255
BlockStat;28; 368; 476;16; 4;RefIdxL0;0
BlockStat;28; 368; 476;16; 4;MVDL0;   0;   0
BlockStat;28; 368; 476;16; 4;MVL0; 228;-112
BlockStat;28; 368; 476;16; 4;Cbf_Y;1
BlockStat;28; 368; 476;16; 4;TransformSkipFlag_Y;0
BlockStat;28; 368; 476;16; 4;Cbf_Cb;0
BlockStat;28; 368; 476;16; 4;Cbf_Cr;0
BlockStat;28; 384; 384; 8;16;Depth;4
BlockStat;28; 384; 384; 8;16;QT_Depth;3
BlockStat;28; 384; 384; 8;16;BT_Depth;1
BlockStat;28; 384; 384; 8;16;MT_Depth;1
BlockStat;28; 384; 384; 8;16;ChromaQPAdj;0
BlockStat;28; 384; 384; 8;16;QP;38
BlockStat;28; 384; 384; 8;16;SplitSeries;99361
BlockStat;28; 384; 384; 8;16;SkipFlag;0
BlockStat;28; 384; 384; 8;16;PredMode;1
BlockStat;28; 384; 384; 8;16;Luma_IntraMode;0
BlockStat;28; 384; 384; 8;16;Chroma_IntraMode;0
BlockStat;28; 384; 384; 8;16;MultiRefIdx;0
BlockStat;28; 384; 384; 8;16;Cbf_Y;1
BlockStat;28; 384; 384; 8;16;TransformSkipFlag_Y;0
BlockStat;28; 384; 384; 8;16;Cbf_Cb;0
BlockStat;28; 384; 384; 8;16;Cbf_Cr;0
BlockStat;28; 392; 384; 8;16;Depth;4
BlockStat;28; 392; 384; 8;16;QT_Depth;3
BlockStat;28; 392; 384; 8;16;BT_Depth;1
BlockStat;28; 392; 384; 8;16;MT_Depth;1
BlockStat;28; 392; 384; 8;16;ChromaQPAdj;0
BlockStat;28; 392; 384; 8;16;QP;38
BlockStat;28; 392; 384; 8;16;SplitSeries;99361
BlockStat;28; 392; 384; 8;16;SkipFlag;0
BlockStat;28; 392; 384; 8;16;PredMode;1
BlockStat;28; 392; 384; 8;16;Luma_IntraMode;51
BlockStat;28; 392; 384; 8;16;Chroma_IntraMode;51
BlockStat;28; 392; 384; 8;16;MultiRefIdx;0
BlockStat;28; 392; 384; 8;16;Cbf_Y;1
BlockStat;28; 392; 384; 8;16;TransformSkipFlag_Y;0
BlockStat;28; 392; 384; 8;16;Cbf_Cb;0
BlockStat;28; 392; 384; 8;16;Cbf_Cr;0
BlockStat;28; 400; 384;16; 8;Depth;4
BlockStat;28; 400; 384;16; 8;QT_Depth;3
BlockStat;28; 400; 384;16; 8;BT_Depth;1
BlockStat;28; 400; 384;16; 8;MT_Depth;1
BlockStat;28; 400; 384;16; 8;ChromaQPAdj;0
BlockStat;28; 400; 384;16; 8;QP;38
BlockStat;28; 400; 384;16; 8;SplitSeries;66593
BlockStat;28; 400; 384;16; 8;SkipFlag;0
BlockStat;28; 400; 384;16; 8;PredMode;1
BlockStat;28; 400; 384;16; 8;Luma_IntraMode;46
BlockStat;28; 400; 384;16; 8;Chroma_IntraMode;46
BlockStat;28; 400; 384;16; 8;MultiRefIdx;0
BlockStat;28; 400; 384;16; 8;Cbf_Y;1
BlockStat;28; 400; 384;16; 8;TransformSkipFlag_Y;0
BlockStat;28; 400; 384;16; 8;Cbf_Cb;0
BlockStat;28; 400; 384;16; 8;Cbf_Cr;1
BlockStat;28; 400; 392;16; 8;Depth;4
BlockStat;28; 400; 392;16; 8;QT_Depth;3
BlockStat;28; 400; 392;16; 8;BT_Depth;1
BlockStat;28; 400; 392;16; 8;MT_Depth;1
BlockStat;28; 400; 392;16; 8;ChromaQPAdj;0
BlockStat;28; 400; 392;16; 8;QP;38
BlockStat;28; 400; 392;16; 8;SplitSeries;66593
BlockStat;28; 400; 392;16; 8;SkipFlag;0
BlockStat;28; 400; 392;16; 8;PredMode;1
BlockStat;28; 400; 392;16; 8;Luma_IntraMode;51
BlockStat;28; 400; 392;16; 8;Chroma_IntraMode;51
BlockStat;28; 400; 392;16; 8;MultiRefIdx;0
BlockStat;28; 400; 392;16; 8;Cbf_Y;0
BlockStat;28; 400; 392;16; 8;TransformSkipFlag_Y;0
BlockStat;28; 400; 392;16; 8;Cbf_Cb;0
BlockStat;28; 400; 392;16; 8;Cbf_Cr;0
BlockStat;28; 384; 400;16;16;Depth;3
BlockStat;28; 384; 400;16;16;QT_Depth;3
BlockStat;28; 384; 400;16;16;BT_Depth;0
BlockStat;28; 384; 400;16;16;MT_Depth;0
BlockStat;28; 384; 400;16;16;ChromaQPAdj;0
BlockStat;28; 384; 400;16;16;QP;38
BlockStat;28; 384; 400;16;16;SplitSeries;1057
BlockStat;28; 384; 400;16;16;SkipFlag;0
BlockStat;28; 384; 400;16;16;PredMode;1
BlockStat;28; 384; 400;16;16;Luma_IntraMode;41
BlockStat;28; 384; 400;16;16;Chroma_IntraMode;41
BlockStat;28; 384; 400;16;16;MultiRefIdx;0
BlockStat;28; 384; 400;16;16;Cbf_Y;1
BlockStat;28; 384; 400;16;16;TransformSkipFlag_Y;2
BlockStat;28; 384; 400;16;16;Cbf_Cb;0
BlockStat;28; 384; 400;16;16;Cbf_Cr;0
BlockStat;28; 400; 400; 4; 4;Depth;6
BlockStat;28; 400; 400; 4; 4;QT_Depth;4
BlockStat;28; 400; 400; 4; 4;BT_Depth;2
BlockStat;28; 400; 400; 4; 4;MT_Depth;2
BlockStat;28; 400; 400; 4; 4;ChromaQPAdj;0
BlockStat;28; 400; 400; 4; 4;QP;38
BlockStat;28; 400; 400; 4; 4;SplitSeries;70288417
BlockStat;28; 400; 400; 4; 4;SkipFlag;0
BlockStat;28; 400; 400; 4; 4;PredMode;1
BlockStat;28; 400; 400; 4; 4;Luma_IntraMode;0
BlockStat;28; 400; 400; 4; 4;MultiRefIdx;0
BlockStat;28; 400; 400; 4; 4;Cbf_Y;1
BlockStat;28; 400; 400; 4; 4;TransformSkipFlag_Y;0
BlockStat;28; 400; 404; 4; 4;Depth;6
BlockStat;28; 400; 404; 4; 4;QT_Depth;4
BlockStat;28; 400; 404; 4; 4;BT_Depth;2
BlockStat;28; 400; 404; 4; 4;MT_Depth;2
BlockStat;28; 400; 404; 4; 4;ChromaQPAdj;0
BlockStat;28; 400; 404; 4; 4;QP;38
BlockStat;28; 400; 404; 4; 4;SplitSeries;70288417
BlockStat;28; 400; 404; 4; 4;SkipFlag;0
BlockStat;28; 400; 404; 4; 4;PredMode;1
BlockStat;28; 400; 404; 4; 4;Luma_IntraMode;41
BlockStat;28; 400; 404; 4; 4;MultiRefIdx;0
BlockStat;28; 400; 404; 4; 4;Cbf_Y;0
BlockStat;28; 400; 404; 4; 4;TransformSkipFlag_Y;0
BlockStat;28; 404; 400; 4; 8;Depth;5
BlockStat;28; 404; 400; 4; 8;QT_Depth;4
BlockStat;28; 404; 400; 4; 8;BT_Depth;1
BlockStat;28; 404; 400; 4; 8;MT_Depth;1
BlockStat;28; 404; 400; 4; 8;ChromaQPAdj;0
BlockStat;28; 404; 400; 4; 8;QP;38
BlockStat;28; 404; 400; 4; 8;SplitSeries;3179553
BlockStat;28; 404; 400; 4; 8;SkipFlag;0
BlockStat;28; 404; 400; 4; 8;PredMode;1
BlockStat;28; 404; 400; 4; 8;Luma_IntraMode;47
BlockStat;28; 404; 400; 4; 8;MultiRefIdx;0
BlockStat;28; 404; 400; 4; 8;Cbf_Y;1
BlockStat;28; 404; 400; 4; 8;TransformSkipFlag_Y;0
BlockStat;28;   0;   0; 0; 0;Depth;4
BlockStat;28;   0;   0; 0; 0;QT_Depth;4
BlockStat;28;   0;   0; 0; 0;BT_Depth;0
BlockStat;28;   0;   0; 0; 0;MT_Depth;0
BlockStat;28;   0;   0; 0; 0;ChromaQPAdj;0
BlockStat;28;   0;   0; 0; 0;QP;38
BlockStat;28;   0;   0; 0; 0;SplitSeries;33825
BlockStat;28;   0;   0; 0; 0;PredMode;1
BlockStat;28; 400; 400; 8; 8;Chroma_IntraMode;47
BlockStat;28; 400; 400; 8; 8;Cbf_Cb;0
BlockStat;28; 400; 400; 8; 8;Cbf_Cr;0
BlockStat;28; 408; 400; 8; 8;Depth;4
BlockStat;28; 408; 400; 8; 8;QT_Depth;4
BlockStat;28; 408; 400; 8; 8;BT_Depth;0
BlockStat;28; 408; 400; 8; 8;MT_Depth;0
BlockStat;28; 408; 400; 8; 8;ChromaQPAdj;0
BlockStat;28; 408; 400; 8; 8;QP;38
BlockStat;28; 408; 400; 8; 8;SplitSeries;33825
BlockStat;28; 408; 400; 8; 8;SkipFlag;0
BlockStat;28; 408; 400; 8; 8;PredMode;1
BlockStat;28; 408; 400; 8; 8;Luma_IntraMode;0
BlockStat;28; 408; 400; 8; 8;Chroma_IntraMode;0
BlockStat;28; 408; 400; 8; 8;MultiRefIdx;0
BlockStat;28; 408; 400; 8; 8;Cbf_Y;0
BlockStat;28; 408; 400; 8; 8;TransformSkipFlag_Y;0
BlockStat;28; 408; 400; 8; 8;Cbf_Cb;0
BlockStat;28; 408; 400; 8; 8;Cbf_Cr;0
BlockStat;28; 400; 408; 4; 4;Depth;6
BlockStat;28; 400; 408; 4; 4;QT_Depth;4
BlockStat;28; 400; 408; 4; 4;BT_Depth;2
BlockStat;28; 400; 408; 4; 4;MT_Depth;2
BlockStat;28; 400; 408; 4; 4;ChromaQPAdj;0
BlockStat;28; 400; 408; 4; 4;QP;38
BlockStat;28; 400; 408; 4; 4;SplitSeries;70288417
BlockStat;28; 400; 408; 4; 4;SkipFlag;0
BlockStat;28; 400; 408; 4; 4;PredMode;1
BlockStat;28; 400; 408; 4; 4;Luma_IntraMode;0
BlockStat;28; 400; 408; 4; 4;MultiRefIdx;0
BlockStat;28; 400; 408; 4; 4;Cbf_Y;1
BlockStat;28; 400; 408; 4; 4;TransformSkipFlag_Y;0
BlockStat;28; 400; 412; 4; 4;Depth;6
BlockStat;28; 400; 412; 4; 4;QT_Depth;4
BlockStat;28; 400; 412; 4; 4;BT_Depth;2
BlockStat;28; 400; 412; 4; 4;MT_Depth;2
BlockStat;28; 400; 412; 4; 4;ChromaQPAdj;0
BlockStat;28; 400; 412; 4; 4;QP;38
BlockStat;28; 400; 412; 4; 4;SplitSeries;70288417
BlockStat;28; 400; 412; 4; 4;SkipFlag;0
BlockStat;28; 400; 412; 4; 4;PredMode;1
BlockStat;28; 400; 412; 4; 4;Luma_IntraMode;41
BlockStat;28; 400; 412; 4; 4;MultiRefIdx;0
BlockStat;28; 400; 412; 4; 4;Cbf_Y;0
BlockStat;28; 400; 412; 4; 4;TransformSkipFlag_Y;0
BlockStat;28; 404; 408; 4; 8;Depth;5
BlockStat;28; 404; 408; 4; 8;QT_Depth;4
BlockStat;28; 404; 408; 4; 8;BT_Depth;1
BlockStat;28; 404; 408; 4; 8;MT_Depth;1
BlockStat;28; 404; 408; 4; 8;ChromaQPAdj;0
BlockStat;28; 404; 408; 4; 8;QP;38
BlockStat;28; 404; 408; 4; 8;SplitSeries;3179553
BlockStat;28; 404; 408; 4; 8;SkipFlag;0
BlockStat;28; 404; 408; 4; 8;PredMode;1
BlockStat;28; 404; 408; 4; 8;Luma_IntraMode;0
BlockStat;28; 404; 408; 4; 8;MultiRefIdx;0
BlockStat;28; 404; 408; 2; 8;Cbf_Y;2
BlockStat;28; 404; 408; 2; 8;TransformSkipFlag_Y;0
BlockStat;28; 406; 408; 2; 8;Cbf_Y;2
BlockStat;28; 406; 408; 2; 8;TransformSkipFlag_Y;0
BlockStat;28;   0;   0; 0; 0;Depth;4
BlockStat;28;   0;   0; 0; 0;QT_Depth;4
BlockStat;28;   0;   0; 0; 0;BT_Depth;0
BlockStat;28;   0;   0; 0; 0;MT_Depth;0
BlockStat;28;   0;   0; 0; 0;ChromaQPAdj;0
BlockStat;28;   0;   0; 0; 0;QP;38
BlockStat;28;   0;   0; 0; 0;SplitSeries;33825
BlockStat;28;   0;   0; 0; 0;PredMode;1
BlockStat;28; 400; 408; 8; 8;Chroma_IntraMode;67
BlockStat;28; 400; 408; 8; 8;Cbf_Cb;0
BlockStat;28; 400; 408; 8; 8;Cbf_Cr;0
BlockStat;28; 408; 408; 8; 8;Depth;4
BlockStat;28; 408; 408; 8; 8;QT_Depth;4
BlockStat;28; 408; 408; 8; 8;BT_Depth;0
BlockStat;28; 408; 408; 8; 8;MT_Depth;0
BlockStat;28; 408; 408; 8; 8;ChromaQPAdj;0
BlockStat;28; 408; 408; 8; 8;QP;38
BlockStat;28; 408; 408; 8; 8;SplitSeries;33825
BlockStat;28; 408; 408; 8; 8;SkipFlag;0
BlockStat;28; 408; 408; 8; 8;PredMode;1
BlockStat;28; 408; 408; 8; 8;Luma_IntraMode;0
BlockStat;28; 408; 408; 8; 8;Chroma_IntraMode;0
BlockStat;28; 408; 408; 8; 8;MultiRefIdx;0
BlockStat;28; 408; 408; 8; 8;Cbf_Y;1
BlockStat;28; 408; 408; 8; 8;TransformSkipFlag_Y;2
BlockStat;28; 408; 408; 8; 8;Cbf_Cb;0
BlockStat;28; 408; 408; 8; 8;Cbf_Cr;0
BlockStat;28; 416; 384;16;16;Depth;4
BlockStat;28; 416; 384;16;16;QT_Depth;2
BlockStat;28; 416; 384;16;16;BT_Depth;2
BlockStat;28; 416; 384;16;16;MT_Depth;2
BlockStat;28; 416; 384;16;16;ChromaQPAdj;0
BlockStat;28; 416; 384;16;16;QP;38
BlockStat;28; 416; 384;16;16;SplitSeries;100385
BlockStat;28; 416; 384;16;16;SkipFlag;0
BlockStat;28; 416; 384;16;16;PredMode;1
BlockStat;28; 416; 384;16;16;Luma_IntraMode;0
BlockStat;28; 416; 384;16;16;Chroma_IntraMode;0
BlockStat;28; 416; 384;16;16;MultiRefIdx;0
BlockStat;28; 416; 384;16;16;Cbf_Y;0
BlockStat;28; 416; 384;16;16;TransformSkipFlag_Y;0
BlockStat;28; 416; 384;16;16;Cbf_Cb;0
BlockStat;28; 416; 384;16;16;Cbf_Cr;0
BlockStat;28; 432; 384; 8;16;Depth;5
BlockStat;28; 432; 384; 8;16;QT_Depth;2
BlockStat;28; 432; 384; 8;16;BT_Depth;3
BlockStat;28; 432; 384; 8;16;MT_Depth;3
BlockStat;28; 432; 384; 8;16;ChromaQPAdj;0
BlockStat;28; 432; 384; 8;16;QP;38
BlockStat;28; 432; 384; 8;16;SplitSeries;3246113
BlockStat;28; 432; 384; 8;16;SkipFlag;0
BlockStat;28; 432; 384; 8;16;PredMode;1
BlockStat;28; 432; 384; 8;16;Luma_IntraMode;60
BlockStat;28; 432; 384; 8;16;Chroma_IntraMode;60
BlockStat;28; 432; 384; 8;16;MultiRefIdx;0
BlockStat;28; 432; 384; 8;16;Cbf_Y;1
BlockStat;28; 432; 384; 8;16;TransformSkipFlag_Y;2
BlockStat;28; 432; 384; 8;16;Cbf_Cb;0
BlockStat;28; 432; 384; 8;16;Cbf_Cr;0
BlockStat;28; 440; 384; 8;16;Depth;5
BlockStat;28; 440; 384; 8;16;QT_Depth;2
BlockStat;28; 440; 384; 8;16;BT_Depth;3
BlockStat;28; 440; 384; 8;16;MT_Depth;3
BlockStat;28; 440; 384; 8;16;ChromaQPAdj;0
BlockStat;28; 440; 384; 8;16;QP;38
BlockStat;28; 440; 384; 8;16;SplitSeries;3246113
BlockStat;28; 440; 384; 8;16;SkipFlag;1
BlockStat;28; 440; 384; 8;16;MMVDSkipFlag;0
BlockStat;28; 440; 384; 8;16;PredMode;0
BlockStat;28; 440; 384; 8;16;MergeIdx;0
BlockStat;28; 440; 384; 8;16;MergeType;0
BlockStat;28; 440; 384; 8;16;MMVDMergeFlag;0
BlockStat;28; 440; 384; 8;16;AffineFlag;0
BlockStat;28; 440; 384; 8;16;MVPIdxL0;255
BlockStat;28; 440; 384; 8;16;RefIdxL0;0
BlockStat;28; 440; 384; 8;16;MVDL0;   0;   0
BlockStat;28; 440; 384; 8;16;MVL0; -18;  24
BlockStat;28; 416; 400;16;16;Depth;4
BlockStat;28; 416; 400;16;16;QT_Depth;2
BlockStat;28; 416; 400;16;16;BT_Depth;2
BlockStat;28; 416; 400;16;16;MT_Depth;2
BlockStat;28; 416; 400;16;16;ChromaQPAdj;0
BlockStat;28; 416; 400;16;16;QP;38
BlockStat;28; 416; 400;16;16;SplitSeries;100385
BlockStat;28; 416; 400;16;16;SkipFlag;0
BlockStat;28; 416; 400;16;16;PredMode;1
BlockStat;28; 416; 400;16;16;Luma_IntraMode;56
BlockStat;28; 416; 400;16;16;Chroma_IntraMode;56
BlockStat;28; 416; 400;16;16;MultiRefIdx;0
BlockStat;28; 416; 400; 4;16;Cbf_Y;0
BlockStat;28; 416; 400; 4;16;TransformSkipFlag_Y;0
BlockStat;28;   0;   0; 0; 0;Cbf_Cb;0
BlockStat;28;   0;   0; 0; 0;Cbf_Cr;0
BlockStat;28; 420; 400; 4;16;Cbf_Y;0
BlockStat;28; 420; 400; 4;16;TransformSkipFlag_Y;0
BlockStat;28;   0;   0; 0; 0;Cbf_Cb;0
BlockStat;28;   0;   0; 0; 0;Cbf_Cr;0
BlockStat;28; 424; 400; 4;16;Cbf_Y;2
BlockStat;28; 424; 400; 4;16;TransformSkipFlag_Y;0
BlockStat;28;   0;   0; 0; 0;Cbf_Cb;0
BlockStat;28;   0;   0; 0; 0;Cbf_Cr;0
BlockStat;28; 428; 400; 4;16;Cbf_Y;2
BlockStat;28; 428; 400; 4;16;TransformSkipFlag_Y;0
BlockStat;28; 416; 400;16;16;Cbf_Cb;0
BlockStat;28; 416; 400;16;16;Cbf_Cr;0
BlockStat;28; 432; 400;16;16;Depth;4
BlockStat;28; 432; 400;16;16;QT_Depth;2
BlockStat;28; 432; 400;16;16;BT_Depth;2
BlockStat;28; 432; 400;16;16;MT_Depth;2
BlockStat;28; 432; 400;16;16;ChromaQPAdj;0
BlockStat;28; 432; 400;16;16;QP;38
BlockStat;28; 432; 400;16;16;SplitSeries;100385
BlockStat;28; 432; 400;16;16;SkipFlag;1
BlockStat;28; 432; 400;16;16;MMVDSkipFlag;0
BlockStat;28; 432; 400;16;16;PredMode;0
BlockStat;28; 432; 400;16;16;MergeIdx;0
BlockStat;28; 432; 400;16;16;MergeType;0
BlockStat;28; 432; 400;16;16;MMVDMergeFlag;1
BlockStat;28; 432; 400;16;16;MMVDMergeIdx;0
BlockStat;28; 432; 400;16;16;MVPIdxL0;255
BlockStat;28; 432; 400;16;16;RefIdxL0;0
BlockStat;28; 432; 400;16;16;MVDL0;   0;   0
BlockStat;28; 432; 400;16;16;MVL0; -17;  24
BlockStat;28; 384; 416;16;32;Depth;3
BlockStat;28; 384; 416;16;32;QT_Depth;2
BlockStat;28; 384; 416;16;32;BT_Depth;1
BlockStat;28; 384; 416;16;32;MT_Depth;1
BlockStat;28; 384; 416;16;32;ChromaQPAdj;0
BlockStat;28; 384; 416;16;32;QP;38
BlockStat;28; 384; 416;16;32;SplitSeries;3105
BlockStat;28; 384; 416;16;32;SkipFlag;0
BlockStat;28; 384; 416;16;32;PredMode;1
BlockStat;28; 384; 416;16;32;Luma_IntraMode;0
BlockStat;28; 384; 416;16;32;Chroma_IntraMode;0
BlockStat;28; 384; 416;16;32;MultiRefIdx;0
BlockStat;28; 384; 416;16;32;Cbf_Y;0
BlockStat;28; 384; 416;16;32;TransformSkipFlag_Y;0
BlockStat;28; 384; 416;16;32;Cbf_Cb;0
BlockStat;28; 384; 416;16;32;Cbf_Cr;0
BlockStat;28; 400; 416;16;32;Depth;3
BlockStat;28; 400; 416;16;32;QT_Depth;2
BlockStat;28; 400; 416;16;32;BT_Depth;1
BlockStat;28; 400; 416;16;32;MT_Depth;1
BlockStat;28; 400; 416;16;32;ChromaQPAdj;0
BlockStat;28; 400; 416;16;32;QP;38
BlockStat;28; 400; 416;16;32;SplitSeries;3105
BlockStat;28; 400; 416;16;32;SkipFlag;0
BlockStat;28; 400; 416;16;32;PredMode;1
BlockStat;28; 400; 416;16;32;Luma_IntraMode;1
BlockStat;28; 400; 416;16;32;Chroma_IntraMode;67
BlockStat;28; 400; 416;16;32;MultiRefIdx;0
BlockStat;28; 400; 416; 4;32;Cbf_Y;2
BlockStat;28; 400; 416; 4;32;TransformSkipFlag_Y;0
BlockStat;28;   0;   0; 0; 0;Cbf_Cb;0
BlockStat;28;   0;   0; 0; 0;Cbf_Cr;0
BlockStat;28; 404; 416; 4;32;Cbf_Y;2
BlockStat;28; 404; 416; 4;32;TransformSkipFlag_Y;0
BlockStat;28;   0;   0; 0; 0;Cbf_Cb;0
BlockStat;28;   0;   0; 0; 0;Cbf_Cr;0
BlockStat;28; 408; 416; 4;32;Cbf_Y;2
BlockStat;28; 408; 416; 4;32;TransformSkipFlag_Y;0
BlockStat;28;   0;   0; 0; 0;Cbf_Cb;0
BlockStat;28;   0;   0; 0; 0;Cbf_Cr;0
BlockStat;28; 412; 416; 4;32;Cbf_Y;0
BlockStat;28; 412; 416; 4;32;TransformSkipFlag_Y;0
BlockStat;28; 400; 416;16;32;Cbf_Cb;2
BlockStat;28; 400; 416;16;32;Cbf_Cr;0
BlockStat;28; 416; 416; 4;32;Depth;4
BlockStat;28; 416; 416; 4;32;QT_Depth;2
BlockStat;28; 416; 416; 4;32;BT_Depth;3
BlockStat;28; 416; 416; 4;32;MT_Depth;2
BlockStat;28; 416; 416; 4;32;ChromaQPAdj;0
BlockStat;28; 416; 416; 4;32;QP;38
BlockStat;28; 416; 416; 4;32;SplitSeries;166945
BlockStat;28; 416; 416; 4;32;SkipFlag;0
BlockStat;28; 416; 416; 4;32;PredMode;1
BlockStat;28; 416; 416; 4;32;Luma_IntraMode;0
BlockStat;28; 416; 416; 4;32;Chroma_IntraMode;0
BlockStat;28; 416; 416; 4;32;MultiRefIdx;0
BlockStat;28; 416; 416; 4;32;Cbf_Y;0
BlockStat;28; 416; 416; 4;32;TransformSkipFlag_Y;0
BlockStat;28; 416; 416; 4;32;Cbf_Cb;0
BlockStat;28; 416; 416; 4;32;Cbf_Cr;0
BlockStat;28; 420; 416; 8;32;Depth;4
BlockStat;28; 420; 416; 8;32;QT_Depth;2
BlockStat;28; 420; 416; 8;32;BT_Depth;2
BlockStat;28; 420; 416; 8;32;MT_Depth;2
BlockStat;28; 420; 416; 8;32;ChromaQPAdj;0
BlockStat;28; 420; 416; 8;32;QP;38
BlockStat;28; 420; 416; 8;32;SplitSeries;166945
BlockStat;28; 420; 416; 8;32;SkipFlag;0
BlockStat;28; 420; 416; 8;32;PredMode;1
BlockStat;28; 420; 416; 8;32;Luma_IntraMode;0
BlockStat;28; 420; 416; 8;32;Chroma_IntraMode;0
BlockStat;28; 420; 416; 8;32;MultiRefIdx;0
BlockStat;28; 420; 416; 8;32;Cbf_Y;1
BlockStat;28; 420; 416; 8;32;TransformSkipFlag_Y;2
BlockStat;28; 420; 416; 8;32;Cbf_Cb;1
BlockStat;28; 420; 416; 8;32;Cbf_Cr;0
BlockStat;28; 428; 416; 4;32;Depth;4
BlockStat;28; 428; 416; 4;32;QT_Depth;2
BlockStat;28; 428; 416; 4;32;BT_Depth;3
BlockStat;28; 428; 416; 4;32;MT_Depth;2
BlockStat;28; 428; 416; 4;32;ChromaQPAdj;0
BlockStat;28; 428; 416; 4;32;QP;38
BlockStat;28; 428; 416; 4;32;SplitSeries;166945
BlockStat;28; 428; 416; 4;32;SkipFlag;0
BlockStat;28; 428; 416; 4;32;PredMode;0
BlockStat;28; 428; 416; 4;32;MergeFlag;1
BlockStat;28; 428; 416; 4;32;MergeIdx;0
BlockStat;28; 428; 416; 4;32;MergeType;0
BlockStat;28; 428; 416; 4;32;MMVDMergeFlag;0
BlockStat;28; 428; 416; 4;32;MHIntraFlag;0
BlockStat;28; 428; 416; 4;32;MVPIdxL0;255
BlockStat;28; 428; 416; 4;32;RefIdxL0;0
BlockStat;28; 428; 416; 4;32;MVDL0;   0;   0
BlockStat;28; 428; 416; 4;32;MVL0; -17;  24
BlockStat;28; 428; 416; 4;32;Cbf_Y;1
BlockStat;28; 428; 416; 4;32;TransformSkipFlag_Y;0
BlockStat;28; 428; 416; 4;32;Cbf_Cb;0
BlockStat;28; 428; 416; 4;32;Cbf_Cr;0
BlockStat;28; 432; 416;16;32;Depth;3
BlockStat;28; 432; 416;16;32;QT_Depth;2
BlockStat;28; 432; 416;16;32;BT_Depth;1
BlockStat;28; 432; 416;16;32;MT_Depth;1
BlockStat;28; 432; 416;16;32;ChromaQPAdj;0
BlockStat;28; 432; 416;16;32;QP;38
BlockStat;28; 432; 416;16;32;SplitSeries;3105
BlockStat;28; 432; 416;16;32;SkipFlag;1
BlockStat;28; 432; 416;16;32;MMVDSkipFlag;0
BlockStat;28; 432; 416;16;32;PredMode;0
BlockStat;28; 432; 416;16;32;MergeIdx;0
BlockStat;28; 432; 416;16;32;MergeType;0
BlockStat;28; 432; 416;16;32;MMVDMergeFlag;0
BlockStat;28; 432; 416;16;32;AffineFlag;0
BlockStat;28; 432; 416;16;32;MVPIdxL0;255
BlockStat;28; 432; 416;16;32;RefIdxL0;0
BlockStat;28; 432; 416;16;32;MVDL0;   0;   0
BlockStat;28; 432; 416;16;32;MVL0; -17;  24
BlockStat;28; 448; 384;32;32;Depth;2
BlockStat;28; 448; 384;32;32;QT_Depth;2
BlockStat;28; 448; 384;32;32;BT_Depth;0
BlockStat;28; 448; 384;32;32;MT_Depth;0
BlockStat;28; 448; 384;32;32;ChromaQPAdj;0
BlockStat;28; 448; 384;32;32;QP;38
BlockStat;28; 448; 384;32;32;SplitSeries;33
BlockStat;28; 448; 384;32;32;SkipFlag;1
BlockStat;28; 448; 384;32;32;MMVDSkipFlag;0
BlockStat;28; 448; 384;32;32;PredMode;0
BlockStat;28; 448; 384;32;32;MergeIdx;5
BlockStat;28; 448; 384;32;32;MergeType;0
BlockStat;28; 448; 384;32;32;MMVDMergeFlag;0
BlockStat;28; 448; 384;32;32;AffineFlag;0
BlockStat;28; 448; 384;32;32;MVPIdxL0;255
BlockStat;28; 448; 384;32;32;RefIdxL0;0
BlockStat;28; 448; 384;32;32;MVDL0;   0;   0
BlockStat;28; 448; 384;32;32;MVL0; -18;  24
BlockStat;28; 480; 384; 8;32;Depth;3
BlockStat;28; 480; 384; 8;32;QT_Depth;2
BlockStat;28; 480; 384; 8;32;BT_Depth;2
BlockStat;28; 480; 384; 8;32;MT_Depth;1
BlockStat;28; 480; 384; 8;32;ChromaQPAdj;0
BlockStat;28; 480; 384; 8;32;QP;38
BlockStat;28; 480; 384; 8;32;SplitSeries;5153
BlockStat;28; 480; 384; 8;32;SkipFlag;1
BlockStat;28; 480; 384; 8;32;MMVDSkipFlag;0
BlockStat;28; 480; 384; 8;32;PredMode;0
BlockStat;28; 480; 384; 8;32;MergeIdx;1
BlockStat;28; 480; 384; 8;32;MergeType;0
BlockStat;28; 480; 384; 8;32;MMVDMergeFlag;0
BlockStat;28; 480; 384; 8;32;AffineFlag;0
BlockStat;28; 480; 384; 8;32;MVPIdxL0;255
BlockStat;28; 480; 384; 8;32;RefIdxL0;0
BlockStat;28; 480; 384; 8;32;MVDL0;   0;   0
BlockStat;28; 480; 384; 8;32;MVL0; -17;  24
BlockStat;28; 488; 384;16;32;Depth;3
BlockStat;28; 488; 384;16;32;QT_Depth;2
BlockStat;28; 488; 384;16;32;BT_Depth;1
BlockStat;28; 488; 384;16;32;MT_Depth;1
BlockStat;28; 488; 384;16;32;ChromaQPAdj;0
BlockStat;28; 488; 384;16;32;QP;38
BlockStat;28; 488; 384;16;32;SplitSeries;5153
BlockStat;28; 488; 384;16;32;SkipFlag;1
BlockStat;28; 488; 384;16;32;MMVDSkipFlag;0
BlockStat;28; 488; 384;16;32;PredMode;0
BlockStat;28; 488; 384;16;32;MergeIdx;2
BlockStat;28; 488; 384;16;32;MergeType;0
BlockStat;28; 488; 384;16;32;MMVDMergeFlag;0
BlockStat;28; 488; 384;16;32;AffineFlag;0
BlockStat;28; 488; 384;16;32;MVPIdxL0;255
BlockStat;28; 488; 384;16;32;RefIdxL0;0
BlockStat;28; 488; 384;16;32;MVDL0;   0;   0
BlockStat;28; 488; 384;16;32;MVL0; -18;  24
BlockStat;28; 504; 384; 4;32;Depth;4
BlockStat;28; 504; 384; 4;32;QT_Depth;2
BlockStat;28; 504; 384; 4;32;BT_Depth;3
BlockStat;28; 504; 384; 4;32;MT_Depth;2
BlockStat;28; 504; 384; 4;32;ChromaQPAdj;0
BlockStat;28; 504; 384; 4;32;QP;38
BlockStat;28; 504; 384; 4;32;SplitSeries;103457
BlockStat;28; 504; 384; 4;32;SkipFlag;1
BlockStat;28; 504; 384; 4;32;MMVDSkipFlag;0
BlockStat;28; 504; 384; 4;32;PredMode;0
BlockStat;28; 504; 384; 4;32;MergeIdx;0
BlockStat;28; 504; 384; 4;32;MergeType;0
BlockStat;28; 504; 384; 4;32;MMVDMergeFlag;0
BlockStat;28; 504; 384; 4;32;MVPIdxL0;255
BlockStat;28; 504; 384; 4;32;RefIdxL0;0
BlockStat;28; 504; 384; 4;32;MVDL0;   0;   0
BlockStat;28; 504; 384; 4;32;MVL0; -18;  24
BlockStat;28; 508; 384; 4;32;Depth;4
BlockStat;28; 508; 384; 4;32;QT_Depth;2
BlockStat;28; 508; 384; 4;32;BT_Depth;3
BlockStat;28; 508; 384; 4;32;MT_Depth;2
BlockStat;28; 508; 384; 4;32;ChromaQPAdj;0
BlockStat;28; 508; 384; 4;32;QP;38
BlockStat;28; 508; 384; 4;32;SplitSeries;103457
BlockStat;28; 508; 384; 4;32;SkipFlag;0
BlockStat;28; 508; 384; 4;32;PredMode;1
BlockStat;28; 508; 384; 4;32;Luma_IntraMode;0
BlockStat;28; 508; 384; 4;32;Chroma_IntraMode;0
BlockStat;28; 508; 384; 4;32;MultiRefIdx;0
BlockStat;28; 508; 384; 4; 8;Cbf_Y;2
BlockStat;28; 508; 384; 4; 8;TransformSkipFlag_Y;0
BlockStat;28;   0;   0; 0; 0;Cbf_Cb;0
BlockStat;28;   0;   0; 0; 0;Cbf_Cr;0
BlockStat;28; 508; 392; 4; 8;Cbf_Y;2
BlockStat;28; 508; 392; 4; 8;TransformSkipFlag_Y;0
BlockStat;28;   0;   0; 0; 0;Cbf_Cb;0
BlockStat;28;   0;   0; 0; 0;Cbf_Cr;0
BlockStat;28; 508; 400; 4; 8;Cbf_Y;2
BlockStat;28; 508; 400; 4; 8;TransformSkipFlag_Y;0
BlockStat;28;   0;   0; 0; 0;Cbf_Cb;0
BlockStat;28;   0;   0; 0; 0;Cbf_Cr;0
BlockStat;28; 508; 408; 4; 8;Cbf_Y;2
BlockStat;28; 508; 408; 4; 8;TransformSkipFlag_Y;0
BlockStat;28; 508; 384; 4;32;Cbf_Cb;0
BlockStat;28; 508; 384; 4;32;Cbf_Cr;0
BlockStat;28; 448; 416;32;32;Depth;2
BlockStat;28; 448; 416;32;32;QT_Depth;2
BlockStat;28; 448; 416;32;32;BT_Depth;0
BlockStat;28; 448; 416;32;32;MT_Depth;0
BlockStat;28; 448; 416;32;32;ChromaQPAdj;0
BlockStat;28; 448; 416;32;32;QP;38
BlockStat;28; 448; 416;32;32;SplitSeries;33
BlockStat;28; 448; 416;32;32;SkipFlag;1
BlockStat;28; 448; 416;32;32;MMVDSkipFlag;0
BlockStat;28; 448; 416;32;32;PredMode;0
BlockStat;28; 448; 416;32;32;MergeIdx;5
BlockStat;28; 448; 416;32;32;MergeType;0
BlockStat;28; 448; 416;32;32;MMVDMergeFlag;0
BlockStat;28; 448; 416;32;32;AffineFlag;0
BlockStat;28; 448; 416;32;32;MVPIdxL0;255
BlockStat;28; 448; 416;32;32;RefIdxL0;0
BlockStat;28; 448; 416;32;32;MVDL0;   0;   0
BlockStat;28; 448; 416;32;32;MVL0; -17;  24
BlockStat;28; 480; 416;16;32;Depth;3
BlockStat;28; 480; 416;16;32;QT_Depth;2
BlockStat;28; 480; 416;16;32;BT_Depth;1
BlockStat;28; 480; 416;16;32;MT_Depth;1
BlockStat;28; 480; 416;16;32;ChromaQPAdj;0
BlockStat;28; 480; 416;16;32;QP;38
BlockStat;28; 480; 416;16;32;SplitSeries;3105
BlockStat;28; 480; 416;16;32;SkipFlag;1
BlockStat;28; 480; 416;16;32;MMVDSkipFlag;0
BlockStat;28; 480; 416;16;32;PredMode;0
BlockStat;28; 480; 416;16;32;MergeIdx;1
BlockStat;28; 480; 416;16;32;MergeType;0
BlockStat;28; 480; 416;16;32;MMVDMergeFlag;0
BlockStat;28; 480; 416;16;32;AffineFlag;0
BlockStat;28; 480; 416;16;32;MVPIdxL0;255
BlockStat;28; 480; 416;16;32;RefIdxL0;0
BlockStat;28; 480; 416;16;32;MVDL0;   0;   0
BlockStat;28; 480; 416;16;32;MVL0; -18;  24
BlockStat;28; 496; 416;16;32;Depth;3
BlockStat;28; 496; 416;16;32;QT_Depth;2
BlockStat;28; 496; 416;16;32;BT_Depth;1
BlockStat;28; 496; 416;16;32;MT_Depth;1
BlockStat;28; 496; 416;16;32;ChromaQPAdj;0
BlockStat;28; 496; 416;16;32;QP;38
BlockStat;28; 496; 416;16;32;SplitSeries;3105
BlockStat;28; 496; 416;16;32;SkipFlag;1
BlockStat;28; 496; 416;16;32;MMVDSkipFlag;0
BlockStat;28; 496; 416;16;32;PredMode;0
BlockStat;28; 496; 416;16;32;MergeIdx;3
BlockStat;28; 496; 416;16;32;MergeType;0
BlockStat;28; 496; 416;16;32;MMVDMergeFlag;0
BlockStat;28; 496; 416;16;32;AffineFlag;0
BlockStat;28; 496; 416;16;32;MVPIdxL0;255
BlockStat;28; 496; 416;16;32;RefIdxL0;0
BlockStat: POC 28 @( 496, 416) [16x32] TrianglePartitioning={   0,  32,  16,   0}
BlockStat: POC 28 @[(496, 416)--(512, 416)--(496, 448)--] TriangleMVL0={ -18,  24}
BlockStat: POC 28 @[(512, 416)--(496, 448)--(512, 448)--] TriangleMVL0={ -17,  24}
BlockStat;28; 384; 448; 8;32;Depth;3
BlockStat;28; 384; 448; 8;32;QT_Depth;2
BlockStat;28; 384; 448; 8;32;BT_Depth;2
BlockStat;28; 384; 448; 8;32;MT_Depth;1
BlockStat;28; 384; 448; 8;32;ChromaQPAdj;0
BlockStat;28; 384; 448; 8;32;QP;38
BlockStat;28; 384; 448; 8;32;SplitSeries;5153
BlockStat;28; 384; 448; 8;32;SkipFlag;0
BlockStat;28; 384; 448; 8;32;PredMode;1
BlockStat;28; 384; 448; 8;32;Luma_IntraMode;9
BlockStat;28; 384; 448; 8;32;Chroma_IntraMode;67
BlockStat;28; 384; 448; 8;32;MultiRefIdx;0
BlockStat;28; 384; 448; 8;32;Cbf_Y;1
BlockStat;28; 384; 448; 8;32;TransformSkipFlag_Y;2
BlockStat;28; 384; 448; 8;32;Cbf_Cb;0
BlockStat;28; 384; 448; 8;32;Cbf_Cr;0
BlockStat;28; 392; 448; 4;32;Depth;4
BlockStat;28; 392; 448; 4;32;QT_Depth;2
BlockStat;28; 392; 448; 4;32;BT_Depth;3
BlockStat;28; 392; 448; 4;32;MT_Depth;2
BlockStat;28; 392; 448; 4;32;ChromaQPAdj;0
BlockStat;28; 392; 448; 4;32;QP;38
BlockStat;28; 392; 448; 4;32;SplitSeries;168993
BlockStat;28; 392; 448; 4;32;SkipFlag;0
BlockStat;28; 392; 448; 4;32;PredMode;1
BlockStat;28; 392; 448; 4;32;Luma_IntraMode;0
BlockStat;28; 392; 448; 4;32;Chroma_IntraMode;0
BlockStat;28; 392; 448; 4;32;MultiRefIdx;0
BlockStat;28; 392; 448; 4;32;Cbf_Y;0
BlockStat;28; 392; 448; 4;32;TransformSkipFlag_Y;0
BlockStat;28; 392; 448; 4;32;Cbf_Cb;0
BlockStat;28; 392; 448; 4;32;Cbf_Cr;0
BlockStat;28; 396; 448; 8;16;Depth;5
BlockStat;28; 396; 448; 8;16;QT_Depth;2
BlockStat;28; 396; 448; 8;16;BT_Depth;3
BlockStat;28; 396; 448; 8;16;MT_Depth;3
BlockStat;28; 396; 448; 8;16;ChromaQPAdj;0
BlockStat;28; 396; 448; 8;16;QP;38
BlockStat;28; 396; 448; 8;16;SplitSeries;2266145
BlockStat;28; 396; 448; 8;16;SkipFlag;0
BlockStat;28; 396; 448; 8;16;PredMode;1
BlockStat;28; 396; 448; 8;16;Luma_IntraMode;50
BlockStat;28; 396; 448; 8;16;Chroma_IntraMode;50
BlockStat;28; 396; 448; 8;16;MultiRefIdx;0
BlockStat;28; 396; 448; 8;16;Cbf_Y;1
BlockStat;28; 396; 448; 8;16;TransformSkipFlag_Y;1
BlockStat;28; 396; 448; 8;16;Cbf_Cb;0
BlockStat;28; 396; 448; 8;16;Cbf_Cr;0
BlockStat;28; 396; 464; 8;16;Depth;5
BlockStat;28; 396; 464; 8;16;QT_Depth;2
BlockStat;28; 396; 464; 8;16;BT_Depth;3
BlockStat;28; 396; 464; 8;16;MT_Depth;3
BlockStat;28; 396; 464; 8;16;ChromaQPAdj;0
BlockStat;28; 396; 464; 8;16;QP;38
BlockStat;28; 396; 464; 8;16;SplitSeries;2266145
BlockStat;28; 396; 464; 8;16;SkipFlag;0
BlockStat;28; 396; 464; 8;16;PredMode;1
BlockStat;28; 396; 464; 8;16;Luma_IntraMode;50
BlockStat;28; 396; 464; 8;16;Chroma_IntraMode;50
BlockStat;28; 396; 464; 8;16;MultiRefIdx;0
BlockStat;28; 396; 464; 8;16;Cbf_Y;1
BlockStat;28; 396; 464; 8;16;TransformSkipFlag_Y;0
BlockStat;28; 396; 464; 8;16;Cbf_Cb;0
BlockStat;28; 396; 464; 8;16;Cbf_Cr;0
BlockStat;28; 404; 448; 4; 8;Depth;5
BlockStat;28; 404; 448; 4; 8;QT_Depth;2
BlockStat;28; 404; 448; 4; 8;BT_Depth;5
BlockStat;28; 404; 448; 4; 8;MT_Depth;3
BlockStat;28; 404; 448; 4; 8;ChromaQPAdj;0
BlockStat;28; 404; 448; 4; 8;QP;38
BlockStat;28; 404; 448; 4; 8;SplitSeries;4363297
BlockStat;28; 404; 448; 4; 8;SkipFlag;0
BlockStat;28; 404; 448; 4; 8;PredMode;1
BlockStat;28; 404; 448; 4; 8;Luma_IntraMode;49
BlockStat;28; 404; 448; 4; 8;MultiRefIdx;0
BlockStat;28; 404; 448; 4; 8;Cbf_Y;1
BlockStat;28; 404; 448; 4; 8;TransformSkipFlag_Y;1
BlockStat;28; 404; 456; 4;16;Depth;5
BlockStat;28; 404; 456; 4;16;QT_Depth;2
BlockStat;28; 404; 456; 4;16;BT_Depth;4
BlockStat;28; 404; 456; 4;16;MT_Depth;3
BlockStat;28; 404; 456; 4;16;ChromaQPAdj;0
BlockStat;28; 404; 456; 4;16;QP;38
BlockStat;28; 404; 456; 4;16;SplitSeries;4363297
BlockStat;28; 404; 456; 4;16;SkipFlag;0
BlockStat;28; 404; 456; 4;16;PredMode;1
BlockStat;28; 404; 456; 4;16;Luma_IntraMode;56
BlockStat;28; 404; 456; 4;16;MultiRefIdx;0
BlockStat;28; 404; 456; 4;16;Cbf_Y;1
BlockStat;28; 404; 456; 4;16;TransformSkipFlag_Y;2
BlockStat;28; 404; 472; 4; 8;Depth;5
BlockStat;28; 404; 472; 4; 8;QT_Depth;2
BlockStat;28; 404; 472; 4; 8;BT_Depth;5
BlockStat;28; 404; 472; 4; 8;MT_Depth;3
BlockStat;28; 404; 472; 4; 8;ChromaQPAdj;0
BlockStat;28; 404; 472; 4; 8;QP;38
BlockStat;28; 404; 472; 4; 8;SplitSeries;4363297
BlockStat;28; 404; 472; 4; 8;SkipFlag;0
BlockStat;28; 404; 472; 4; 8;PredMode;1
BlockStat;28; 404; 472; 4; 8;Luma_IntraMode;55
BlockStat;28; 404; 472; 4; 8;MultiRefIdx;1
BlockStat;28; 404; 472; 4; 8;Cbf_Y;0
BlockStat;28; 404; 472; 4; 8;TransformSkipFlag_Y;0
BlockStat;28;   0;   0; 0; 0;Depth;4
BlockStat;28;   0;   0; 0; 0;QT_Depth;2
BlockStat;28;   0;   0; 0; 0;BT_Depth;3
BlockStat;28;   0;   0; 0; 0;MT_Depth;2
BlockStat;28;   0;   0; 0; 0;ChromaQPAdj;0
BlockStat;28;   0;   0; 0; 0;QP;38
BlockStat;28;   0;   0; 0; 0;SplitSeries;168993
BlockStat;28;   0;   0; 0; 0;PredMode;1
BlockStat;28; 404; 448; 4;32;Chroma_IntraMode;69
BlockStat;28; 404; 448; 4;32;Cbf_Cb;1
BlockStat;28; 404; 448; 4;32;Cbf_Cr;0
BlockStat;28; 408; 448; 4;16;Depth;5
BlockStat;28; 408; 448; 4;16;QT_Depth;2
BlockStat;28; 408; 448; 4;16;BT_Depth;4
BlockStat;28; 408; 448; 4;16;MT_Depth;3
BlockStat;28; 408; 448; 4;16;ChromaQPAdj;0
BlockStat;28; 408; 448; 4;16;QP;38
BlockStat;28; 408; 448; 4;16;SplitSeries;2200609
BlockStat;28; 408; 448; 4;16;SkipFlag;0
BlockStat;28; 408; 448; 4;16;PredMode;1
BlockStat;28; 408; 448; 4;16;Luma_IntraMode;7
BlockStat;28; 408; 448; 4;16;Chroma_IntraMode;67
BlockStat;28; 408; 448; 4;16;MultiRefIdx;0
BlockStat;28; 408; 448; 4;16;Cbf_Y;1
BlockStat;28; 408; 448; 4;16;TransformSkipFlag_Y;2
BlockStat;28; 408; 448; 4;16;Cbf_Cb;0
BlockStat;28; 408; 448; 4;16;Cbf_Cr;0
BlockStat;28; 408; 464; 4;16;Depth;5
BlockStat;28; 408; 464; 4;16;QT_Depth;2
BlockStat;28; 408; 464; 4;16;BT_Depth;4
BlockStat;28; 408; 464; 4;16;MT_Depth;3
BlockStat;28; 408; 464; 4;16;ChromaQPAdj;0
BlockStat;28; 408; 464; 4;16;QP;38
BlockStat;28; 408; 464; 4;16;SplitSeries;2200609
BlockStat;28; 408; 464; 4;16;SkipFlag;0
BlockStat;28; 408; 464; 4;16;PredMode;1
BlockStat;28; 408; 464; 4;16;Luma_IntraMode;0
BlockStat;28; 408; 464; 4;16;Chroma_IntraMode;0
BlockStat;28; 408; 464; 4;16;MultiRefIdx;0
BlockStat;28; 408; 464; 4; 4;Cbf_Y;2
BlockStat;28; 408; 464; 4; 4;TransformSkipFlag_Y;0
BlockStat;28;   0;   0; 0; 0;Cbf_Cb;0
BlockStat;28;   0;   0; 0; 0;Cbf_Cr;0
BlockStat;28; 408; 468; 4; 4;Cbf_Y;2
BlockStat;28; 408; 468; 4; 4;TransformSkipFlag_Y;0
BlockStat;28;   0;   0; 0; 0;Cbf_Cb;0
BlockStat;28;   0;   0; 0; 0;Cbf_Cr;0
BlockStat;28; 408; 472; 4; 4;Cbf_Y;2
BlockStat;28; 408; 472; 4; 4;TransformSkipFlag_Y;0
BlockStat;28;   0;   0; 0; 0;Cbf_Cb;0
BlockStat;28;   0;   0; 0; 0;Cbf_Cr;0
BlockStat;28; 408; 476; 4; 4;Cbf_Y;0
BlockStat;28; 408; 476; 4; 4;TransformSkipFlag_Y;0
BlockStat;28; 408; 464; 4;16;Cbf_Cb;0
BlockStat;28; 408; 464; 4;16;Cbf_Cr;0
BlockStat;28; 412; 448; 4;32;Depth;4
BlockStat;28; 412; 448; 4;32;QT_Depth;2
BlockStat;28; 412; 448; 4;32;BT_Depth;3
BlockStat;28; 412; 448; 4;32;MT_Depth;2
BlockStat;28; 412; 448; 4;32;ChromaQPAdj;0
BlockStat;28; 412; 448; 4;32;QP;38
BlockStat;28; 412; 448; 4;32;SplitSeries;103457
BlockStat;28; 412; 448; 4;32;SkipFlag;0
BlockStat;28; 412; 448; 4;32;PredMode;1
BlockStat;28; 412; 448; 4;32;Luma_IntraMode;1
BlockStat;28; 412; 448; 4;32;Chroma_IntraMode;1
BlockStat;28; 412; 448; 4;32;MultiRefIdx;0
BlockStat;28; 412; 448; 4;32;Cbf_Y;0
BlockStat;28; 412; 448; 4;32;TransformSkipFlag_Y;0
BlockStat;28; 412; 448; 4;32;Cbf_Cb;0
BlockStat;28; 412; 448; 4;32;Cbf_Cr;0
BlockStat;28; 416; 448;16;32;Depth;3
BlockStat;28; 416; 448;16;32;QT_Depth;2
BlockStat;28; 416; 448;16;32;BT_Depth;1
BlockStat;28; 416; 448;16;32;MT_Depth;1
BlockStat;28; 416; 448;16;32;ChromaQPAdj;0
BlockStat;28; 416; 448;16;32;QP;38
BlockStat;28; 416; 448;16;32;SplitSeries;3105
BlockStat;28; 416; 448;16;32;SkipFlag;0
BlockStat;28; 416; 448;16;32;PredMode;1
BlockStat;28; 416; 448;16;32;Luma_IntraMode;49
BlockStat;28; 416; 448;16;32;Chroma_IntraMode;49
BlockStat;28; 416; 448;16;32;MultiRefIdx;0
BlockStat;28; 416; 448;16;32;Cbf_Y;1
BlockStat;28; 416; 448;16;32;TransformSkipFlag_Y;0
BlockStat;28; 416; 448;16;32;Cbf_Cb;0
BlockStat;28; 416; 448;16;32;Cbf_Cr;0
BlockStat;28; 432; 448; 4; 8;Depth;5
BlockStat;28; 432; 448; 4; 8;QT_Depth;2
BlockStat;28; 432; 448; 4; 8;BT_Depth;5
BlockStat;28; 432; 448; 4; 8;MT_Depth;3
BlockStat;28; 432; 448; 4; 8;ChromaQPAdj;0
BlockStat;28; 432; 448; 4; 8;QP;38
BlockStat;28; 432; 448; 4; 8;SplitSeries;4361249
BlockStat;28; 432; 448; 4; 8;SkipFlag;1
BlockStat;28; 432; 448; 4; 8;MMVDSkipFlag;0
BlockStat;28; 432; 448; 4; 8;PredMode;0
BlockStat;28; 432; 448; 4; 8;MergeIdx;0
BlockStat;28; 432; 448; 4; 8;MergeType;0
BlockStat;28; 432; 448; 4; 8;MMVDMergeFlag;0
BlockStat;28; 432; 448; 4; 8;MVPIdxL0;255
BlockStat;28; 432; 448; 4; 8;RefIdxL0;0
BlockStat;28; 432; 448; 4; 8;MVDL0;   0;   0
BlockStat;28; 432; 448; 4; 8;MVL0; -17;  24
BlockStat;28; 432; 456; 4;16;Depth;5
BlockStat;28; 432; 456; 4;16;QT_Depth;2
BlockStat;28; 432; 456; 4;16;BT_Depth;4
BlockStat;28; 432; 456; 4;16;MT_Depth;3
BlockStat;28; 432; 456; 4;16;ChromaQPAdj;0
BlockStat;28; 432; 456; 4;16;QP;38
BlockStat;28; 432; 456; 4;16;SplitSeries;4361249
BlockStat;28; 432; 456; 4;16;SkipFlag;0
BlockStat;28; 432; 456; 4;16;PredMode;0
BlockStat;28; 432; 456; 4;16;MergeFlag;0
BlockStat;28; 432; 456; 4;16;InterDir;1
BlockStat;28; 432; 456; 4;16;MVPIdxL0;1
BlockStat;28; 432; 456; 4;16;RefIdxL0;0
BlockStat;28; 432; 456; 4;16;MVDL0;   8;  52
BlockStat;28; 432; 456; 4;16;MVL0; 236; -60
BlockStat;28; 432; 456; 4;16;IMVMode;1
BlockStat;28; 432; 456; 4;16;RootCbf;1
BlockStat;28; 432; 456; 4; 4;Cbf_Y;2
BlockStat;28; 432; 456; 4; 4;TransformSkipFlag_Y;0
BlockStat;28; 432; 456; 4; 4;Cbf_Cb;0
BlockStat;28; 432; 456; 4; 4;Cbf_Cr;0
BlockStat;28; 432; 460; 4;12;Cbf_Y;0
BlockStat;28; 432; 460; 4;12;TransformSkipFlag_Y;0
BlockStat;28; 432; 460; 4;12;Cbf_Cb;0
BlockStat;28; 432; 460; 4;12;Cbf_Cr;0
BlockStat;28; 432; 472; 4; 8;Depth;5
BlockStat;28; 432; 472; 4; 8;QT_Depth;2
BlockStat;28; 432; 472; 4; 8;BT_Depth;5
BlockStat;28; 432; 472; 4; 8;MT_Depth;3
BlockStat;28; 432; 472; 4; 8;ChromaQPAdj;0
BlockStat;28; 432; 472; 4; 8;QP;38
BlockStat;28; 432; 472; 4; 8;SplitSeries;4361249
BlockStat;28; 432; 472; 4; 8;SkipFlag;0
BlockStat;28; 432; 472; 4; 8;PredMode;0
BlockStat;28; 432; 472; 4; 8;MergeFlag;1
BlockStat;28; 432; 472; 4; 8;MergeIdx;0
BlockStat;28; 432; 472; 4; 8;MergeType;0
BlockStat;28; 432; 472; 4; 8;MMVDMergeFlag;0
BlockStat;28; 432; 472; 4; 8;MVPIdxL0;255
BlockStat;28; 432; 472; 4; 8;RefIdxL0;0
BlockStat;28; 432; 472; 4; 8;MVDL0;   0;   0
BlockStat;28; 432; 472; 4; 8;MVL0; 236; -60
BlockStat;28; 432; 472; 4; 8;Cbf_Y;1
BlockStat;28; 432; 472; 4; 8;TransformSkipFlag_Y;0
BlockStat;28; 432; 472; 4; 8;Cbf_Cb;0
BlockStat;28; 432; 472; 4; 8;Cbf_Cr;0
BlockStat;28; 436; 448; 8; 8;Depth;5
BlockStat;28; 436; 448; 8; 8;QT_Depth;2
BlockStat;28; 436; 448; 8; 8;BT_Depth;4
BlockStat;28; 436; 448; 8; 8;MT_Depth;3
BlockStat;28; 436; 448; 8; 8;ChromaQPAdj;0
BlockStat;28; 436; 448; 8; 8;QP;38
BlockStat;28; 436; 448; 8; 8;SplitSeries;4361249
BlockStat;28; 436; 448; 8; 8;SkipFlag;1
BlockStat;28; 436; 448; 8; 8;MMVDSkipFlag;0
BlockStat;28; 436; 448; 8; 8;PredMode;0
BlockStat;28; 436; 448; 8; 8;MergeIdx;0
BlockStat;28; 436; 448; 8; 8;MergeType;0
BlockStat;28; 436; 448; 8; 8;MMVDMergeFlag;0
BlockStat;28; 436; 448; 8; 8;AffineFlag;0
BlockStat;28; 436; 448; 8; 8;MVPIdxL0;255
BlockStat;28; 436; 448; 8; 8;RefIdxL0;0
BlockStat;28; 436; 448; 8; 8;MVDL0;   0;   0
BlockStat;28; 436; 448; 8; 8;MVL0; -17;  24
BlockStat;28; 436; 456; 8;16;Depth;5
BlockStat;28; 436; 456; 8;16;QT_Depth;2
BlockStat;28; 436; 456; 8;16;BT_Depth;3
BlockStat;28; 436; 456; 8;16;MT_Depth;3
BlockStat;28; 436; 456; 8;16;ChromaQPAdj;0
BlockStat;28; 436; 456; 8;16;QP;38
BlockStat;28; 436; 456; 8;16;SplitSeries;4361249
BlockStat;28; 436; 456; 8;16;SkipFlag;0
BlockStat;28; 436; 456; 8;16;PredMode;0
BlockStat;28; 436; 456; 8;16;MergeFlag;1
BlockStat;28; 436; 456; 8;16;MergeIdx;2
BlockStat;28; 436; 456; 8;16;MergeType;0
BlockStat;28; 436; 456; 8;16;MMVDMergeFlag;0
BlockStat;28; 436; 456; 8;16;AffineFlag;0
BlockStat;28; 436; 456; 8;16;MHIntraFlag;0
BlockStat;28; 436; 456; 8;16;MVPIdxL0;255
BlockStat;28; 436; 456; 8;16;RefIdxL0;0
BlockStat;28; 436; 456; 8;16;MVDL0;   0;   0
BlockStat;28; 436; 456; 8;16;MVL0; -18;  24
BlockStat;28; 436; 456; 8;12;Cbf_Y;0
BlockStat;28; 436; 456; 8;12;TransformSkipFlag_Y;0
BlockStat;28; 436; 456; 8;12;Cbf_Cb;0
BlockStat;28; 436; 456; 8;12;Cbf_Cr;0
BlockStat;28; 436; 468; 8; 4;Cbf_Y;2
BlockStat;28; 436; 468; 8; 4;TransformSkipFlag_Y;0
BlockStat;28; 436; 468; 8; 4;Cbf_Cb;0
BlockStat;28; 436; 468; 8; 4;Cbf_Cr;0
BlockStat;28; 436; 472; 8; 8;Depth;5
BlockStat;28; 436; 472; 8; 8;QT_Depth;2
BlockStat;28; 436; 472; 8; 8;BT_Depth;4
BlockStat;28; 436; 472; 8; 8;MT_Depth;3
BlockStat;28; 436; 472; 8; 8;ChromaQPAdj;0
BlockStat;28; 436; 472; 8; 8;QP;38
BlockStat;28; 436; 472; 8; 8;SplitSeries;4361249
BlockStat;28; 436; 472; 8; 8;SkipFlag;0
BlockStat;28; 436; 472; 8; 8;PredMode;1
BlockStat;28; 436; 472; 8; 8;Luma_IntraMode;1
BlockStat;28; 436; 472; 8; 8;Chroma_IntraMode;1
BlockStat;28; 436; 472; 8; 8;MultiRefIdx;0
BlockStat;28; 436; 472; 8; 8;Cbf_Y;1
BlockStat;28; 436; 472; 8; 8;TransformSkipFlag_Y;0
BlockStat;28; 436; 472; 8; 8;Cbf_Cb;0
BlockStat;28; 436; 472; 8; 8;Cbf_Cr;0
BlockStat;28; 444; 448; 4;32;Depth;4
BlockStat;28; 444; 448; 4;32;QT_Depth;2
BlockStat;28; 444; 448; 4;32;BT_Depth;3
BlockStat;28; 444; 448; 4;32;MT_Depth;2
BlockStat;28; 444; 448; 4;32;ChromaQPAdj;0
BlockStat;28; 444; 448; 4;32;QP;38
BlockStat;28; 444; 448; 4;32;SplitSeries;166945
BlockStat;28; 444; 448; 4;32;SkipFlag;0
BlockStat;28; 444; 448; 4;32;PredMode;0
BlockStat;28; 444; 448; 4;32;MergeFlag;1
BlockStat;28; 444; 448; 4;32;MergeIdx;2
BlockStat;28; 444; 448; 4;32;MergeType;0
BlockStat;28; 444; 448; 4;32;MMVDMergeFlag;0
BlockStat;28; 444; 448; 4;32;MHIntraFlag;0
BlockStat;28; 444; 448; 4;32;MVPIdxL0;255
BlockStat;28; 444; 448; 4;32;RefIdxL0;0
BlockStat;28; 444; 448; 4;32;MVDL0;   0;   0
BlockStat;28; 444; 448; 4;32;MVL0; -18;  24
BlockStat;28; 444; 448; 4;32;Cbf_Y;1
BlockStat;28; 444; 448; 4;32;TransformSkipFlag_Y;0
BlockStat;28; 444; 448; 4;32;Cbf_Cb;0
BlockStat;28; 444; 448; 4;32;Cbf_Cr;0
BlockStat;28; 448; 448;32; 8;Depth;3
BlockStat;28; 448; 448;32; 8;QT_Depth;2
BlockStat;28; 448; 448;32; 8;BT_Depth;2
BlockStat;28; 448; 448;32; 8;MT_Depth;1
BlockStat;28; 448; 448;32; 8;ChromaQPAdj;0
BlockStat;28; 448; 448;32; 8;QP;38
BlockStat;28; 448; 448;32; 8;SplitSeries;4129
BlockStat;28; 448; 448;32; 8;SkipFlag;1
BlockStat;28; 448; 448;32; 8;MMVDSkipFlag;0
BlockStat;28; 448; 448;32; 8;PredMode;0
BlockStat;28; 448; 448;32; 8;MergeIdx;0
BlockStat;28; 448; 448;32; 8;MergeType;0
BlockStat;28; 448; 448;32; 8;MMVDMergeFlag;0
BlockStat;28; 448; 448;32; 8;AffineFlag;0
BlockStat;28; 448; 448;32; 8;MVPIdxL0;255
BlockStat;28; 448; 448;32; 8;RefIdxL0;0
BlockStat;28; 448; 448;32; 8;MVDL0;   0;   0
BlockStat;28; 448; 448;32; 8;MVL0; -18;  24
BlockStat;28; 448; 456;32;16;Depth;3
BlockStat;28; 448; 456;32;16;QT_Depth;2
BlockStat;28; 448; 456;32;16;BT_Depth;1
BlockStat;28; 448; 456;32;16;MT_Depth;1
BlockStat;28; 448; 456;32;16;ChromaQPAdj;0
BlockStat;28; 448; 456;32;16;QP;38
BlockStat;28; 448; 456;32;16;SplitSeries;4129
BlockStat;28; 448; 456;32;16;SkipFlag;1
BlockStat;28; 448; 456;32;16;MMVDSkipFlag;0
BlockStat;28; 448; 456;32;16;PredMode;0
BlockStat;28; 448; 456;32;16;MergeIdx;1
BlockStat;28; 448; 456;32;16;MergeType;0
BlockStat;28; 448; 456;32;16;MMVDMergeFlag;0
BlockStat;28; 448; 456;32;16;AffineFlag;0
BlockStat;28; 448; 456;32;16;MVPIdxL0;255
BlockStat;28; 448; 456;32;16;RefIdxL0;0
BlockStat;28; 448; 456;32;16;MVDL0;   0;   0
BlockStat;28; 448; 456;32;16;MVL0; -17;  24
BlockStat;28; 448; 472;16; 8;Depth;4
BlockStat;28; 448; 472;16; 8;QT_Depth;2
BlockStat;28; 448; 472;16; 8;BT_Depth;3
BlockStat;28; 448; 472;16; 8;MT_Depth;2
BlockStat;28; 448; 472;16; 8;ChromaQPAdj;0
BlockStat;28; 448; 472;16; 8;QP;38
BlockStat;28; 448; 472;16; 8;SplitSeries;102433
BlockStat;28; 448; 472;16; 8;SkipFlag;0
BlockStat;28; 448; 472;16; 8;PredMode;0
BlockStat;28; 448; 472;16; 8;MergeFlag;1
BlockStat;28; 448; 472;16; 8;MergeIdx;2
BlockStat;28; 448; 472;16; 8;MergeType;0
BlockStat;28; 448; 472;16; 8;MMVDMergeFlag;0
BlockStat;28; 448; 472;16; 8;AffineFlag;0
BlockStat;28; 448; 472;16; 8;MHIntraFlag;0
BlockStat;28; 448; 472;16; 8;MVPIdxL0;255
BlockStat;28; 448; 472;16; 8;RefIdxL0;0
BlockStat: POC 28 @( 448, 472) [16x 8] TrianglePartitioning={   0,   8,  16,   0}
BlockStat: POC 28 @[(448, 472)--(464, 472)--(448, 480)--] TriangleMVL0={ -17,  24}
BlockStat: POC 28 @[(464, 472)--(448, 480)--(464, 480)--] TriangleMVL0={ 236, -60}
BlockStat;28; 448; 472;16; 8;Cbf_Y;1
BlockStat;28; 448; 472;16; 8;TransformSkipFlag_Y;0
BlockStat;28; 448; 472;16; 8;Cbf_Cb;0
BlockStat;28; 448; 472;16; 8;Cbf_Cr;0
BlockStat;28; 464; 472;16; 8;Depth;4
BlockStat;28; 464; 472;16; 8;QT_Depth;2
BlockStat;28; 464; 472;16; 8;BT_Depth;3
BlockStat;28; 464; 472;16; 8;MT_Depth;2
BlockStat;28; 464; 472;16; 8;ChromaQPAdj;0
BlockStat;28; 464; 472;16; 8;QP;38
BlockStat;28; 464; 472;16; 8;SplitSeries;102433
BlockStat;28; 464; 472;16; 8;SkipFlag;0
BlockStat;28; 464; 472;16; 8;PredMode;0
BlockStat;28; 464; 472;16; 8;MergeFlag;1
BlockStat;28; 464; 472;16; 8;MergeIdx;0
BlockStat;28; 464; 472;16; 8;MergeType;0
BlockStat;28; 464; 472;16; 8;MMVDMergeFlag;0
BlockStat;28; 464; 472;16; 8;AffineFlag;0
BlockStat;28; 464; 472;16; 8;MHIntraFlag;0
BlockStat;28; 464; 472;16; 8;MVPIdxL0;255
BlockStat;28; 464; 472;16; 8;RefIdxL0;0
BlockStat: POC 28 @( 464, 472) [16x 8] TrianglePartitioning={   0,   0,  16,   8}
BlockStat: POC 28 @[(464, 472)--(480, 472)--(480, 480)--] TriangleMVL0={ -17,  24}
BlockStat: POC 28 @[(464, 472)--(464, 480)--(480, 480)--] TriangleMVL0={ 236, -60}
BlockStat;28; 464; 472;16; 8;Cbf_Y;1
BlockStat;28; 464; 472;16; 8;TransformSkipFlag_Y;0
BlockStat;28; 464; 472;16; 8;Cbf_Cb;0
BlockStat;28; 464; 472;16; 8;Cbf_Cr;0
BlockStat;28; 480; 448;32; 8;Depth;3
BlockStat;28; 480; 448;32; 8;QT_Depth;2
BlockStat;28; 480; 448;32; 8;BT_Depth;2
BlockStat;28; 480; 448;32; 8;MT_Depth;1
BlockStat;28; 480; 448;32; 8;ChromaQPAdj;0
BlockStat;28; 480; 448;32; 8;QP;38
BlockStat;28; 480; 448;32; 8;SplitSeries;4129
BlockStat;28; 480; 448;32; 8;SkipFlag;1
BlockStat;28; 480; 448;32; 8;MMVDSkipFlag;0
BlockStat;28; 480; 448;32; 8;PredMode;0
BlockStat;28; 480; 448;32; 8;MergeIdx;2
BlockStat;28; 480; 448;32; 8;MergeType;0
BlockStat;28; 480; 448;32; 8;MMVDMergeFlag;1
BlockStat;28; 480; 448;32; 8;MMVDMergeIdx;2
BlockStat;28; 480; 448;32; 8;MVPIdxL0;255
BlockStat;28; 480; 448;32; 8;RefIdxL0;0
BlockStat;28; 480; 448;32; 8;MVDL0;   0;   0
BlockStat;28; 480; 448;32; 8;MVL0; -18;  25
BlockStat;28; 480; 456;16;16;Depth;4
BlockStat;28; 480; 456;16;16;QT_Depth;2
BlockStat;28; 480; 456;16;16;BT_Depth;2
BlockStat;28; 480; 456;16;16;MT_Depth;2
BlockStat;28; 480; 456;16;16;ChromaQPAdj;0
BlockStat;28; 480; 456;16;16;QP;38
BlockStat;28; 480; 456;16;16;SplitSeries;102433
BlockStat;28; 480; 456;16;16;SkipFlag;1
BlockStat;28; 480; 456;16;16;MMVDSkipFlag;0
BlockStat;28; 480; 456;16;16;PredMode;0
BlockStat;28; 480; 456;16;16;MergeIdx;0
BlockStat;28; 480; 456;16;16;MergeType;0
BlockStat;28; 480; 456;16;16;MMVDMergeFlag;0
BlockStat;28; 480; 456;16;16;AffineFlag;0
BlockStat;28; 480; 456;16;16;MVPIdxL0;255
BlockStat;28; 480; 456;16;16;RefIdxL0;0
BlockStat;28; 480; 456;16;16;MVDL0;   0;   0
BlockStat;28; 480; 456;16;16;MVL0; -17;  24
BlockStat;28; 496; 456;16;16;Depth;4
BlockStat;28; 496; 456;16;16;QT_Depth;2
BlockStat;28; 496; 456;16;16;BT_Depth;2
BlockStat;28; 496; 456;16;16;MT_Depth;2
BlockStat;28; 496; 456;16;16;ChromaQPAdj;0
BlockStat;28; 496; 456;16;16;QP;38
BlockStat;28; 496; 456;16;16;SplitSeries;102433
BlockStat;28; 496; 456;16;16;SkipFlag;1
BlockStat;28; 496; 456;16;16;MMVDSkipFlag;0
BlockStat;28; 496; 456;16;16;PredMode;0
BlockStat;28; 496; 456;16;16;MergeIdx;1
BlockStat;28; 496; 456;16;16;MergeType;0
BlockStat;28; 496; 456;16;16;MMVDMergeFlag;0
BlockStat;28; 496; 456;16;16;AffineFlag;0
BlockStat;28; 496; 456;16;16;MVPIdxL0;255
BlockStat;28; 496; 456;16;16;RefIdxL0;0
BlockStat: POC 28 @( 496, 456) [16x16] TrianglePartitioning={   0,  16,  16,   0}
BlockStat: POC 28 @[(496, 456)--(512, 456)--(496, 472)--] TriangleMVL0={ -17,  24}
BlockStat: POC 28 @[(512, 456)--(496, 472)--(512, 472)--] TriangleMVL0={ -18,  25}
BlockStat;28; 480; 472;32; 4;Depth;4
BlockStat;28; 480; 472;32; 4;QT_Depth;2
BlockStat;28; 480; 472;32; 4;BT_Depth;3
BlockStat;28; 480; 472;32; 4;MT_Depth;2
BlockStat;28; 480; 472;32; 4;ChromaQPAdj;0
BlockStat;28; 480; 472;32; 4;QP;38
BlockStat;28; 480; 472;32; 4;SplitSeries;69665
BlockStat;28; 480; 472;32; 4;SkipFlag;0
BlockStat;28; 480; 472;32; 4;PredMode;0
BlockStat;28; 480; 472;32; 4;MergeFlag;1
BlockStat;28; 480; 472;32; 4;MergeIdx;1
BlockStat;28; 480; 472;32; 4;MergeType;0
BlockStat;28; 480; 472;32; 4;MMVDMergeFlag;0
BlockStat;28; 480; 472;32; 4;MHIntraFlag;1
BlockStat;28; 480; 472;32; 4;Luma_IntraMode;0
BlockStat;28; 480; 472;32; 4;Chroma_IntraMode;70
BlockStat;28; 480; 472;32; 4;MVPIdxL0;255
BlockStat;28; 480; 472;32; 4;RefIdxL0;0
BlockStat;28; 480; 472;32; 4;MVDL0;   0;   0
BlockStat;28; 480; 472;32; 4;MVL0; -18;  25
BlockStat;28; 480; 472;32; 4;Cbf_Y;1
BlockStat;28; 480; 472;32; 4;TransformSkipFlag_Y;1
BlockStat;28; 480; 472;32; 4;Cbf_Cb;0
BlockStat;28; 480; 472;32; 4;Cbf_Cr;0
BlockStat;28; 480; 476; 8; 4;Depth;5
BlockStat;28; 480; 476; 8; 4;QT_Depth;2
BlockStat;28; 480; 476; 8; 4;BT_Depth;5
BlockStat;28; 480; 476; 8; 4;MT_Depth;3
BlockStat;28; 480; 476; 8; 4;ChromaQPAdj;0
BlockStat;28; 480; 476; 8; 4;QP;38
BlockStat;28; 480; 476; 8; 4;SplitSeries;5312545
BlockStat;28; 480; 476; 8; 4;SkipFlag;0
BlockStat;28; 480; 476; 8; 4;PredMode;1
BlockStat;28; 480; 476; 8; 4;Luma_IntraMode;1
BlockStat;28; 480; 476; 8; 4;MultiRefIdx;0
BlockStat;28; 480; 476; 8; 4;Cbf_Y;1
BlockStat;28; 480; 476; 8; 4;TransformSkipFlag_Y;0
BlockStat;28; 488; 476;16; 4;Depth;5
BlockStat;28; 488; 476;16; 4;QT_Depth;2
BlockStat;28; 488; 476;16; 4;BT_Depth;4
BlockStat;28; 488; 476;16; 4;MT_Depth;3
BlockStat;28; 488; 476;16; 4;ChromaQPAdj;0
BlockStat;28; 488; 476;16; 4;QP;38
BlockStat;28; 488; 476;16; 4;SplitSeries;5312545
BlockStat;28; 488; 476;16; 4;SkipFlag;0
BlockStat;28; 488; 476;16; 4;PredMode;1
BlockStat;28; 488; 476;16; 4;Luma_IntraMode;0
BlockStat;28; 488; 476;16; 4;MultiRefIdx;0
BlockStat;28; 488; 476;16; 4;Cbf_Y;1
BlockStat;28; 488; 476;16; 4;TransformSkipFlag_Y;2
BlockStat;28; 504; 476; 8; 4;Depth;5
BlockStat;28; 504; 476; 8; 4;QT_Depth;2
BlockStat;28; 504; 476; 8; 4;BT_Depth;5
BlockStat;28; 504; 476; 8; 4;MT_Depth;3
BlockStat;28; 504; 476; 8; 4;ChromaQPAdj;0
BlockStat;28; 504; 476; 8; 4;QP;38
BlockStat;28; 504; 476; 8; 4;SplitSeries;5312545
BlockStat;28; 504; 476; 8; 4;SkipFlag;0
BlockStat;28; 504; 476; 8; 4;PredMode;1
BlockStat;28; 504; 476; 8; 4;Luma_IntraMode;1
BlockStat;28; 504; 476; 8; 4;MultiRefIdx;0
BlockStat;28; 504; 476; 8; 4;Cbf_Y;1
BlockStat;28; 504; 476; 8; 4;TransformSkipFlag_Y;2
BlockStat;28;   0;   0; 0; 0;Depth;4
BlockStat;28;   0;   0; 0; 0;QT_Depth;2
BlockStat;28;   0;   0; 0; 0;BT_Depth;3
BlockStat;28;   0;   0; 0; 0;MT_Depth;2
BlockStat;28;   0;   0; 0; 0;ChromaQPAdj;0
BlockStat;28;   0;   0; 0; 0;QP;38
BlockStat;28;   0;   0; 0; 0;SplitSeries;69665
BlockStat;28;   0;   0; 0; 0;PredMode;1
BlockStat;28; 480; 476;32; 4;Chroma_IntraMode;0
BlockStat;28; 480; 476;32; 4;Cbf_Cb;0
BlockStat;28; 480; 476;32; 4;Cbf_Cr;0
BlockStat;28; 512; 384; 8;32;Depth;4
BlockStat;28; 512; 384; 8;32;QT_Depth;2
BlockStat;28; 512; 384; 8;32;BT_Depth;2
BlockStat;28; 512; 384; 8;32;MT_Depth;2
BlockStat;28; 512; 384; 8;32;ChromaQPAdj;0
BlockStat;28; 512; 384; 8;32;QP;38
BlockStat;28; 512; 384; 8;32;SplitSeries;101409
BlockStat;28; 512; 384; 8;32;SkipFlag;0
BlockStat;28; 512; 384; 8;32;PredMode;1
BlockStat;28; 512; 384; 8;32;Luma_IntraMode;0
BlockStat;28; 512; 384; 8;32;Chroma_IntraMode;0
BlockStat;28; 512; 384; 8;32;MultiRefIdx;0
BlockStat;28; 512; 384; 8;32;Cbf_Y;1
BlockStat;28; 512; 384; 8;32;TransformSkipFlag_Y;2
BlockStat;28; 512; 384; 8;32;Cbf_Cb;0
BlockStat;28; 512; 384; 8;32;Cbf_Cr;1
BlockStat;28; 520; 384; 8;16;Depth;5
BlockStat;28; 520; 384; 8;16;QT_Depth;2
BlockStat;28; 520; 384; 8;16;BT_Depth;3
BlockStat;28; 520; 384; 8;16;MT_Depth;3
BlockStat;28; 520; 384; 8;16;ChromaQPAdj;0
BlockStat;28; 520; 384; 8;16;QP;38
BlockStat;28; 520; 384; 8;16;SplitSeries;2198561
BlockStat;28; 520; 384; 8;16;SkipFlag;0
BlockStat;28; 520; 384; 8;16;PredMode;1
BlockStat;28; 520; 384; 8;16;Luma_IntraMode;50
BlockStat;28; 520; 384; 8;16;Chroma_IntraMode;50
BlockStat;28; 520; 384; 8;16;MultiRefIdx;0
BlockStat;28; 520; 384; 8;16;Cbf_Y;1
BlockStat;28; 520; 384; 8;16;TransformSkipFlag_Y;2
BlockStat;28; 520; 384; 8;16;Cbf_Cb;0
BlockStat;28; 520; 384; 8;16;Cbf_Cr;0
BlockStat;28; 520; 400; 8;16;Depth;5
BlockStat;28; 520; 400; 8;16;QT_Depth;2
BlockStat;28; 520; 400; 8;16;BT_Depth;3
BlockStat;28; 520; 400; 8;16;MT_Depth;3
BlockStat;28; 520; 400; 8;16;ChromaQPAdj;0
BlockStat;28; 520; 400; 8;16;QP;38
BlockStat;28; 520; 400; 8;16;SplitSeries;2198561
BlockStat;28; 520; 400; 8;16;SkipFlag;0
BlockStat;28; 520; 400; 8;16;PredMode;1
BlockStat;28; 520; 400; 8;16;Luma_IntraMode;0
BlockStat;28; 520; 400; 8;16;Chroma_IntraMode;0
BlockStat;28; 520; 400; 8;16;MultiRefIdx;0
BlockStat;28; 520; 400; 8;16;Cbf_Y;1
BlockStat;28; 520; 400; 8;16;TransformSkipFlag_Y;2
BlockStat;28; 520; 400; 8;16;Cbf_Cb;0
BlockStat;28; 520; 400; 8;16;Cbf_Cr;1
BlockStat;28; 528; 384;16;32;Depth;3
BlockStat;28; 528; 384;16;32;QT_Depth;2
BlockStat;28; 528; 384;16;32;BT_Depth;1
BlockStat;28; 528; 384;16;32;MT_Depth;1
BlockStat;28; 528; 384;16;32;ChromaQPAdj;0
BlockStat;28; 528; 384;16;32;QP;38
BlockStat;28; 528; 384;16;32;SplitSeries;3105
BlockStat;28; 528; 384;16;32;SkipFlag;0
BlockStat;28; 528; 384;16;32;PredMode;1
BlockStat;28; 528; 384;16;32;Luma_IntraMode;1
BlockStat;28; 528; 384;16;32;Chroma_IntraMode;1
BlockStat;28; 528; 384;16;32;MultiRefIdx;0
BlockStat;28; 528; 384;16;32;Cbf_Y;1
BlockStat;28; 528; 384;16;32;TransformSkipFlag_Y;0
BlockStat;28; 528; 384;16;32;Cbf_Cb;0
BlockStat;28; 528; 384;16;32;Cbf_Cr;0
BlockStat;28; 544; 384;16;32;Depth;3
BlockStat;28; 544; 384;16;32;QT_Depth;2
BlockStat;28; 544; 384;16;32;BT_Depth;1
BlockStat;28; 544; 384;16;32;MT_Depth;1
BlockStat;28; 544; 384;16;32;ChromaQPAdj;0
BlockStat;28; 544; 384;16;32;QP;38
BlockStat;28; 544; 384;16;32;SplitSeries;3105
BlockStat;28; 544; 384;16;32;SkipFlag;0
BlockStat;28; 544; 384;16;32;PredMode;1
BlockStat;28; 544; 384;16;32;Luma_IntraMode;0
BlockStat;28; 544; 384;16;32;Chroma_IntraMode;0
BlockStat;28; 544; 384;16;32;MultiRefIdx;0
BlockStat;28; 544; 384;16;32;Cbf_Y;1
BlockStat;28; 544; 384;16;32;TransformSkipFlag_Y;0
BlockStat;28; 544; 384;16;32;Cbf_Cb;0
BlockStat;28; 544; 384;16;32;Cbf_Cr;0
BlockStat;28; 560; 384;16;16;Depth;4
BlockStat;28; 560; 384;16;16;QT_Depth;2
BlockStat;28; 560; 384;16;16;BT_Depth;2
BlockStat;28; 560; 384;16;16;MT_Depth;2
BlockStat;28; 560; 384;16;16;ChromaQPAdj;0
BlockStat;28; 560; 384;16;16;QP;38
BlockStat;28; 560; 384;16;16;SplitSeries;68641
BlockStat;28; 560; 384;16;16;SkipFlag;0
BlockStat;28; 560; 384;16;16;PredMode;1
BlockStat;28; 560; 384;16;16;Luma_IntraMode;0
BlockStat;28; 560; 384;16;16;Chroma_IntraMode;0
BlockStat;28; 560; 384;16;16;MultiRefIdx;0
BlockStat;28; 560; 384;16;16;Cbf_Y;1
BlockStat;28; 560; 384;16;16;TransformSkipFlag_Y;2
BlockStat;28; 560; 384;16;16;Cbf_Cb;0
BlockStat;28; 560; 384;16;16;Cbf_Cr;0
BlockStat;28; 560; 400;16; 8;Depth;5
BlockStat;28; 560; 400;16; 8;QT_Depth;2
BlockStat;28; 560; 400;16; 8;BT_Depth;3
BlockStat;28; 560; 400;16; 8;MT_Depth;3
BlockStat;28; 560; 400;16; 8;ChromaQPAdj;0
BlockStat;28; 560; 400;16; 8;QP;38
BlockStat;28; 560; 400;16; 8;SplitSeries;2165793
BlockStat;28; 560; 400;16; 8;SkipFlag;0
BlockStat;28; 560; 400;16; 8;PredMode;1
BlockStat;28; 560; 400;16; 8;Luma_IntraMode;1
BlockStat;28; 560; 400;16; 8;Chroma_IntraMode;1
BlockStat;28; 560; 400;16; 8;MultiRefIdx;0
BlockStat;28; 560; 400;16; 8;Cbf_Y;1
BlockStat;28; 560; 400;16; 8;TransformSkipFlag_Y;2
BlockStat;28; 560; 400;16; 8;Cbf_Cb;0
BlockStat;28; 560; 400;16; 8;Cbf_Cr;0
BlockStat;28; 560; 408;16; 8;Depth;5
BlockStat;28; 560; 408;16; 8;QT_Depth;2
BlockStat;28; 560; 408;16; 8;BT_Depth;3
BlockStat;28; 560; 408;16; 8;MT_Depth;3
BlockStat;28; 560; 408;16; 8;ChromaQPAdj;0
BlockStat;28; 560; 408;16; 8;QP;38
BlockStat;28; 560; 408;16; 8;SplitSeries;2165793
BlockStat;28; 560; 408;16; 8;SkipFlag;0
BlockStat;28; 560; 408;16; 8;PredMode;1
BlockStat;28; 560; 408;16; 8;Luma_IntraMode;0
BlockStat;28; 560; 408;16; 8;Chroma_IntraMode;0
BlockStat;28; 560; 408;16; 8;MultiRefIdx;0
BlockStat;28; 560; 408;16; 2;Cbf_Y;2
BlockStat;28; 560; 408;16; 2;TransformSkipFlag_Y;0
BlockStat;28;   0;   0; 0; 0;Cbf_Cb;0
BlockStat;28;   0;   0; 0; 0;Cbf_Cr;0
BlockStat;28; 560; 410;16; 2;Cbf_Y;2
BlockStat;28; 560; 410;16; 2;TransformSkipFlag_Y;0
BlockStat;28;   0;   0; 0; 0;Cbf_Cb;0
BlockStat;28;   0;   0; 0; 0;Cbf_Cr;0
BlockStat;28; 560; 412;16; 2;Cbf_Y;2
BlockStat;28; 560; 412;16; 2;TransformSkipFlag_Y;0
BlockStat;28;   0;   0; 0; 0;Cbf_Cb;0
BlockStat;28;   0;   0; 0; 0;Cbf_Cr;0
BlockStat;28; 560; 414;16; 2;Cbf_Y;2
BlockStat;28; 560; 414;16; 2;TransformSkipFlag_Y;0
BlockStat;28; 560; 408;16; 8;Cbf_Cb;0
BlockStat;28; 560; 408;16; 8;Cbf_Cr;0
BlockStat;28; 512; 416; 8;16;Depth;4
BlockStat;28; 512; 416; 8;16;QT_Depth;2
BlockStat;28; 512; 416; 8;16;BT_Depth;3
BlockStat;28; 512; 416; 8;16;MT_Depth;2
BlockStat;28; 512; 416; 8;16;ChromaQPAdj;0
BlockStat;28; 512; 416; 8;16;QP;38
BlockStat;28; 512; 416; 8;16;SplitSeries;165921
BlockStat;28; 512; 416; 8;16;SkipFlag;1
BlockStat;28; 512; 416; 8;16;MMVDSkipFlag;0
BlockStat;28; 512; 416; 8;16;PredMode;0
BlockStat;28; 512; 416; 8;16;MergeIdx;0
BlockStat;28; 512; 416; 8;16;MergeType;0
BlockStat;28; 512; 416; 8;16;MMVDMergeFlag;0
BlockStat;28; 512; 416; 8;16;AffineFlag;0
BlockStat;28; 512; 416; 8;16;MVPIdxL0;255
BlockStat;28; 512; 416; 8;16;RefIdxL0;0
BlockStat: POC 28 @( 512, 416) [ 8x16] TrianglePartitioning={   0,   0,   8,  16}
BlockStat: POC 28 @[(512, 416)--(520, 416)--(520, 432)--] TriangleMVL0={ -18,  25}
BlockStat: POC 28 @[(512, 416)--(512, 432)--(520, 432)--] TriangleMVL0={ -17,  24}
BlockStat;28; 520; 416; 4;16;Depth;5
BlockStat;28; 520; 416; 4;16;QT_Depth;2
BlockStat;28; 520; 416; 4;16;BT_Depth;4
BlockStat;28; 520; 416; 4;16;MT_Depth;3
BlockStat;28; 520; 416; 4;16;ChromaQPAdj;0
BlockStat;28; 520; 416; 4;16;QP;38
BlockStat;28; 520; 416; 4;16;SplitSeries;5408801
BlockStat;28; 520; 416; 4;16;SkipFlag;0
BlockStat;28; 520; 416; 4;16;PredMode;0
BlockStat;28; 520; 416; 4;16;MergeFlag;1
BlockStat;28; 520; 416; 4;16;MergeIdx;3
BlockStat;28; 520; 416; 4;16;MergeType;0
BlockStat;28; 520; 416; 4;16;MMVDMergeFlag;0
BlockStat;28; 520; 416; 4;16;MHIntraFlag;0
BlockStat;28; 520; 416; 4;16;MVPIdxL0;255
BlockStat;28; 520; 416; 4;16;RefIdxL0;0
BlockStat: POC 28 @( 520, 416) [ 4x16] TrianglePartitioning={   0,   0,   4,  16}
BlockStat;28; 520; 416; 4;16;Cbf_Y;1
BlockStat;28; 520; 416; 4;16;TransformSkipFlag_Y;0
BlockStat;28; 520; 416; 4;16;Cbf_Cb;0
BlockStat;28; 520; 416; 4;16;Cbf_Cr;0
BlockStat;28; 524; 416; 8;16;Depth;5
BlockStat;28; 524; 416; 8;16;QT_Depth;2
BlockStat;28; 524; 416; 8;16;BT_Depth;3
BlockStat;28; 524; 416; 8;16;MT_Depth;3
BlockStat;28; 524; 416; 8;16;ChromaQPAdj;0
BlockStat;28; 524; 416; 8;16;QP;38
BlockStat;28; 524; 416; 8;16;SplitSeries;5408801
BlockStat;28; 524; 416; 8;16;SkipFlag;0
BlockStat;28; 524; 416; 8;16;PredMode;0
BlockStat;28; 524; 416; 8;16;MergeFlag;0
BlockStat;28; 524; 416; 8;16;InterDir;1
BlockStat;28; 524; 416; 8;16;MVPIdxL0;0
BlockStat;28; 524; 416; 8;16;RefIdxL0;0
BlockStat;28; 524; 416; 8;16;MVDL0;  96;   0
BlockStat;28; 524; 416; 8;16;MVL0;  80;  24
BlockStat;28; 524; 416; 8;16;IMVMode;1
BlockStat;28; 524; 416; 8;16;RootCbf;0
BlockStat;28; 532; 416; 4;16;Depth;5
BlockStat;28; 532; 416; 4;16;QT_Depth;2
BlockStat;28; 532; 416; 4;16;BT_Depth;4
BlockStat;28; 532; 416; 4;16;MT_Depth;3
BlockStat;28; 532; 416; 4;16;ChromaQPAdj;0
BlockStat;28; 532; 416; 4;16;QP;38
BlockStat;28; 532; 416; 4;16;SplitSeries;5408801
BlockStat;28; 532; 416; 4;16;SkipFlag;1
BlockStat;28; 532; 416; 4;16;MMVDSkipFlag;0
BlockStat;28; 532; 416; 4;16;PredMode;0
BlockStat;28; 532; 416; 4;16;MergeIdx;0
BlockStat;28; 532; 416; 4;16;MergeType;0
BlockStat;28; 532; 416; 4;16;MMVDMergeFlag;0
BlockStat;28; 532; 416; 4;16;MVPIdxL0;255
BlockStat;28; 532; 416; 4;16;RefIdxL0;0
BlockStat;28; 532; 416; 4;16;MVDL0;   0;   0
BlockStat;28; 532; 416; 4;16;MVL0;  80;  24
BlockStat;28; 536; 416; 8;16;Depth;4
BlockStat;28; 536; 416; 8;16;QT_Depth;2
BlockStat;28; 536; 416; 8;16;BT_Depth;3
BlockStat;28; 536; 416; 8;16;MT_Depth;2
BlockStat;28; 536; 416; 8;16;ChromaQPAdj;0
BlockStat;28; 536; 416; 8;16;QP;38
BlockStat;28; 536; 416; 8;16;SplitSeries;165921
BlockStat;28; 536; 416; 8;16;SkipFlag;1
BlockStat;28; 536; 416; 8;16;MMVDSkipFlag;0
BlockStat;28; 536; 416; 8;16;PredMode;0
BlockStat;28; 536; 416; 8;16;MergeIdx;0
BlockStat;28; 536; 416; 8;16;MergeType;0
BlockStat;28; 536; 416; 8;16;MMVDMergeFlag;0
BlockStat;28; 536; 416; 8;16;AffineFlag;0
BlockStat;28; 536; 416; 8;16;MVPIdxL0;255
BlockStat;28; 536; 416; 8;16;RefIdxL0;0
BlockStat;28; 536; 416; 8;16;MVDL0;   0;   0
BlockStat;28; 536; 416; 8;16;MVL0;  80;  24
BlockStat;28; 512; 432; 4;16;Depth;5
BlockStat;28; 512; 432; 4;16;QT_Depth;2
BlockStat;28; 512; 432; 4;16;BT_Depth;4
BlockStat;28; 512; 432; 4;16;MT_Depth;3
BlockStat;28; 512; 432; 4;16;ChromaQPAdj;0
BlockStat;28; 512; 432; 4;16;QP;38
BlockStat;28; 512; 432; 4;16;SplitSeries;5343265
BlockStat;28; 512; 432; 4;16;SkipFlag;1
BlockStat;28; 512; 432; 4;16;MMVDSkipFlag;0
BlockStat;28; 512; 432; 4;16;PredMode;0
BlockStat;28; 512; 432; 4;16;MergeIdx;0
BlockStat;28; 512; 432; 4;16;MergeType;0
BlockStat;28; 512; 432; 4;16;MMVDMergeFlag;0
BlockStat;28; 512; 432; 4;16;MVPIdxL0;255
BlockStat;28; 512; 432; 4;16;RefIdxL0;0
BlockStat;28; 512; 432; 4;16;MVDL0;   0;   0
BlockStat;28; 512; 432; 4;16;MVL0; -17;  24
BlockStat;28; 516; 432; 8;16;Depth;5
BlockStat;28; 516; 432; 8;16;QT_Depth;2
BlockStat;28; 516; 432; 8;16;BT_Depth;3
BlockStat;28; 516; 432; 8;16;MT_Depth;3
BlockStat;28; 516; 432; 8;16;ChromaQPAdj;0
BlockStat;28; 516; 432; 8;16;QP;38
BlockStat;28; 516; 432; 8;16;SplitSeries;5343265
BlockStat;28; 516; 432; 8;16;SkipFlag;1
BlockStat;28; 516; 432; 8;16;MMVDSkipFlag;0
BlockStat;28; 516; 432; 8;16;PredMode;0
BlockStat;28; 516; 432; 8;16;MergeIdx;0
BlockStat;28; 516; 432; 8;16;MergeType;0
BlockStat;28; 516; 432; 8;16;MMVDMergeFlag;0
BlockStat;28; 516; 432; 8;16;AffineFlag;0
BlockStat;28; 516; 432; 8;16;MVPIdxL0;255
BlockStat;28; 516; 432; 8;16;RefIdxL0;0
BlockStat;28; 516; 432; 8;16;MVDL0;   0;   0
BlockStat;28; 516; 432; 8;16;MVL0; -17;  24
BlockStat;28; 524; 432; 4;16;Depth;5
BlockStat;28; 524; 432; 4;16;QT_Depth;2
BlockStat;28; 524; 432; 4;16;BT_Depth;4
BlockStat;28; 524; 432; 4;16;MT_Depth;3
BlockStat;28; 524; 432; 4;16;ChromaQPAdj;0
BlockStat;28; 524; 432; 4;16;QP;38
BlockStat;28; 524; 432; 4;16;SplitSeries;5343265
BlockStat;28; 524; 432; 4;16;SkipFlag;0
BlockStat;28; 524; 432; 4;16;PredMode;1
BlockStat;28; 524; 432; 4;16;Luma_IntraMode;43
BlockStat;28; 524; 432; 4;16;Chroma_IntraMode;43
BlockStat;28; 524; 432; 4;16;MultiRefIdx;0
BlockStat;28; 524; 432; 4; 4;Cbf_Y;0
BlockStat;28; 524; 432; 4; 4;TransformSkipFlag_Y;0
BlockStat;28;   0;   0; 0; 0;Cbf_Cb;0
BlockStat;28;   0;   0; 0; 0;Cbf_Cr;0
BlockStat;28; 524; 436; 4; 4;Cbf_Y;0
BlockStat;28; 524; 436; 4; 4;TransformSkipFlag_Y;0
BlockStat;28;   0;   0; 0; 0;Cbf_Cb;0
BlockStat;28;   0;   0; 0; 0;Cbf_Cr;0
BlockStat;28; 524; 440; 4; 4;Cbf_Y;0
BlockStat;28; 524; 440; 4; 4;TransformSkipFlag_Y;0
BlockStat;28;   0;   0; 0; 0;Cbf_Cb;0
BlockStat;28;   0;   0; 0; 0;Cbf_Cr;0
BlockStat;28; 524; 444; 4; 4;Cbf_Y;2
BlockStat;28; 524; 444; 4; 4;TransformSkipFlag_Y;0
BlockStat;28; 524; 432; 4;16;Cbf_Cb;0
BlockStat;28; 524; 432; 4;16;Cbf_Cr;0
BlockStat;28; 528; 432;16;16;Depth;4
BlockStat;28; 528; 432;16;16;QT_Depth;2
BlockStat;28; 528; 432;16;16;BT_Depth;2
BlockStat;28; 528; 432;16;16;MT_Depth;2
BlockStat;28; 528; 432;16;16;ChromaQPAdj;0
BlockStat;28; 528; 432;16;16;QP;38
BlockStat;28; 528; 432;16;16;SplitSeries;100385
BlockStat;28; 528; 432;16;16;SkipFlag;0
BlockStat;28; 528; 432;16;16;PredMode;1
BlockStat;28; 528; 432;16;16;Luma_IntraMode;42
BlockStat;28; 528; 432;16;16;Chroma_IntraMode;42
BlockStat;28; 528; 432;16;16;MultiRefIdx;3
BlockStat;28; 528; 432;16;16;Cbf_Y;1
BlockStat;28; 528; 432;16;16;TransformSkipFlag_Y;0
BlockStat;28; 528; 432;16;16;Cbf_Cb;0
BlockStat;28; 528; 432;16;16;Cbf_Cr;0
BlockStat;28; 544; 416;16;16;Depth;4
BlockStat;28; 544; 416;16;16;QT_Depth;2
BlockStat;28; 544; 416;16;16;BT_Depth;2
BlockStat;28; 544; 416;16;16;MT_Depth;2
BlockStat;28; 544; 416;16;16;ChromaQPAdj;0
BlockStat;28; 544; 416;16;16;QP;38
BlockStat;28; 544; 416;16;16;SplitSeries;100385
BlockStat;28; 544; 416;16;16;SkipFlag;0
BlockStat;28; 544; 416;16;16;PredMode;1
BlockStat;28; 544; 416;16;16;Luma_IntraMode;0
BlockStat;28; 544; 416;16;16;Chroma_IntraMode;0
BlockStat;28; 544; 416;16;16;MultiRefIdx;0
BlockStat;28; 544; 416;16;16;Cbf_Y;0
BlockStat;28; 544; 416;16;16;TransformSkipFlag_Y;0
BlockStat;28; 544; 416;16;16;Cbf_Cb;0
BlockStat;28; 544; 416;16;16;Cbf_Cr;0
BlockStat;28; 560; 416;16;16;Depth;4
BlockStat;28; 560; 416;16;16;QT_Depth;2
BlockStat;28; 560; 416;16;16;BT_Depth;2
BlockStat;28; 560; 416;16;16;MT_Depth;2
BlockStat;28; 560; 416;16;16;ChromaQPAdj;0
BlockStat;28; 560; 416;16;16;QP;38
BlockStat;28; 560; 416;16;16;SplitSeries;100385
BlockStat;28; 560; 416;16;16;SkipFlag;0
BlockStat;28; 560; 416;16;16;PredMode;0
BlockStat;28; 560; 416;16;16;MergeFlag;0
BlockStat;28; 560; 416;16;16;InterDir;1
BlockStat;28; 560; 416;16;16;AffineFlag;0
BlockStat;28; 560; 416;16;16;MVPIdxL0;0
BlockStat;28; 560; 416;16;16;RefIdxL0;0
BlockStat;28; 560; 416;16;16;MVDL0; -80;  16
BlockStat;28; 560; 416;16;16;MVL0; 160; -48
BlockStat;28; 560; 416;16;16;IMVMode;2
BlockStat;28; 560; 416;16;16;RootCbf;0
BlockStat;28; 544; 432;32;16;Depth;3
BlockStat;28; 544; 432;32;16;QT_Depth;2
BlockStat;28; 544; 432;32;16;BT_Depth;1
BlockStat;28; 544; 432;32;16;MT_Depth;1
BlockStat;28; 544; 432;32;16;ChromaQPAdj;0
BlockStat;28; 544; 432;32;16;QP;38
BlockStat;28; 544; 432;32;16;SplitSeries;2081
BlockStat;28; 544; 432;32;16;SkipFlag;0
BlockStat;28; 544; 432;32;16;PredMode;1
BlockStat;28; 544; 432;32;16;Luma_IntraMode;43
BlockStat;28; 544; 432;32;16;Chroma_IntraMode;43
BlockStat;28; 544; 432;32;16;MultiRefIdx;0
BlockStat;28; 544; 432;32;16;Cbf_Y;1
BlockStat;28; 544; 432;32;16;TransformSkipFlag_Y;2
BlockStat;28; 544; 432;32;16;Cbf_Cb;0
BlockStat;28; 544; 432;32;16;Cbf_Cr;0
BlockStat;28; 576; 384;64;64;Depth;1
BlockStat;28; 576; 384;64;64;QT_Depth;1
BlockStat;28; 576; 384;64;64;BT_Depth;0
BlockStat;28; 576; 384;64;64;MT_Depth;0
BlockStat;28; 576; 384;64;64;ChromaQPAdj;0
BlockStat;28; 576; 384;64;64;QP;38
BlockStat;28; 576; 384;64;64;SplitSeries;1
BlockStat;28; 576; 384;64;64;SkipFlag;0
BlockStat;28; 576; 384;64;64;PredMode;0
BlockStat;28; 576; 384;64;64;MergeFlag;0
BlockStat;28; 576; 384;64;64;InterDir;1
BlockStat;28; 576; 384;64;64;AffineFlag;1
BlockStat;28; 576; 384;64;64;AffineType;0
BlockStat;28; 576; 384;64;64;MVPIdxL0;0
BlockStat;28; 576; 384;64;64;RefIdxL0;1
BlockStat;28; 576; 384;64;64;AffineMVL0; 343;  83; 317;  83; 343;  57
BlockStat;28; 576; 384;64;64;RootCbf;1
BlockStat;28; 576; 384;64;64;Cbf_Y;1
BlockStat;28; 576; 384;64;64;TransformSkipFlag_Y;0
BlockStat;28; 576; 384;64;64;Cbf_Cb;0
BlockStat;28; 576; 384;64;64;Cbf_Cr;0
BlockStat;28; 512; 448;16;32;Depth;3
BlockStat;28; 512; 448;16;32;QT_Depth;2
BlockStat;28; 512; 448;16;32;BT_Depth;1
BlockStat;28; 512; 448;16;32;MT_Depth;1
BlockStat;28; 512; 448;16;32;ChromaQPAdj;0
BlockStat;28; 512; 448;16;32;QP;38
BlockStat;28; 512; 448;16;32;SplitSeries;3105
BlockStat;28; 512; 448;16;32;SkipFlag;0
BlockStat;28; 512; 448;16;32;PredMode;0
BlockStat;28; 512; 448;16;32;MergeFlag;1
BlockStat;28; 512; 448;16;32;MergeIdx;0
BlockStat;28; 512; 448;16;32;MergeType;0
BlockStat;28; 512; 448;16;32;MMVDMergeFlag;0
BlockStat;28; 512; 448;16;32;AffineFlag;0
BlockStat;28; 512; 448;16;32;MHIntraFlag;0
BlockStat;28; 512; 448;16;32;MVPIdxL0;255
BlockStat;28; 512; 448;16;32;RefIdxL0;0
BlockStat;28; 512; 448;16;32;MVDL0;   0;   0
BlockStat;28; 512; 448;16;32;MVL0; -17;  24
BlockStat;28; 512; 448;16;24;Cbf_Y;0
BlockStat;28; 512; 448;16;24;TransformSkipFlag_Y;0
BlockStat;28; 512; 448;16;24;Cbf_Cb;0
BlockStat;28; 512; 448;16;24;Cbf_Cr;0
BlockStat;28; 512; 472;16; 8;Cbf_Y;2
BlockStat;28; 512; 472;16; 8;TransformSkipFlag_Y;0
BlockStat;28; 512; 472;16; 8;Cbf_Cb;0
BlockStat;28; 512; 472;16; 8;Cbf_Cr;0
BlockStat;28; 528; 448; 8; 8;Depth;5
BlockStat;28; 528; 448; 8; 8;QT_Depth;2
BlockStat;28; 528; 448; 8; 8;BT_Depth;4
BlockStat;28; 528; 448; 8; 8;MT_Depth;3
BlockStat;28; 528; 448; 8; 8;ChromaQPAdj;0
BlockStat;28; 528; 448; 8; 8;QP;38
BlockStat;28; 528; 448; 8; 8;SplitSeries;4295713
BlockStat;28; 528; 448; 8; 8;SkipFlag;0
BlockStat;28; 528; 448; 8; 8;PredMode;0
BlockStat;28; 528; 448; 8; 8;MergeFlag;0
BlockStat;28; 528; 448; 8; 8;InterDir;1
BlockStat;28; 528; 448; 8; 8;MVPIdxL0;1
BlockStat;28; 528; 448; 8; 8;RefIdxL0;0
BlockStat;28; 528; 448; 8; 8;MVDL0;  64; -24
BlockStat;28; 528; 448; 8; 8;MVL0;  48;  -8
BlockStat;28; 528; 448; 8; 8;IMVMode;1
BlockStat;28; 528; 448; 8; 8;RootCbf;0
BlockStat;28; 528; 456; 8;16;Depth;5
BlockStat;28; 528; 456; 8;16;QT_Depth;2
BlockStat;28; 528; 456; 8;16;BT_Depth;3
BlockStat;28; 528; 456; 8;16;MT_Depth;3
BlockStat;28; 528; 456; 8;16;ChromaQPAdj;0
BlockStat;28; 528; 456; 8;16;QP;38
BlockStat;28; 528; 456; 8;16;SplitSeries;4295713
BlockStat;28; 528; 456; 8;16;SkipFlag;0
BlockStat;28; 528; 456; 8;16;PredMode;0
BlockStat;28; 528; 456; 8;16;MergeFlag;1
BlockStat;28; 528; 456; 8;16;MergeIdx;0
BlockStat;28; 528; 456; 8;16;MergeType;0
BlockStat;28; 528; 456; 8;16;MMVDMergeFlag;0
BlockStat;28; 528; 456; 8;16;AffineFlag;0
BlockStat;28; 528; 456; 8;16;MHIntraFlag;0
BlockStat;28; 528; 456; 8;16;MVPIdxL0;255
BlockStat;28; 528; 456; 8;16;RefIdxL0;0
BlockStat;28; 528; 456; 8;16;MVDL0;   0;   0
BlockStat;28; 528; 456; 8;16;MVL0; -17;  24
BlockStat;28; 528; 456; 8; 4;Cbf_Y;2
BlockStat;28; 528; 456; 8; 4;TransformSkipFlag_Y;0
BlockStat;28; 528; 456; 8; 4;Cbf_Cb;0
BlockStat;28; 528; 456; 8; 4;Cbf_Cr;0
BlockStat;28; 528; 460; 8;12;Cbf_Y;0
BlockStat;28; 528; 460; 8;12;TransformSkipFlag_Y;0
BlockStat;28; 528; 460; 8;12;Cbf_Cb;0
BlockStat;28; 528; 460; 8;12;Cbf_Cr;0
BlockStat;28; 528; 472; 8; 8;Depth;5
BlockStat;28; 528; 472; 8; 8;QT_Depth;2
BlockStat;28; 528; 472; 8; 8;BT_Depth;4
BlockStat;28; 528; 472; 8; 8;MT_Depth;3
BlockStat;28; 528; 472; 8; 8;ChromaQPAdj;0
BlockStat;28; 528; 472; 8; 8;QP;38
BlockStat;28; 528; 472; 8; 8;SplitSeries;4295713
BlockStat;28; 528; 472; 8; 8;SkipFlag;0
BlockStat;28; 528; 472; 8; 8;PredMode;1
BlockStat;28; 528; 472; 8; 8;Luma_IntraMode;0
BlockStat;28; 528; 472; 8; 8;Chroma_IntraMode;0
BlockStat;28; 528; 472; 8; 8;MultiRefIdx;0
BlockStat;28; 528; 472; 8; 8;Cbf_Y;1
BlockStat;28; 528; 472; 8; 8;TransformSkipFlag_Y;1
BlockStat;28; 528; 472; 8; 8;Cbf_Cb;0
BlockStat;28; 528; 472; 8; 8;Cbf_Cr;0
BlockStat;28; 536; 448; 8;32;Depth;4
BlockStat;28; 536; 448; 8;32;QT_Depth;2
BlockStat;28; 536; 448; 8;32;BT_Depth;2
BlockStat;28; 536; 448; 8;32;MT_Depth;2
BlockStat;28; 536; 448; 8;32;ChromaQPAdj;0
BlockStat;28; 536; 448; 8;32;QP;38
BlockStat;28; 536; 448; 8;32;SplitSeries;101409
BlockStat;28; 536; 448; 8;32;SkipFlag;0
BlockStat;28; 536; 448; 8;32;PredMode;1
BlockStat;28; 536; 448; 8;32;Luma_IntraMode;46
BlockStat;28; 536; 448; 8;32;Chroma_IntraMode;46
BlockStat;28; 536; 448; 8;32;MultiRefIdx;0
BlockStat;28; 536; 448; 8;32;Cbf_Y;0
BlockStat;28; 536; 448; 8;32;TransformSkipFlag_Y;0
BlockStat;28; 536; 448; 8;32;Cbf_Cb;0
BlockStat;28; 536; 448; 8;32;Cbf_Cr;0
BlockStat;28; 544; 448;16;32;Depth;3
BlockStat;28; 544; 448;16;32;QT_Depth;2
BlockStat;28; 544; 448;16;32;BT_Depth;1
BlockStat;28; 544; 448;16;32;MT_Depth;1
BlockStat;28; 544; 448;16;32;ChromaQPAdj;0
BlockStat;28; 544; 448;16;32;QP;38
BlockStat;28; 544; 448;16;32;SplitSeries;3105
BlockStat;28; 544; 448;16;32;SkipFlag;0
BlockStat;28; 544; 448;16;32;PredMode;1
BlockStat;28; 544; 448;16;32;Luma_IntraMode;0
BlockStat;28; 544; 448;16;32;Chroma_IntraMode;0
BlockStat;28; 544; 448;16;32;MultiRefIdx;0
BlockStat;28; 544; 448;16;32;Cbf_Y;1
BlockStat;28; 544; 448;16;32;TransformSkipFlag_Y;0
BlockStat;28; 544; 448;16;32;Cbf_Cb;0
BlockStat;28; 544; 448;16;32;Cbf_Cr;0
BlockStat;28; 560; 448;16;32;Depth;3
BlockStat;28; 560; 448;16;32;QT_Depth;2
BlockStat;28; 560; 448;16;32;BT_Depth;1
BlockStat;28; 560; 448;16;32;MT_Depth;1
BlockStat;28; 560; 448;16;32;ChromaQPAdj;0
BlockStat;28; 560; 448;16;32;QP;38
BlockStat;28; 560; 448;16;32;SplitSeries;3105
BlockStat;28; 560; 448;16;32;SkipFlag;0
BlockStat;28; 560; 448;16;32;PredMode;1
BlockStat;28; 560; 448;16;32;Luma_IntraMode;0
BlockStat;28; 560; 448;16;32;Chroma_IntraMode;0
BlockStat;28; 560; 448;16;32;MultiRefIdx;0
BlockStat;28; 560; 448;16;32;Cbf_Y;1
BlockStat;28; 560; 448;16;32;TransformSkipFlag_Y;2
BlockStat;28; 560; 448;16;32;Cbf_Cb;0
BlockStat;28; 560; 448;16;32;Cbf_Cr;0
BlockStat;28; 576; 448; 4;32;Depth;4
BlockStat;28; 576; 448; 4;32;QT_Depth;2
BlockStat;28; 576; 448; 4;32;BT_Depth;3
BlockStat;28; 576; 448; 4;32;MT_Depth;2
BlockStat;28; 576; 448; 4;32;ChromaQPAdj;0
BlockStat;28; 576; 448; 4;32;QP;38
BlockStat;28; 576; 448; 4;32;SplitSeries;166945
BlockStat;28; 576; 448; 4;32;SkipFlag;0
BlockStat;28; 576; 448; 4;32;PredMode;1
BlockStat;28; 576; 448; 4;32;Luma_IntraMode;46
BlockStat;28; 576; 448; 4;32;Chroma_IntraMode;46
BlockStat;28; 576; 448; 4;32;MultiRefIdx;0
BlockStat;28; 576; 448; 4;32;Cbf_Y;1
BlockStat;28; 576; 448; 4;32;TransformSkipFlag_Y;1
BlockStat;28; 576; 448; 4;32;Cbf_Cb;0
BlockStat;28; 576; 448; 4;32;Cbf_Cr;0
BlockStat;28; 580; 448; 8;32;Depth;4
BlockStat;28; 580; 448; 8;32;QT_Depth;2
BlockStat;28; 580; 448; 8;32;BT_Depth;2
BlockStat;28; 580; 448; 8;32;MT_Depth;2
BlockStat;28; 580; 448; 8;32;ChromaQPAdj;0
BlockStat;28; 580; 448; 8;32;QP;38
BlockStat;28; 580; 448; 8;32;SplitSeries;166945
BlockStat;28; 580; 448; 8;32;SkipFlag;0
BlockStat;28; 580; 448; 8;32;PredMode;1
BlockStat;28; 580; 448; 8;32;Luma_IntraMode;19
BlockStat;28; 580; 448; 8;32;Chroma_IntraMode;19
BlockStat;28; 580; 448; 8;32;MultiRefIdx;0
BlockStat;28; 580; 448; 8;32;Cbf_Y;1
BlockStat;28; 580; 448; 8;32;TransformSkipFlag_Y;0
BlockStat;28; 580; 448; 8;32;Cbf_Cb;0
BlockStat;28; 580; 448; 8;32;Cbf_Cr;0
BlockStat;28; 588; 448; 4;32;Depth;4
BlockStat;28; 588; 448; 4;32;QT_Depth;2
BlockStat;28; 588; 448; 4;32;BT_Depth;3
BlockStat;28; 588; 448; 4;32;MT_Depth;2
BlockStat;28; 588; 448; 4;32;ChromaQPAdj;0
BlockStat;28; 588; 448; 4;32;QP;38
BlockStat;28; 588; 448; 4;32;SplitSeries;166945
BlockStat;28; 588; 448; 4;32;SkipFlag;1
BlockStat;28; 588; 448; 4;32;MMVDSkipFlag;0
BlockStat;28; 588; 448; 4;32;PredMode;0
BlockStat;28; 588; 448; 4;32;MergeIdx;0
BlockStat;28; 588; 448; 4;32;MergeType;0
BlockStat;28; 588; 448; 4;32;MMVDMergeFlag;0
BlockStat;28; 588; 448; 4;32;MVPIdxL0;255
BlockStat;28; 588; 448; 4;32;RefIdxL0;1
BlockStat;28; 588; 448; 4;32;MVDL0;   0;   0
BlockStat;28; 588; 448; 4;32;MVL0; 338;  57
BlockStat;28; 592; 448;16;32;Depth;3
BlockStat;28; 592; 448;16;32;QT_Depth;2
BlockStat;28; 592; 448;16;32;BT_Depth;1
BlockStat;28; 592; 448;16;32;MT_Depth;1
BlockStat;28; 592; 448;16;32;ChromaQPAdj;0
BlockStat;28; 592; 448;16;32;QP;38
BlockStat;28; 592; 448;16;32;SplitSeries;3105
BlockStat;28; 592; 448;16;32;SkipFlag;0
BlockStat;28; 592; 448;16;32;PredMode;1
BlockStat;28; 592; 448;16;32;Luma_IntraMode;5
BlockStat;28; 592; 448;16;32;Chroma_IntraMode;0
BlockStat;28; 592; 448;16;32;MultiRefIdx;0
BlockStat;28; 592; 448;16;32;Cbf_Y;1
BlockStat;28; 592; 448;16;32;TransformSkipFlag_Y;0
BlockStat;28; 592; 448;16;32;Cbf_Cb;0
BlockStat;28; 592; 448;16;32;Cbf_Cr;0
BlockStat;28; 608; 448;32;32;Depth;2
BlockStat;28; 608; 448;32;32;QT_Depth;2
BlockStat;28; 608; 448;32;32;BT_Depth;0
BlockStat;28; 608; 448;32;32;MT_Depth;0
BlockStat;28; 608; 448;32;32;ChromaQPAdj;0
BlockStat;28; 608; 448;32;32;QP;38
BlockStat;28; 608; 448;32;32;SplitSeries;33
BlockStat;28; 608; 448;32;32;SkipFlag;0
BlockStat;28; 608; 448;32;32;PredMode;1
BlockStat;28; 608; 448;32;32;Luma_IntraMode;3
BlockStat;28; 608; 448;32;32;Chroma_IntraMode;0
BlockStat;28; 608; 448;32;32;MultiRefIdx;0
BlockStat;28; 608; 448;32;32;Cbf_Y;0
BlockStat;28; 608; 448;32;32;TransformSkipFlag_Y;0
BlockStat;28; 608; 448;32;32;Cbf_Cb;0
BlockStat;28; 608; 448;32;32;Cbf_Cr;0
BlockStat;28; 640; 384;32;64;Depth;2
BlockStat;28; 640; 384;32;64;QT_Depth;1
BlockStat;28; 640; 384;32;64;BT_Depth;1
BlockStat;28; 640; 384;32;64;MT_Depth;1
BlockStat;28; 640; 384;32;64;ChromaQPAdj;0
BlockStat;28; 640; 384;32;64;QP;38
BlockStat;28; 640; 384;32;64;SplitSeries;97
BlockStat;28; 640; 384;32;64;SkipFlag;0
BlockStat;28; 640; 384;32;64;PredMode;0
BlockStat;28; 640; 384;32;64;MergeFlag;1
BlockStat;28; 640; 384;32;64;MergeIdx;1
BlockStat;28; 640; 384;32;64;MergeType;0
BlockStat;28; 640; 384;32;64;MMVDMergeFlag;0
BlockStat;28; 640; 384;32;64;AffineFlag;0
BlockStat;28; 640; 384;32;64;MHIntraFlag;0
BlockStat;28; 640; 384;32;64;MVPIdxL0;255
BlockStat;28; 640; 384;32;64;RefIdxL0;0
BlockStat;28; 640; 384;32;64;MVDL0;   0;   0
BlockStat;28; 640; 384;32;64;MVL0;  81;  59
BlockStat;28; 640; 384;32;64;Cbf_Y;1
BlockStat;28; 640; 384;32;64;TransformSkipFlag_Y;0
BlockStat;28; 640; 384;32;64;Cbf_Cb;0
BlockStat;28; 640; 384;32;64;Cbf_Cr;0
BlockStat;28; 672; 384;32;64;Depth;2
BlockStat;28; 672; 384;32;64;QT_Depth;1
BlockStat;28; 672; 384;32;64;BT_Depth;1
BlockStat;28; 672; 384;32;64;MT_Depth;1
BlockStat;28; 672; 384;32;64;ChromaQPAdj;0
BlockStat;28; 672; 384;32;64;QP;38
BlockStat;28; 672; 384;32;64;SplitSeries;97
BlockStat;28; 672; 384;32;64;SkipFlag;0
BlockStat;28; 672; 384;32;64;PredMode;1
BlockStat;28; 672; 384;32;64;Luma_IntraMode;0
BlockStat;28; 672; 384;32;64;Chroma_IntraMode;67
BlockStat;28; 672; 384;32;64;MultiRefIdx;0
BlockStat;28; 672; 384; 8;64;Cbf_Y;0
BlockStat;28; 672; 384; 8;64;TransformSkipFlag_Y;0
BlockStat;28;   0;   0; 0; 0;Cbf_Cb;0
BlockStat;28;   0;   0; 0; 0;Cbf_Cr;0
BlockStat;28; 680; 384; 8;64;Cbf_Y;2
BlockStat;28; 680; 384; 8;64;TransformSkipFlag_Y;0
BlockStat;28;   0;   0; 0; 0;Cbf_Cb;0
BlockStat;28;   0;   0; 0; 0;Cbf_Cr;0
BlockStat;28; 688; 384; 8;64;Cbf_Y;2
BlockStat;28; 688; 384; 8;64;TransformSkipFlag_Y;0
BlockStat;28;   0;   0; 0; 0;Cbf_Cb;0
BlockStat;28;   0;   0; 0; 0;Cbf_Cr;0
BlockStat;28; 696; 384; 8;64;Cbf_Y;2
BlockStat;28; 696; 384; 8;64;TransformSkipFlag_Y;0
BlockStat;28; 672; 384;32;64;Cbf_Cb;0
BlockStat;28; 672; 384;32;64;Cbf_Cr;0
BlockStat;28; 704; 384;16;16;Depth;4
BlockStat;28; 704; 384;16;16;QT_Depth;1
BlockStat;28; 704; 384;16;16;BT_Depth;4
BlockStat;28; 704; 384;16;16;MT_Depth;3
BlockStat;28; 704; 384;16;16;ChromaQPAdj;0
BlockStat;28; 704; 384;16;16;QP;38
BlockStat;28; 704; 384;16;16;SplitSeries;165953
BlockStat;28; 704; 384;16;16;SkipFlag;0
BlockStat;28; 704; 384;16;16;PredMode;1
BlockStat;28; 704; 384;16;16;Luma_IntraMode;4
BlockStat;28; 704; 384;16;16;Chroma_IntraMode;0
BlockStat;28; 704; 384;16;16;MultiRefIdx;0
BlockStat;28; 704; 384;16;16;Cbf_Y;0
BlockStat;28; 704; 384;16;16;TransformSkipFlag_Y;0
BlockStat;28; 704; 384;16;16;Cbf_Cb;0
BlockStat;28; 704; 384;16;16;Cbf_Cr;0
BlockStat;28; 720; 384;32;16;Depth;4
BlockStat;28; 720; 384;32;16;QT_Depth;1
BlockStat;28; 720; 384;32;16;BT_Depth;3
BlockStat;28; 720; 384;32;16;MT_Depth;3
BlockStat;28; 720; 384;32;16;ChromaQPAdj;0
BlockStat;28; 720; 384;32;16;QP;38
BlockStat;28; 720; 384;32;16;SplitSeries;165953
BlockStat;28; 720; 384;32;16;SkipFlag;0
BlockStat;28; 720; 384;32;16;PredMode;1
BlockStat;28; 720; 384;32;16;Luma_IntraMode;10
BlockStat;28; 720; 384;32;16;Chroma_IntraMode;67
BlockStat;28; 720; 384;32;16;MultiRefIdx;0
BlockStat;28; 720; 384;32;16;Cbf_Y;1
BlockStat;28; 720; 384;32;16;TransformSkipFlag_Y;0
BlockStat;28; 720; 384;32;16;Cbf_Cb;0
BlockStat;28; 720; 384;32;16;Cbf_Cr;0
BlockStat;28; 752; 384;16;16;Depth;4
BlockStat;28; 752; 384;16;16;QT_Depth;1
BlockStat;28; 752; 384;16;16;BT_Depth;4
BlockStat;28; 752; 384;16;16;MT_Depth;3
BlockStat;28; 752; 384;16;16;ChromaQPAdj;0
BlockStat;28; 752; 384;16;16;QP;38
BlockStat;28; 752; 384;16;16;SplitSeries;165953
BlockStat;28; 752; 384;16;16;SkipFlag;1
BlockStat;28; 752; 384;16;16;MMVDSkipFlag;0
BlockStat;28; 752; 384;16;16;PredMode;0
BlockStat;28; 752; 384;16;16;MergeIdx;1
BlockStat;28; 752; 384;16;16;MergeType;0
BlockStat;28; 752; 384;16;16;MMVDMergeFlag;0
BlockStat;28; 752; 384;16;16;AffineFlag;0
BlockStat;28; 752; 384;16;16;MVPIdxL0;255
BlockStat;28; 752; 384;16;16;RefIdxL0;0
BlockStat;28; 752; 384;16;16;MVDL0;   0;   0
BlockStat;28; 752; 384;16;16;MVL0;  28;  16
BlockStat;28; 704; 400;16;16;Depth;4
BlockStat;28; 704; 400;16;16;QT_Depth;1
BlockStat;28; 704; 400;16;16;BT_Depth;4
BlockStat;28; 704; 400;16;16;MT_Depth;3
BlockStat;28; 704; 400;16;16;ChromaQPAdj;0
BlockStat;28; 704; 400;16;16;QP;38
BlockStat;28; 704; 400;16;16;SplitSeries;165953
BlockStat;28; 704; 400;16;16;SkipFlag;0
BlockStat;28; 704; 400;16;16;PredMode;1
BlockStat;28; 704; 400;16;16;Luma_IntraMode;0
BlockStat;28; 704; 400;16;16;Chroma_IntraMode;0
BlockStat;28; 704; 400;16;16;MultiRefIdx;0
BlockStat;28; 704; 400;16;16;Cbf_Y;1
BlockStat;28; 704; 400;16;16;TransformSkipFlag_Y;2
BlockStat;28; 704; 400;16;16;Cbf_Cb;0
BlockStat;28; 704; 400;16;16;Cbf_Cr;0
BlockStat;28; 720; 400;32;16;Depth;4
BlockStat;28; 720; 400;32;16;QT_Depth;1
BlockStat;28; 720; 400;32;16;BT_Depth;3
BlockStat;28; 720; 400;32;16;MT_Depth;3
BlockStat;28; 720; 400;32;16;ChromaQPAdj;0
BlockStat;28; 720; 400;32;16;QP;38
BlockStat;28; 720; 400;32;16;SplitSeries;165953
BlockStat;28; 720; 400;32;16;SkipFlag;0
BlockStat;28; 720; 400;32;16;PredMode;1
BlockStat;28; 720; 400;32;16;Luma_IntraMode;58
BlockStat;28; 720; 400;32;16;Chroma_IntraMode;58
BlockStat;28; 720; 400;32;16;MultiRefIdx;0
BlockStat;28; 720; 400;32;16;Cbf_Y;1
BlockStat;28; 720; 400;32;16;TransformSkipFlag_Y;2
BlockStat;28; 720; 400;32;16;Cbf_Cb;0
BlockStat;28; 720; 400;32;16;Cbf_Cr;0
BlockStat;28; 752; 400;16;16;Depth;4
BlockStat;28; 752; 400;16;16;QT_Depth;1
BlockStat;28; 752; 400;16;16;BT_Depth;4
BlockStat;28; 752; 400;16;16;MT_Depth;3
BlockStat;28; 752; 400;16;16;ChromaQPAdj;0
BlockStat;28; 752; 400;16;16;QP;38
BlockStat;28; 752; 400;16;16;SplitSeries;165953
BlockStat;28; 752; 400;16;16;SkipFlag;1
BlockStat;28; 752; 400;16;16;MMVDSkipFlag;0
BlockStat;28; 752; 400;16;16;PredMode;0
BlockStat;28; 752; 400;16;16;MergeIdx;0
BlockStat;28; 752; 400;16;16;MergeType;0
BlockStat;28; 752; 400;16;16;MMVDMergeFlag;0
BlockStat;28; 752; 400;16;16;AffineFlag;0
BlockStat;28; 752; 400;16;16;MVPIdxL0;255
BlockStat;28; 752; 400;16;16;RefIdxL0;0
BlockStat;28; 752; 400;16;16;MVDL0;   0;   0
BlockStat;28; 752; 400;16;16;MVL0;  28;  16
BlockStat;28; 704; 416;32;16;Depth;4
BlockStat;28; 704; 416;32;16;QT_Depth;1
BlockStat;28; 704; 416;32;16;BT_Depth;3
BlockStat;28; 704; 416;32;16;MT_Depth;3
BlockStat;28; 704; 416;32;16;ChromaQPAdj;0
BlockStat;28; 704; 416;32;16;QP;38
BlockStat;28; 704; 416;32;16;SplitSeries;100417
BlockStat;28; 704; 416;32;16;SkipFlag;0
BlockStat;28; 704; 416;32;16;PredMode;1
BlockStat;28; 704; 416;32;16;Luma_IntraMode;58
BlockStat;28; 704; 416;32;16;Chroma_IntraMode;58
BlockStat;28; 704; 416;32;16;MultiRefIdx;0
BlockStat;28; 704; 416;32;16;Cbf_Y;0
BlockStat;28; 704; 416;32;16;TransformSkipFlag_Y;0
BlockStat;28; 704; 416;32;16;Cbf_Cb;0
BlockStat;28; 704; 416;32;16;Cbf_Cr;0
BlockStat;28; 736; 416;32;16;Depth;4
BlockStat;28; 736; 416;32;16;QT_Depth;1
BlockStat;28; 736; 416;32;16;BT_Depth;3
BlockStat;28; 736; 416;32;16;MT_Depth;3
BlockStat;28; 736; 416;32;16;ChromaQPAdj;0
BlockStat;28; 736; 416;32;16;QP;38
BlockStat;28; 736; 416;32;16;SplitSeries;100417
BlockStat;28; 736; 416;32;16;SkipFlag;1
BlockStat;28; 736; 416;32;16;MMVDSkipFlag;0
BlockStat;28; 736; 416;32;16;PredMode;0
BlockStat;28; 736; 416;32;16;MergeIdx;19
BlockStat;28; 736; 416;32;16;MergeType;0
BlockStat;28; 736; 416;32;16;MMVDMergeFlag;1
BlockStat;28; 736; 416;32;16;MMVDMergeIdx;19
BlockStat;28; 736; 416;32;16;MVPIdxL0;255
BlockStat;28; 736; 416;32;16;RefIdxL0;0
BlockStat;28; 736; 416;32;16;MVDL0;   0;   0
BlockStat;28; 736; 416;32;16;MVL0;  28;   0
BlockStat;28; 704; 432;32;16;Depth;4
BlockStat;28; 704; 432;32;16;QT_Depth;1
BlockStat;28; 704; 432;32;16;BT_Depth;3
BlockStat;28; 704; 432;32;16;MT_Depth;3
BlockStat;28; 704; 432;32;16;ChromaQPAdj;0
BlockStat;28; 704; 432;32;16;QP;38
BlockStat;28; 704; 432;32;16;SplitSeries;100417
BlockStat;28; 704; 432;32;16;SkipFlag;0
BlockStat;28; 704; 432;32;16;PredMode;1
BlockStat;28; 704; 432;32;16;Luma_IntraMode;63
BlockStat;28; 704; 432;32;16;Chroma_IntraMode;63
BlockStat;28; 704; 432;32;16;MultiRefIdx;0
BlockStat;28; 704; 432;32;16;Cbf_Y;1
BlockStat;28; 704; 432;32;16;TransformSkipFlag_Y;0
BlockStat;28; 704; 432;32;16;Cbf_Cb;0
BlockStat;28; 704; 432;32;16;Cbf_Cr;0
BlockStat;28; 736; 432;32;16;Depth;4
BlockStat;28; 736; 432;32;16;QT_Depth;1
BlockStat;28; 736; 432;32;16;BT_Depth;3
BlockStat;28; 736; 432;32;16;MT_Depth;3
BlockStat;28; 736; 432;32;16;ChromaQPAdj;0
BlockStat;28; 736; 432;32;16;QP;38
BlockStat;28; 736; 432;32;16;SplitSeries;100417
BlockStat;28; 736; 432;32;16;SkipFlag;0
BlockStat;28; 736; 432;32;16;PredMode;1
BlockStat;28; 736; 432;32;16;Luma_IntraMode;0
BlockStat;28; 736; 432;32;16;Chroma_IntraMode;0
BlockStat;28; 736; 432;32;16;MultiRefIdx;0
BlockStat;28; 736; 432;32;16;Cbf_Y;0
BlockStat;28; 736; 432;32;16;TransformSkipFlag_Y;0
BlockStat;28; 736; 432;32;16;Cbf_Cb;0
BlockStat;28; 736; 432;32;16;Cbf_Cr;0
BlockStat;28; 640; 448;16;32;Depth;3
BlockStat;28; 640; 448;16;32;QT_Depth;1
BlockStat;28; 640; 448;16;32;BT_Depth;3
BlockStat;28; 640; 448;16;32;MT_Depth;2
BlockStat;28; 640; 448;16;32;ChromaQPAdj;0
BlockStat;28; 640; 448;16;32;QP;38
BlockStat;28; 640; 448;16;32;SplitSeries;5185
BlockStat;28; 640; 448;16;32;SkipFlag;0
BlockStat;28; 640; 448;16;32;PredMode;1
BlockStat;28; 640; 448;16;32;Luma_IntraMode;0
BlockStat;28; 640; 448;16;32;Chroma_IntraMode;0
BlockStat;28; 640; 448;16;32;MultiRefIdx;0
BlockStat;28; 640; 448;16;32;Cbf_Y;0
BlockStat;28; 640; 448;16;32;TransformSkipFlag_Y;0
BlockStat;28; 640; 448;16;32;Cbf_Cb;0
BlockStat;28; 640; 448;16;32;Cbf_Cr;0
BlockStat;28; 656; 448;16;16;Depth;5
BlockStat;28; 656; 448;16;16;QT_Depth;1
BlockStat;28; 656; 448;16;16;BT_Depth;4
BlockStat;28; 656; 448;16;16;MT_Depth;4
BlockStat;28; 656; 448;16;16;ChromaQPAdj;0
BlockStat;28; 656; 448;16;16;QP;38
BlockStat;28; 656; 448;16;16;SplitSeries;3216449
BlockStat;28; 656; 448;16;16;SkipFlag;0
BlockStat;28; 656; 448;16;16;PredMode;1
BlockStat;28; 656; 448;16;16;Luma_IntraMode;66
BlockStat;28; 656; 448;16;16;Chroma_IntraMode;66
BlockStat;28; 656; 448;16;16;MultiRefIdx;0
BlockStat;28; 656; 448;16;16;Cbf_Y;0
BlockStat;28; 656; 448;16;16;TransformSkipFlag_Y;0
BlockStat;28; 656; 448;16;16;Cbf_Cb;0
BlockStat;28; 656; 448;16;16;Cbf_Cr;0
BlockStat;28; 672; 448;16;16;Depth;5
BlockStat;28; 672; 448;16;16;QT_Depth;1
BlockStat;28; 672; 448;16;16;BT_Depth;4
BlockStat;28; 672; 448;16;16;MT_Depth;4
BlockStat;28; 672; 448;16;16;ChromaQPAdj;0
BlockStat;28; 672; 448;16;16;QP;38
BlockStat;28; 672; 448;16;16;SplitSeries;3216449
BlockStat;28; 672; 448;16;16;SkipFlag;0
BlockStat;28; 672; 448;16;16;PredMode;1
BlockStat;28; 672; 448;16;16;Luma_IntraMode;4
BlockStat;28; 672; 448;16;16;Chroma_IntraMode;0
BlockStat;28; 672; 448;16;16;MultiRefIdx;0
BlockStat;28; 672; 448;16;16;Cbf_Y;0
BlockStat;28; 672; 448;16;16;TransformSkipFlag_Y;0
BlockStat;28; 672; 448;16;16;Cbf_Cb;0
BlockStat;28; 672; 448;16;16;Cbf_Cr;0
BlockStat;28; 656; 464;32;16;Depth;4
BlockStat;28; 656; 464;32;16;QT_Depth;1
BlockStat;28; 656; 464;32;16;BT_Depth;3
BlockStat;28; 656; 464;32;16;MT_Depth;3
BlockStat;28; 656; 464;32;16;ChromaQPAdj;0
BlockStat;28; 656; 464;32;16;QP;38
BlockStat;28; 656; 464;32;16;SplitSeries;70721
BlockStat;28; 656; 464;32;16;SkipFlag;0
BlockStat;28; 656; 464;32;16;PredMode;1
BlockStat;28; 656; 464;32;16;Luma_IntraMode;56
BlockStat;28; 656; 464;32;16;Chroma_IntraMode;56
BlockStat;28; 656; 464;32;16;MultiRefIdx;0
BlockStat;28; 656; 464; 8;16;Cbf_Y;2
BlockStat;28; 656; 464; 8;16;TransformSkipFlag_Y;0
BlockStat;28;   0;   0; 0; 0;Cbf_Cb;0
BlockStat;28;   0;   0; 0; 0;Cbf_Cr;0
BlockStat;28; 664; 464; 8;16;Cbf_Y;2
BlockStat;28; 664; 464; 8;16;TransformSkipFlag_Y;0
BlockStat;28;   0;   0; 0; 0;Cbf_Cb;0
BlockStat;28;   0;   0; 0; 0;Cbf_Cr;0
BlockStat;28; 672; 464; 8;16;Cbf_Y;2
BlockStat;28; 672; 464; 8;16;TransformSkipFlag_Y;0
BlockStat;28;   0;   0; 0; 0;Cbf_Cb;0
BlockStat;28;   0;   0; 0; 0;Cbf_Cr;0
BlockStat;28; 680; 464; 8;16;Cbf_Y;2
BlockStat;28; 680; 464; 8;16;TransformSkipFlag_Y;0
BlockStat;28; 656; 464;32;16;Cbf_Cb;0
BlockStat;28; 656; 464;32;16;Cbf_Cr;0
BlockStat;28; 688; 448;16;16;Depth;4
BlockStat;28; 688; 448;16;16;QT_Depth;1
BlockStat;28; 688; 448;16;16;BT_Depth;4
BlockStat;28; 688; 448;16;16;MT_Depth;3
BlockStat;28; 688; 448;16;16;ChromaQPAdj;0
BlockStat;28; 688; 448;16;16;QP;38
BlockStat;28; 688; 448;16;16;SplitSeries;70721
BlockStat;28; 688; 448;16;16;SkipFlag;0
BlockStat;28; 688; 448;16;16;PredMode;1
BlockStat;28; 688; 448;16;16;Luma_IntraMode;10
BlockStat;28; 688; 448;16;16;Chroma_IntraMode;0
BlockStat;28; 688; 448;16;16;MultiRefIdx;0
BlockStat;28; 688; 448;16;16;Cbf_Y;0
BlockStat;28; 688; 448;16;16;TransformSkipFlag_Y;0
BlockStat;28; 688; 448;16;16;Cbf_Cb;0
BlockStat;28; 688; 448;16;16;Cbf_Cr;0
BlockStat;28; 688; 464;16; 4;Depth;5
BlockStat;28; 688; 464;16; 4;QT_Depth;1
BlockStat;28; 688; 464;16; 4;BT_Depth;6
BlockStat;28; 688; 464;16; 4;MT_Depth;4
BlockStat;28; 688; 464;16; 4;ChromaQPAdj;0
BlockStat;28; 688; 464;16; 4;QP;38
BlockStat;28; 688; 464;16; 4;SplitSeries;4265025
BlockStat;28; 688; 464;16; 4;SkipFlag;1
BlockStat;28; 688; 464;16; 4;MMVDSkipFlag;0
BlockStat;28; 688; 464;16; 4;PredMode;0
BlockStat;28; 688; 464;16; 4;MergeIdx;0
BlockStat;28; 688; 464;16; 4;MergeType;0
BlockStat;28; 688; 464;16; 4;MMVDMergeFlag;0
BlockStat;28; 688; 464;16; 4;MVPIdxL0;255
BlockStat;28; 688; 464;16; 4;RefIdxL0;0
BlockStat;28; 688; 464;16; 4;MVDL0;   0;   0
BlockStat;28; 688; 464;16; 4;MVL0;  28;   0
BlockStat;28; 688; 468;16; 8;Depth;5
BlockStat;28; 688; 468;16; 8;QT_Depth;1
BlockStat;28; 688; 468;16; 8;BT_Depth;5
BlockStat;28; 688; 468;16; 8;MT_Depth;4
BlockStat;28; 688; 468;16; 8;ChromaQPAdj;0
BlockStat;28; 688; 468;16; 8;QP;38
BlockStat;28; 688; 468;16; 8;SplitSeries;4265025
BlockStat;28; 688; 468;16; 8;SkipFlag;0
BlockStat;28; 688; 468;16; 8;PredMode;1
BlockStat;28; 688; 468;16; 8;Luma_IntraMode;56
BlockStat;28; 688; 468;16; 8;Chroma_IntraMode;56
BlockStat;28; 688; 468;16; 8;MultiRefIdx;0
BlockStat;28; 688; 468;16; 8;Cbf_Y;1
BlockStat;28; 688; 468;16; 8;TransformSkipFlag_Y;0
BlockStat;28; 688; 468;16; 8;Cbf_Cb;1
BlockStat;28; 688; 468;16; 8;Cbf_Cr;1
BlockStat;28; 688; 476;16; 4;Depth;5
BlockStat;28; 688; 476;16; 4;QT_Depth;1
BlockStat;28; 688; 476;16; 4;BT_Depth;6
BlockStat;28; 688; 476;16; 4;MT_Depth;4
BlockStat;28; 688; 476;16; 4;ChromaQPAdj;0
BlockStat;28; 688; 476;16; 4;QP;38
BlockStat;28; 688; 476;16; 4;SplitSeries;4265025
BlockStat;28; 688; 476;16; 4;SkipFlag;0
BlockStat;28; 688; 476;16; 4;PredMode;1
BlockStat;28; 688; 476;16; 4;Luma_IntraMode;10
BlockStat;28; 688; 476;16; 4;Chroma_IntraMode;10
BlockStat;28; 688; 476;16; 4;MultiRefIdx;0
BlockStat;28; 688; 476;16; 4;Cbf_Y;1
BlockStat;28; 688; 476;16; 4;TransformSkipFlag_Y;0
BlockStat;28; 688; 476;16; 4;Cbf_Cb;0
BlockStat;28; 688; 476;16; 4;Cbf_Cr;0
BlockStat;28; 704; 448;16;16;Depth;3
BlockStat;28; 704; 448;16;16;QT_Depth;3
BlockStat;28; 704; 448;16;16;BT_Depth;0
BlockStat;28; 704; 448;16;16;MT_Depth;0
BlockStat;28; 704; 448;16;16;ChromaQPAdj;0
BlockStat;28; 704; 448;16;16;QP;38
BlockStat;28; 704; 448;16;16;SplitSeries;1057
BlockStat;28; 704; 448;16;16;SkipFlag;0
BlockStat;28; 704; 448;16;16;PredMode;0
BlockStat;28; 704; 448;16;16;MergeFlag;0
BlockStat;28; 704; 448;16;16;InterDir;1
BlockStat;28; 704; 448;16;16;AffineFlag;0
BlockStat;28; 704; 448;16;16;MVPIdxL0;1
BlockStat;28; 704; 448;16;16;RefIdxL0;0
BlockStat;28; 704; 448;16;16;MVDL0;   0; -28
BlockStat;28; 704; 448;16;16;MVL0;  52; -44
BlockStat;28; 704; 448;16;16;IMVMode;1
BlockStat;28; 704; 448;16;16;RootCbf;1
BlockStat;28; 704; 448;16;16;Cbf_Y;1
BlockStat;28; 704; 448;16;16;TransformSkipFlag_Y;1
BlockStat;28; 704; 448;16;16;Cbf_Cb;0
BlockStat;28; 704; 448;16;16;Cbf_Cr;0
BlockStat;28; 720; 448;16;16;Depth;3
BlockStat;28; 720; 448;16;16;QT_Depth;3
BlockStat;28; 720; 448;16;16;BT_Depth;0
BlockStat;28; 720; 448;16;16;MT_Depth;0
BlockStat;28; 720; 448;16;16;ChromaQPAdj;0
BlockStat;28; 720; 448;16;16;QP;38
BlockStat;28; 720; 448;16;16;SplitSeries;1057
BlockStat;28; 720; 448;16;16;SkipFlag;1
BlockStat;28; 720; 448;16;16;MMVDSkipFlag;0
BlockStat;28; 720; 448;16;16;PredMode;0
BlockStat;28; 720; 448;16;16;MergeIdx;0
BlockStat;28; 720; 448;16;16;MergeType;0
BlockStat;28; 720; 448;16;16;MMVDMergeFlag;0
BlockStat;28; 720; 448;16;16;AffineFlag;0
BlockStat;28; 720; 448;16;16;MVPIdxL0;255
BlockStat;28; 720; 448;16;16;RefIdxL0;0
BlockStat;28; 720; 448;16;16;MVDL0;   0;   0
BlockStat;28; 720; 448;16;16;MVL0;  52; -44
BlockStat;28; 704; 464; 8;16;Depth;4
BlockStat;28; 704; 464; 8;16;QT_Depth;3
BlockStat;28; 704; 464; 8;16;BT_Depth;1
BlockStat;28; 704; 464; 8;16;MT_Depth;1
BlockStat;28; 704; 464; 8;16;ChromaQPAdj;0
BlockStat;28; 704; 464; 8;16;QP;38
BlockStat;28; 704; 464; 8;16;SplitSeries;99361
BlockStat;28; 704; 464; 8;16;SkipFlag;0
BlockStat;28; 704; 464; 8;16;PredMode;1
BlockStat;28; 704; 464; 8;16;Luma_IntraMode;65
BlockStat;28; 704; 464; 8;16;Chroma_IntraMode;65
BlockStat;28; 704; 464; 8;16;MultiRefIdx;0
BlockStat;28; 704; 464; 8;16;Cbf_Y;1
BlockStat;28; 704; 464; 8;16;TransformSkipFlag_Y;1
BlockStat;28; 704; 464; 8;16;Cbf_Cb;0
BlockStat;28; 704; 464; 8;16;Cbf_Cr;0
BlockStat;28; 712; 464; 4;16;Depth;5
BlockStat;28; 712; 464; 4;16;QT_Depth;3
BlockStat;28; 712; 464; 4;16;BT_Depth;2
BlockStat;28; 712; 464; 4;16;MT_Depth;2
BlockStat;28; 712; 464; 4;16;ChromaQPAdj;0
BlockStat;28; 712; 464; 4;16;QP;38
BlockStat;28; 712; 464; 4;16;SplitSeries;3245089
BlockStat;28; 712; 464; 4;16;SkipFlag;0
BlockStat;28; 712; 464; 4;16;PredMode;1
BlockStat;28; 712; 464; 4;16;Luma_IntraMode;4
BlockStat;28; 712; 464; 4;16;Chroma_IntraMode;67
BlockStat;28; 712; 464; 4;16;MultiRefIdx;0
BlockStat;28; 712; 464; 4;16;Cbf_Y;1
BlockStat;28; 712; 464; 4;16;TransformSkipFlag_Y;0
BlockStat;28; 712; 464; 4;16;Cbf_Cb;0
BlockStat;28; 712; 464; 4;16;Cbf_Cr;0
BlockStat;28; 716; 464; 4;16;Depth;5
BlockStat;28; 716; 464; 4;16;QT_Depth;3
BlockStat;28; 716; 464; 4;16;BT_Depth;2
BlockStat;28; 716; 464; 4;16;MT_Depth;2
BlockStat;28; 716; 464; 4;16;ChromaQPAdj;0
BlockStat;28; 716; 464; 4;16;QP;38
BlockStat;28; 716; 464; 4;16;SplitSeries;3245089
BlockStat;28; 716; 464; 4;16;SkipFlag;0
BlockStat;28; 716; 464; 4;16;PredMode;1
BlockStat;28; 716; 464; 4;16;Luma_IntraMode;9
BlockStat;28; 716; 464; 4;16;Chroma_IntraMode;67
BlockStat;28; 716; 464; 4;16;MultiRefIdx;0
BlockStat;28; 716; 464; 4;16;Cbf_Y;0
BlockStat;28; 716; 464; 4;16;TransformSkipFlag_Y;0
BlockStat;28; 716; 464; 4;16;Cbf_Cb;0
BlockStat;28; 716; 464; 4;16;Cbf_Cr;0
BlockStat;28; 720; 464;16;16;Depth;3
BlockStat;28; 720; 464;16;16;QT_Depth;3
BlockStat;28; 720; 464;16;16;BT_Depth;0
BlockStat;28; 720; 464;16;16;MT_Depth;0
BlockStat;28; 720; 464;16;16;ChromaQPAdj;0
BlockStat;28; 720; 464;16;16;QP;38
BlockStat;28; 720; 464;16;16;SplitSeries;1057
BlockStat;28; 720; 464;16;16;SkipFlag;1
BlockStat;28; 720; 464;16;16;MMVDSkipFlag;0
BlockStat;28; 720; 464;16;16;PredMode;0
BlockStat;28; 720; 464;16;16;MergeIdx;0
BlockStat;28; 720; 464;16;16;MergeType;0
BlockStat;28; 720; 464;16;16;MMVDMergeFlag;0
BlockStat;28; 720; 464;16;16;AffineFlag;0
BlockStat;28; 720; 464;16;16;MVPIdxL0;255
BlockStat;28; 720; 464;16;16;RefIdxL0;0
BlockStat;28; 720; 464;16;16;MVDL0;   0;   0
BlockStat;28; 720; 464;16;16;MVL0;  52; -44
BlockStat;28; 736; 448;32;32;Depth;2
BlockStat;28; 736; 448;32;32;QT_Depth;2
BlockStat;28; 736; 448;32;32;BT_Depth;0
BlockStat;28; 736; 448;32;32;MT_Depth;0
BlockStat;28; 736; 448;32;32;ChromaQPAdj;0
BlockStat;28; 736; 448;32;32;QP;38
BlockStat;28; 736; 448;32;32;SplitSeries;33
BlockStat;28; 736; 448;32;32;SkipFlag;0
BlockStat;28; 736; 448;32;32;PredMode;0
BlockStat;28; 736; 448;32;32;MergeFlag;0
BlockStat;28; 736; 448;32;32;InterDir;1
BlockStat;28; 736; 448;32;32;AffineFlag;0
BlockStat;28; 736; 448;32;32;MVPIdxL0;0
BlockStat;28; 736; 448;32;32;RefIdxL0;0
BlockStat;28; 736; 448;32;32;MVDL0;   0; -48
BlockStat;28; 736; 448;32;32;MVL0;  48; -96
BlockStat;28; 736; 448;32;32;IMVMode;2
BlockStat;28; 736; 448;32;32;RootCbf;0
BlockStat;28; 768; 384;16;32;Depth;3
BlockStat;28; 768; 384;16;32;QT_Depth;2
BlockStat;28; 768; 384;16;32;BT_Depth;1
BlockStat;28; 768; 384;16;32;MT_Depth;1
BlockStat;28; 768; 384;16;32;ChromaQPAdj;0
BlockStat;28; 768; 384;16;32;QP;38
BlockStat;28; 768; 384;16;32;SplitSeries;3105
BlockStat;28; 768; 384;16;32;SkipFlag;1
BlockStat;28; 768; 384;16;32;MMVDSkipFlag;0
BlockStat;28; 768; 384;16;32;PredMode;0
BlockStat;28; 768; 384;16;32;MergeIdx;0
BlockStat;28; 768; 384;16;32;MergeType;0
BlockStat;28; 768; 384;16;32;MMVDMergeFlag;0
BlockStat;28; 768; 384;16;32;AffineFlag;1
BlockStat;28; 768; 384;16;32;MVPIdxL0;0
BlockStat;28; 768; 384;16;32;RefIdxL0;0
BlockStat;28; 768; 384;16;32;AffineMVL0;  17;  27;  14;  30;  11;  21
BlockStat;28; 784; 384;16; 8;Depth;5
BlockStat;28; 784; 384;16; 8;QT_Depth;2
BlockStat;28; 784; 384;16; 8;BT_Depth;3
BlockStat;28; 784; 384;16; 8;MT_Depth;3
BlockStat;28; 784; 384;16; 8;ChromaQPAdj;0
BlockStat;28; 784; 384;16; 8;QP;38
BlockStat;28; 784; 384;16; 8;SplitSeries;2165793
BlockStat;28; 784; 384;16; 8;SkipFlag;0
BlockStat;28; 784; 384;16; 8;PredMode;0
BlockStat;28; 784; 384;16; 8;MergeFlag;0
BlockStat;28; 784; 384;16; 8;InterDir;1
BlockStat;28; 784; 384;16; 8;MVPIdxL0;0
BlockStat;28; 784; 384;16; 8;RefIdxL0;0
BlockStat;28; 784; 384;16; 8;MVDL0;   0; -60
BlockStat;28; 784; 384;16; 8;MVL0;  12; -32
BlockStat;28; 784; 384;16; 8;IMVMode;1
BlockStat;28; 784; 384;16; 8;RootCbf;0
BlockStat;28; 784; 392;16; 8;Depth;5
BlockStat;28; 784; 392;16; 8;QT_Depth;2
BlockStat;28; 784; 392;16; 8;BT_Depth;3
BlockStat;28; 784; 392;16; 8;MT_Depth;3
BlockStat;28; 784; 392;16; 8;ChromaQPAdj;0
BlockStat;28; 784; 392;16; 8;QP;38
BlockStat;28; 784; 392;16; 8;SplitSeries;2165793
BlockStat;28; 784; 392;16; 8;SkipFlag;0
BlockStat;28; 784; 392;16; 8;PredMode;0
BlockStat;28; 784; 392;16; 8;MergeFlag;0
BlockStat;28; 784; 392;16; 8;InterDir;1
BlockStat;28; 784; 392;16; 8;MVPIdxL0;0
BlockStat;28; 784; 392;16; 8;RefIdxL0;0
BlockStat;28; 784; 392;16; 8;MVDL0; -20;  12
BlockStat;28; 784; 392;16; 8;MVL0;  -8;  36
BlockStat;28; 784; 392;16; 8;IMVMode;1
BlockStat;28; 784; 392;16; 8;RootCbf;0
BlockStat;28; 784; 400;16;16;Depth;4
BlockStat;28; 784; 400;16;16;QT_Depth;2
BlockStat;28; 784; 400;16;16;BT_Depth;2
BlockStat;28; 784; 400;16;16;MT_Depth;2
BlockStat;28; 784; 400;16;16;ChromaQPAdj;0
BlockStat;28; 784; 400;16;16;QP;38
BlockStat;28; 784; 400;16;16;SplitSeries;68641
BlockStat;28; 784; 400;16;16;SkipFlag;0
BlockStat;28; 784; 400;16;16;PredMode;1
BlockStat;28; 784; 400;16;16;Luma_IntraMode;59
BlockStat;28; 784; 400;16;16;Chroma_IntraMode;67
BlockStat;28; 784; 400;16;16;MultiRefIdx;0
BlockStat;28; 784; 400;16;16;Cbf_Y;1
BlockStat;28; 784; 400;16;16;TransformSkipFlag_Y;0
BlockStat;28; 784; 400;16;16;Cbf_Cb;0
BlockStat;28; 784; 400;16;16;Cbf_Cr;0
BlockStat;28; 800; 384; 4;16;Depth;5
BlockStat;28; 800; 384; 4;16;QT_Depth;2
BlockStat;28; 800; 384; 4;16;BT_Depth;4
BlockStat;28; 800; 384; 4;16;MT_Depth;3
BlockStat;28; 800; 384; 4;16;ChromaQPAdj;0
BlockStat;28; 800; 384; 4;16;QP;38
BlockStat;28; 800; 384; 4;16;SplitSeries;5311521
BlockStat;28; 800; 384; 4;16;SkipFlag;0
BlockStat;28; 800; 384; 4;16;PredMode;1
BlockStat;28; 800; 384; 4;16;Luma_IntraMode;58
BlockStat;28; 800; 384; 4;16;Chroma_IntraMode;58
BlockStat;28; 800; 384; 4;16;MultiRefIdx;0
BlockStat;28; 800; 384; 4; 4;Cbf_Y;0
BlockStat;28; 800; 384; 4; 4;TransformSkipFlag_Y;0
BlockStat;28;   0;   0; 0; 0;Cbf_Cb;0
BlockStat;28;   0;   0; 0; 0;Cbf_Cr;0
BlockStat;28; 800; 388; 4; 4;Cbf_Y;0
BlockStat;28; 800; 388; 4; 4;TransformSkipFlag_Y;0
BlockStat;28;   0;   0; 0; 0;Cbf_Cb;0
BlockStat;28;   0;   0; 0; 0;Cbf_Cr;0
BlockStat;28; 800; 392; 4; 4;Cbf_Y;2
BlockStat;28; 800; 392; 4; 4;TransformSkipFlag_Y;0
BlockStat;28;   0;   0; 0; 0;Cbf_Cb;0
BlockStat;28;   0;   0; 0; 0;Cbf_Cr;0
BlockStat;28; 800; 396; 4; 4;Cbf_Y;2
BlockStat;28; 800; 396; 4; 4;TransformSkipFlag_Y;0
BlockStat;28; 800; 384; 4;16;Cbf_Cb;0
BlockStat;28; 800; 384; 4;16;Cbf_Cr;0
BlockStat;28; 804; 384; 8;16;Depth;5
BlockStat;28; 804; 384; 8;16;QT_Depth;2
BlockStat;28; 804; 384; 8;16;BT_Depth;3
BlockStat;28; 804; 384; 8;16;MT_Depth;3
BlockStat;28; 804; 384; 8;16;ChromaQPAdj;0
BlockStat;28; 804; 384; 8;16;QP;38
BlockStat;28; 804; 384; 8;16;SplitSeries;5311521
BlockStat;28; 804; 384; 8;16;SkipFlag;1
BlockStat;28; 804; 384; 8;16;MMVDSkipFlag;0
BlockStat;28; 804; 384; 8;16;PredMode;0
BlockStat;28; 804; 384; 8;16;MergeIdx;0
BlockStat;28; 804; 384; 8;16;MergeType;0
BlockStat;28; 804; 384; 8;16;MMVDMergeFlag;0
BlockStat;28; 804; 384; 8;16;AffineFlag;0
BlockStat;28; 804; 384; 8;16;MVPIdxL0;255
BlockStat;28; 804; 384; 8;16;RefIdxL0;0
BlockStat;28; 804; 384; 8;16;MVDL0;   0;   0
BlockStat;28; 804; 384; 8;16;MVL0; -17;  25
BlockStat;28; 812; 384; 4;16;Depth;5
BlockStat;28; 812; 384; 4;16;QT_Depth;2
BlockStat;28; 812; 384; 4;16;BT_Depth;4
BlockStat;28; 812; 384; 4;16;MT_Depth;3
BlockStat;28; 812; 384; 4;16;ChromaQPAdj;0
BlockStat;28; 812; 384; 4;16;QP;38
BlockStat;28; 812; 384; 4;16;SplitSeries;5311521
BlockStat;28; 812; 384; 4;16;SkipFlag;1
BlockStat;28; 812; 384; 4;16;MMVDSkipFlag;0
BlockStat;28; 812; 384; 4;16;PredMode;0
BlockStat;28; 812; 384; 4;16;MergeIdx;0
BlockStat;28; 812; 384; 4;16;MergeType;0
BlockStat;28; 812; 384; 4;16;MMVDMergeFlag;0
BlockStat;28; 812; 384; 4;16;MVPIdxL0;255
BlockStat;28; 812; 384; 4;16;RefIdxL0;0
BlockStat;28; 812; 384; 4;16;MVDL0;   0;   0
BlockStat;28; 812; 384; 4;16;MVL0; -17;  25
BlockStat;28; 800; 400;16;16;Depth;4
BlockStat;28; 800; 400;16;16;QT_Depth;2
BlockStat;28; 800; 400;16;16;BT_Depth;2
BlockStat;28; 800; 400;16;16;MT_Depth;2
BlockStat;28; 800; 400;16;16;ChromaQPAdj;0
BlockStat;28; 800; 400;16;16;QP;38
BlockStat;28; 800; 400;16;16;SplitSeries;68641
BlockStat;28; 800; 400;16;16;SkipFlag;1
BlockStat;28; 800; 400;16;16;MMVDSkipFlag;0
BlockStat;28; 800; 400;16;16;PredMode;0
BlockStat;28; 800; 400;16;16;MergeIdx;0
BlockStat;28; 800; 400;16;16;MergeType;0
BlockStat;28; 800; 400;16;16;MMVDMergeFlag;0
BlockStat;28; 800; 400;16;16;AffineFlag;0
BlockStat;28; 800; 400;16;16;MVPIdxL0;255
BlockStat;28; 800; 400;16;16;RefIdxL0;0
BlockStat;28; 800; 400;16;16;MVDL0;   0;   0
BlockStat;28; 800; 400;16;16;MVL0; -17;  25
BlockStat;28; 816; 384;16;32;Depth;3
BlockStat;28; 816; 384;16;32;QT_Depth;2
BlockStat;28; 816; 384;16;32;BT_Depth;1
BlockStat;28; 816; 384;16;32;MT_Depth;1
BlockStat;28; 816; 384;16;32;ChromaQPAdj;0
BlockStat;28; 816; 384;16;32;QP;38
BlockStat;28; 816; 384;16;32;SplitSeries;3105
BlockStat;28; 816; 384;16;32;SkipFlag;1
BlockStat;28; 816; 384;16;32;MMVDSkipFlag;0
BlockStat;28; 816; 384;16;32;PredMode;0
BlockStat;28; 816; 384;16;32;MergeIdx;0
BlockStat;28; 816; 384;16;32;MergeType;0
BlockStat;28; 816; 384;16;32;MMVDMergeFlag;0
BlockStat;28; 816; 384;16;32;AffineFlag;0
BlockStat;28; 816; 384;16;32;MVPIdxL0;255
BlockStat;28; 816; 384;16;32;RefIdxL0;0
BlockStat;28; 816; 384;16;32;MVDL0;   0;   0
BlockStat;28; 816; 384;16;32;MVL0; -17;  25
BlockStat;28; 768; 416; 8;32;Depth;3
BlockStat;28; 768; 416; 8;32;QT_Depth;2
BlockStat;28; 768; 416; 8;32;BT_Depth;2
BlockStat;28; 768; 416; 8;32;MT_Depth;1
BlockStat;28; 768; 416; 8;32;ChromaQPAdj;0
BlockStat;28; 768; 416; 8;32;QP;38
BlockStat;28; 768; 416; 8;32;SplitSeries;5153
BlockStat;28; 768; 416; 8;32;SkipFlag;1
BlockStat;28; 768; 416; 8;32;MMVDSkipFlag;0
BlockStat;28; 768; 416; 8;32;PredMode;0
BlockStat;28; 768; 416; 8;32;MergeIdx;0
BlockStat;28; 768; 416; 8;32;MergeType;0
BlockStat;28; 768; 416; 8;32;MMVDMergeFlag;0
BlockStat;28; 768; 416; 8;32;AffineFlag;0
BlockStat;28; 768; 416; 8;32;MVPIdxL0;255
BlockStat;28; 768; 416; 8;32;RefIdxL0;0
BlockStat;28; 768; 416; 8;32;MVDL0;   0;   0
BlockStat;28; 768; 416; 8;32;MVL0;  10;  22
BlockStat;28; 776; 416; 8;16;Depth;5
BlockStat;28; 776; 416; 8;16;QT_Depth;2
BlockStat;28; 776; 416; 8;16;BT_Depth;3
BlockStat;28; 776; 416; 8;16;MT_Depth;3
BlockStat;28; 776; 416; 8;16;ChromaQPAdj;0
BlockStat;28; 776; 416; 8;16;QP;38
BlockStat;28; 776; 416; 8;16;SplitSeries;3216417
BlockStat;28; 776; 416; 8;16;SkipFlag;1
BlockStat;28; 776; 416; 8;16;MMVDSkipFlag;0
BlockStat;28; 776; 416; 8;16;PredMode;0
BlockStat;28; 776; 416; 8;16;MergeIdx;0
BlockStat;28; 776; 416; 8;16;MergeType;0
BlockStat;28; 776; 416; 8;16;MMVDMergeFlag;0
BlockStat;28; 776; 416; 8;16;AffineFlag;1
BlockStat;28; 776; 416; 8;16;MVPIdxL0;0
BlockStat;28; 776; 416; 8;16;RefIdxL0;0
BlockStat;28; 776; 416; 8;16;AffineMVL0;   8;  22;   7;  23;   5;  19
BlockStat;28; 784; 416; 8;16;Depth;5
BlockStat;28; 784; 416; 8;16;QT_Depth;2
BlockStat;28; 784; 416; 8;16;BT_Depth;3
BlockStat;28; 784; 416; 8;16;MT_Depth;3
BlockStat;28; 784; 416; 8;16;ChromaQPAdj;0
BlockStat;28; 784; 416; 8;16;QP;38
BlockStat;28; 784; 416; 8;16;SplitSeries;3216417
BlockStat;28; 784; 416; 8;16;SkipFlag;0
BlockStat;28; 784; 416; 8;16;PredMode;1
BlockStat;28; 784; 416; 8;16;Luma_IntraMode;58
BlockStat;28; 784; 416; 8;16;Chroma_IntraMode;58
BlockStat;28; 784; 416; 8;16;MultiRefIdx;0
BlockStat;28; 784; 416; 8;16;Cbf_Y;1
BlockStat;28; 784; 416; 8;16;TransformSkipFlag_Y;0
BlockStat;28; 784; 416; 8;16;Cbf_Cb;0
BlockStat;28; 784; 416; 8;16;Cbf_Cr;0
BlockStat;28; 776; 432;16;16;Depth;4
BlockStat;28; 776; 432;16;16;QT_Depth;2
BlockStat;28; 776; 432;16;16;BT_Depth;2
BlockStat;28; 776; 432;16;16;MT_Depth;2
BlockStat;28; 776; 432;16;16;ChromaQPAdj;0
BlockStat;28; 776; 432;16;16;QP;38
BlockStat;28; 776; 432;16;16;SplitSeries;70689
BlockStat;28; 776; 432;16;16;SkipFlag;0
BlockStat;28; 776; 432;16;16;PredMode;1
BlockStat;28; 776; 432;16;16;Luma_IntraMode;54
BlockStat;28; 776; 432;16;16;Chroma_IntraMode;54
BlockStat;28; 776; 432;16;16;MultiRefIdx;0
BlockStat;28; 776; 432;16;16;Cbf_Y;1
BlockStat;28; 776; 432;16;16;TransformSkipFlag_Y;1
BlockStat;28; 776; 432;16;16;Cbf_Cb;0
BlockStat;28; 776; 432;16;16;Cbf_Cr;0
BlockStat;28; 792; 416; 4;16;Depth;5
BlockStat;28; 792; 416; 4;16;QT_Depth;2
BlockStat;28; 792; 416; 4;16;BT_Depth;4
BlockStat;28; 792; 416; 4;16;MT_Depth;3
BlockStat;28; 792; 416; 4;16;ChromaQPAdj;0
BlockStat;28; 792; 416; 4;16;QP;38
BlockStat;28; 792; 416; 4;16;SplitSeries;2200609
BlockStat;28; 792; 416; 4;16;SkipFlag;0
BlockStat;28; 792; 416; 4;16;PredMode;0
BlockStat;28; 792; 416; 4;16;MergeFlag;1
BlockStat;28; 792; 416; 4;16;MergeIdx;0
BlockStat;28; 792; 416; 4;16;MergeType;0
BlockStat;28; 792; 416; 4;16;MMVDMergeFlag;0
BlockStat;28; 792; 416; 4;16;MHIntraFlag;1
BlockStat;28; 792; 416; 4;16;Luma_IntraMode;0
BlockStat;28; 792; 416; 4;16;Chroma_IntraMode;70
BlockStat;28; 792; 416; 4;16;MVPIdxL0;255
BlockStat;28; 792; 416; 4;16;RefIdxL0;0
BlockStat;28; 792; 416; 4;16;MVDL0;   0;   0
BlockStat;28; 792; 416; 4;16;MVL0;  10;  22
BlockStat;28; 792; 416; 4;16;Cbf_Y;1
BlockStat;28; 792; 416; 4;16;TransformSkipFlag_Y;0
BlockStat;28; 792; 416; 4;16;Cbf_Cb;0
BlockStat;28; 792; 416; 4;16;Cbf_Cr;0
BlockStat;28; 792; 432; 4;16;Depth;5
BlockStat;28; 792; 432; 4;16;QT_Depth;2
BlockStat;28; 792; 432; 4;16;BT_Depth;4
BlockStat;28; 792; 432; 4;16;MT_Depth;3
BlockStat;28; 792; 432; 4;16;ChromaQPAdj;0
BlockStat;28; 792; 432; 4;16;QP;38
BlockStat;28; 792; 432; 4;16;SplitSeries;2200609
BlockStat;28; 792; 432; 4;16;SkipFlag;1
BlockStat;28; 792; 432; 4;16;MMVDSkipFlag;0
BlockStat;28; 792; 432; 4;16;PredMode;0
BlockStat;28; 792; 432; 4;16;MergeIdx;1
BlockStat;28; 792; 432; 4;16;MergeType;0
BlockStat;28; 792; 432; 4;16;MMVDMergeFlag;0
BlockStat;28; 792; 432; 4;16;MVPIdxL0;255
BlockStat;28; 792; 432; 4;16;RefIdxL0;0
BlockStat;28; 792; 432; 4;16;MVDL0;   0;   0
BlockStat;28; 792; 432; 4;16;MVL0; -17;  25
BlockStat;28; 796; 416; 4;32;Depth;4
BlockStat;28; 796; 416; 4;32;QT_Depth;2
BlockStat;28; 796; 416; 4;32;BT_Depth;3
BlockStat;28; 796; 416; 4;32;MT_Depth;2
BlockStat;28; 796; 416; 4;32;ChromaQPAdj;0
BlockStat;28; 796; 416; 4;32;QP;38
BlockStat;28; 796; 416; 4;32;SplitSeries;103457
BlockStat;28; 796; 416; 4;32;SkipFlag;1
BlockStat;28; 796; 416; 4;32;MMVDSkipFlag;0
BlockStat;28; 796; 416; 4;32;PredMode;0
BlockStat;28; 796; 416; 4;32;MergeIdx;0
BlockStat;28; 796; 416; 4;32;MergeType;0
BlockStat;28; 796; 416; 4;32;MMVDMergeFlag;0
BlockStat;28; 796; 416; 4;32;MVPIdxL0;255
BlockStat;28; 796; 416; 4;32;RefIdxL0;0
BlockStat;28; 796; 416; 4;32;MVDL0;   0;   0
BlockStat;28; 796; 416; 4;32;MVL0; -17;  25
BlockStat;28; 800; 416;32;32;Depth;2
BlockStat;28; 800; 416;32;32;QT_Depth;2
BlockStat;28; 800; 416;32;32;BT_Depth;0
BlockStat;28; 800; 416;32;32;MT_Depth;0
BlockStat;28; 800; 416;32;32;ChromaQPAdj;0
BlockStat;28; 800; 416;32;32;QP;38
BlockStat;28; 800; 416;32;32;SplitSeries;33
BlockStat;28; 800; 416;32;32;SkipFlag;1
BlockStat;28; 800; 416;32;32;MMVDSkipFlag;0
BlockStat;28; 800; 416;32;32;PredMode;0
BlockStat;28; 800; 416;32;32;MergeIdx;0
BlockStat;28; 800; 416;32;32;MergeType;0
BlockStat;28; 800; 416;32;32;MMVDMergeFlag;0
BlockStat;28; 800; 416;32;32;AffineFlag;0
BlockStat;28; 800; 416;32;32;MVPIdxL0;255
BlockStat;28; 800; 416;32;32;RefIdxL0;0
BlockStat;28; 800; 416;32;32;MVDL0;   0;   0
BlockStat;28; 800; 416;32;32;MVL0; -17;  25
BlockStat;28; 768; 448;16;16;Depth;3
BlockStat;28; 768; 448;16;16;QT_Depth;3
BlockStat;28; 768; 448;16;16;BT_Depth;0
BlockStat;28; 768; 448;16;16;MT_Depth;0
BlockStat;28; 768; 448;16;16;ChromaQPAdj;0
BlockStat;28; 768; 448;16;16;QP;38
BlockStat;28; 768; 448;16;16;SplitSeries;1057
BlockStat;28; 768; 448;16;16;SkipFlag;0
BlockStat;28; 768; 448;16;16;PredMode;0
BlockStat;28; 768; 448;16;16;MergeFlag;1
BlockStat;28; 768; 448;16;16;MergeIdx;5
BlockStat;28; 768; 448;16;16;MergeType;0
BlockStat;28; 768; 448;16;16;MMVDMergeFlag;0
BlockStat;28; 768; 448;16;16;AffineFlag;0
BlockStat;28; 768; 448;16;16;MHIntraFlag;0
BlockStat;28; 768; 448;16;16;MVPIdxL0;255
BlockStat;28; 768; 448;16;16;RefIdxL0;0
BlockStat;28; 768; 448;16;16;MVDL0;   0;   0
BlockStat;28; 768; 448;16;16;MVL0;  15; -36
BlockStat;28; 768; 448;16;16;Cbf_Y;1
BlockStat;28; 768; 448;16;16;TransformSkipFlag_Y;1
BlockStat;28; 768; 448;16;16;Cbf_Cb;0
BlockStat;28; 768; 448;16;16;Cbf_Cr;0
BlockStat;28; 784; 448; 4;16;Depth;4
BlockStat;28; 784; 448; 4;16;QT_Depth;3
BlockStat;28; 784; 448; 4;16;BT_Depth;2
BlockStat;28; 784; 448; 4;16;MT_Depth;1
BlockStat;28; 784; 448; 4;16;ChromaQPAdj;0
BlockStat;28; 784; 448; 4;16;QP;38
BlockStat;28; 784; 448; 4;16;SplitSeries;164897
BlockStat;28; 784; 448; 4;16;SkipFlag;0
BlockStat;28; 784; 448; 4;16;PredMode;1
BlockStat;28; 784; 448; 4;16;Luma_IntraMode;59
BlockStat;28; 784; 448; 4;16;Chroma_IntraMode;59
BlockStat;28; 784; 448; 4;16;MultiRefIdx;0
BlockStat;28; 784; 448; 4;16;Cbf_Y;1
BlockStat;28; 784; 448; 4;16;TransformSkipFlag_Y;0
BlockStat;28; 784; 448; 4;16;Cbf_Cb;0
BlockStat;28; 784; 448; 4;16;Cbf_Cr;0
BlockStat;28; 788; 448; 8; 8;Depth;5
BlockStat;28; 788; 448; 8; 8;QT_Depth;3
BlockStat;28; 788; 448; 8; 8;BT_Depth;2
BlockStat;28; 788; 448; 8; 8;MT_Depth;2
BlockStat;28; 788; 448; 8; 8;ChromaQPAdj;0
BlockStat;28; 788; 448; 8; 8;QP;38
BlockStat;28; 788; 448; 8; 8;SplitSeries;2262049
BlockStat;28; 788; 448; 8; 8;SkipFlag;1
BlockStat;28; 788; 448; 8; 8;MMVDSkipFlag;0
BlockStat;28; 788; 448; 8; 8;PredMode;0
BlockStat;28; 788; 448; 8; 8;MergeIdx;0
BlockStat;28; 788; 448; 8; 8;MergeType;0
BlockStat;28; 788; 448; 8; 8;MMVDMergeFlag;0
BlockStat;28; 788; 448; 8; 8;AffineFlag;0
BlockStat;28; 788; 448; 8; 8;MVPIdxL0;255
BlockStat;28; 788; 448; 8; 8;RefIdxL0;0
BlockStat;28; 788; 448; 8; 8;MVDL0;   0;   0
BlockStat;28; 788; 448; 8; 8;MVL0; -17;  25
BlockStat;28; 788; 456; 8; 8;Depth;5
BlockStat;28; 788; 456; 8; 8;QT_Depth;3
BlockStat;28; 788; 456; 8; 8;BT_Depth;2
BlockStat;28; 788; 456; 8; 8;MT_Depth;2
BlockStat;28; 788; 456; 8; 8;ChromaQPAdj;0
BlockStat;28; 788; 456; 8; 8;QP;38
BlockStat;28; 788; 456; 8; 8;SplitSeries;2262049
BlockStat;28; 788; 456; 8; 8;SkipFlag;0
BlockStat;28; 788; 456; 8; 8;PredMode;0
BlockStat;28; 788; 456; 8; 8;MergeFlag;1
BlockStat;28; 788; 456; 8; 8;MergeIdx;0
BlockStat;28; 788; 456; 8; 8;MergeType;0
BlockStat;28; 788; 456; 8; 8;MMVDMergeFlag;0
BlockStat;28; 788; 456; 8; 8;AffineFlag;0
BlockStat;28; 788; 456; 8; 8;MHIntraFlag;0
BlockStat;28; 788; 456; 8; 8;MVPIdxL0;255
BlockStat;28; 788; 456; 8; 8;RefIdxL0;0
BlockStat;28; 788; 456; 8; 8;MVDL0;   0;   0
BlockStat;28; 788; 456; 8; 8;MVL0; -17;  25
BlockStat;28; 788; 456; 8; 8;Cbf_Y;1
BlockStat;28; 788; 456; 8; 8;TransformSkipFlag_Y;0
BlockStat;28; 788; 456; 8; 8;Cbf_Cb;0
BlockStat;28; 788; 456; 8; 8;Cbf_Cr;0
BlockStat;28; 796; 448; 4;16;Depth;4
BlockStat;28; 796; 448; 4;16;QT_Depth;3
BlockStat;28; 796; 448; 4;16;BT_Depth;2
BlockStat;28; 796; 448; 4;16;MT_Depth;1
BlockStat;28; 796; 448; 4;16;ChromaQPAdj;0
BlockStat;28; 796; 448; 4;16;QP;38
BlockStat;28; 796; 448; 4;16;SplitSeries;164897
BlockStat;28; 796; 448; 4;16;SkipFlag;1
BlockStat;28; 796; 448; 4;16;MMVDSkipFlag;0
BlockStat;28; 796; 448; 4;16;PredMode;0
BlockStat;28; 796; 448; 4;16;MergeIdx;0
BlockStat;28; 796; 448; 4;16;MergeType;0
BlockStat;28; 796; 448; 4;16;MMVDMergeFlag;0
BlockStat;28; 796; 448; 4;16;MVPIdxL0;255
BlockStat;28; 796; 448; 4;16;RefIdxL0;0
BlockStat;28; 796; 448; 4;16;MVDL0;   0;   0
BlockStat;28; 796; 448; 4;16;MVL0; -17;  25
BlockStat;28; 768; 464;16;16;Depth;3
BlockStat;28; 768; 464;16;16;QT_Depth;3
BlockStat;28; 768; 464;16;16;BT_Depth;0
BlockStat;28; 768; 464;16;16;MT_Depth;0
BlockStat;28; 768; 464;16;16;ChromaQPAdj;0
BlockStat;28; 768; 464;16;16;QP;38
BlockStat;28; 768; 464;16;16;SplitSeries;1057
BlockStat;28; 768; 464;16;16;SkipFlag;0
BlockStat;28; 768; 464;16;16;PredMode;1
BlockStat;28; 768; 464;16;16;Luma_IntraMode;57
BlockStat;28; 768; 464;16;16;Chroma_IntraMode;57
BlockStat;28; 768; 464;16;16;MultiRefIdx;0
BlockStat;28; 768; 464;16;16;Cbf_Y;1
BlockStat;28; 768; 464;16;16;TransformSkipFlag_Y;0
BlockStat;28; 768; 464;16;16;Cbf_Cb;0
BlockStat;28; 768; 464;16;16;Cbf_Cr;0
BlockStat;28; 784; 464;16; 4;Depth;4
BlockStat;28; 784; 464;16; 4;QT_Depth;3
BlockStat;28; 784; 464;16; 4;BT_Depth;2
BlockStat;28; 784; 464;16; 4;MT_Depth;1
BlockStat;28; 784; 464;16; 4;ChromaQPAdj;0
BlockStat;28; 784; 464;16; 4;QP;38
BlockStat;28; 784; 464;16; 4;SplitSeries;132129
BlockStat;28; 784; 464;16; 4;SkipFlag;0
BlockStat;28; 784; 464;16; 4;PredMode;0
BlockStat;28; 784; 464;16; 4;MergeFlag;1
BlockStat;28; 784; 464;16; 4;MergeIdx;0
BlockStat;28; 784; 464;16; 4;MergeType;0
BlockStat;28; 784; 464;16; 4;MMVDMergeFlag;0
BlockStat;28; 784; 464;16; 4;MHIntraFlag;0
BlockStat;28; 784; 464;16; 4;MVPIdxL0;255
BlockStat;28; 784; 464;16; 4;RefIdxL0;0
BlockStat;28; 784; 464;16; 4;MVDL0;   0;   0
BlockStat;28; 784; 464;16; 4;MVL0; -17;  25
BlockStat;28; 784; 464; 8; 4;Cbf_Y;2
BlockStat;28; 784; 464; 8; 4;TransformSkipFlag_Y;0
BlockStat;28; 784; 464; 8; 4;Cbf_Cb;0
BlockStat;28; 784; 464; 8; 4;Cbf_Cr;0
BlockStat;28; 792; 464; 8; 4;Cbf_Y;0
BlockStat;28; 792; 464; 8; 4;TransformSkipFlag_Y;0
BlockStat;28; 792; 464; 8; 4;Cbf_Cb;0
BlockStat;28; 792; 464; 8; 4;Cbf_Cr;0
BlockStat;28; 784; 468;16; 8;Depth;4
BlockStat;28; 784; 468;16; 8;QT_Depth;3
BlockStat;28; 784; 468;16; 8;BT_Depth;1
BlockStat;28; 784; 468;16; 8;MT_Depth;1
BlockStat;28; 784; 468;16; 8;ChromaQPAdj;0
BlockStat;28; 784; 468;16; 8;QP;38
BlockStat;28; 784; 468;16; 8;SplitSeries;132129
BlockStat;28; 784; 468;16; 8;SkipFlag;0
BlockStat;28; 784; 468;16; 8;PredMode;0
BlockStat;28; 784; 468;16; 8;MergeFlag;1
BlockStat;28; 784; 468;16; 8;MergeIdx;1
BlockStat;28; 784; 468;16; 8;MergeType;0
BlockStat;28; 784; 468;16; 8;MMVDMergeFlag;1
BlockStat;28; 784; 468;16; 8;MMVDMergeIdx;1
BlockStat;28; 784; 468;16; 8;MVPIdxL0;255
BlockStat;28; 784; 468;16; 8;RefIdxL0;0
BlockStat;28; 784; 468;16; 8;MVDL0;   0;   0
BlockStat;28; 784; 468;16; 8;MVL0; -18;  25
BlockStat;28; 784; 468;16; 8;Cbf_Y;1
BlockStat;28; 784; 468;16; 8;TransformSkipFlag_Y;0
BlockStat;28; 784; 468;16; 8;Cbf_Cb;0
BlockStat;28; 784; 468;16; 8;Cbf_Cr;0
BlockStat;28; 784; 476;16; 4;Depth;4
BlockStat;28; 784; 476;16; 4;QT_Depth;3
BlockStat;28; 784; 476;16; 4;BT_Depth;2
BlockStat;28; 784; 476;16; 4;MT_Depth;1
BlockStat;28; 784; 476;16; 4;ChromaQPAdj;0
BlockStat;28; 784; 476;16; 4;QP;38
BlockStat;28; 784; 476;16; 4;SplitSeries;132129
BlockStat;28; 784; 476;16; 4;SkipFlag;0
BlockStat;28; 784; 476;16; 4;PredMode;1
BlockStat;28; 784; 476;16; 4;Luma_IntraMode;0
BlockStat;28; 784; 476;16; 4;Chroma_IntraMode;0
BlockStat;28; 784; 476;16; 4;MultiRefIdx;0
BlockStat;28; 784; 476;16; 1;Cbf_Y;2
BlockStat;28; 784; 476;16; 1;TransformSkipFlag_Y;0
BlockStat;28;   0;   0; 0; 0;Cbf_Cb;0
BlockStat;28;   0;   0; 0; 0;Cbf_Cr;0
BlockStat;28; 784; 477;16; 1;Cbf_Y;2
BlockStat;28; 784; 477;16; 1;TransformSkipFlag_Y;0
BlockStat;28;   0;   0; 0; 0;Cbf_Cb;0
BlockStat;28;   0;   0; 0; 0;Cbf_Cr;0
BlockStat;28; 784; 478;16; 1;Cbf_Y;2
BlockStat;28; 784; 478;16; 1;TransformSkipFlag_Y;0
BlockStat;28;   0;   0; 0; 0;Cbf_Cb;0
BlockStat;28;   0;   0; 0; 0;Cbf_Cr;0
BlockStat;28; 784; 479;16; 1;Cbf_Y;2
BlockStat;28; 784; 479;16; 1;TransformSkipFlag_Y;0
BlockStat;28; 784; 476;16; 4;Cbf_Cb;0
BlockStat;28; 784; 476;16; 4;Cbf_Cr;0
BlockStat;28; 800; 448;32; 8;Depth;4
BlockStat;28; 800; 448;32; 8;QT_Depth;2
BlockStat;28; 800; 448;32; 8;BT_Depth;2
BlockStat;28; 800; 448;32; 8;MT_Depth;2
BlockStat;28; 800; 448;32; 8;ChromaQPAdj;0
BlockStat;28; 800; 448;32; 8;QP;38
BlockStat;28; 800; 448;32; 8;SplitSeries;67617
BlockStat;28; 800; 448;32; 8;SkipFlag;1
BlockStat;28; 800; 448;32; 8;MMVDSkipFlag;0
BlockStat;28; 800; 448;32; 8;PredMode;0
BlockStat;28; 800; 448;32; 8;MergeIdx;0
BlockStat;28; 800; 448;32; 8;MergeType;0
BlockStat;28; 800; 448;32; 8;MMVDMergeFlag;0
BlockStat;28; 800; 448;32; 8;AffineFlag;0
BlockStat;28; 800; 448;32; 8;MVPIdxL0;255
BlockStat;28; 800; 448;32; 8;RefIdxL0;0
BlockStat;28; 800; 448;32; 8;MVDL0;   0;   0
BlockStat;28; 800; 448;32; 8;MVL0; -17;  25
BlockStat;28; 800; 456;32; 4;Depth;5
BlockStat;28; 800; 456;32; 4;QT_Depth;2
BlockStat;28; 800; 456;32; 4;BT_Depth;3
BlockStat;28; 800; 456;32; 4;MT_Depth;3
BlockStat;28; 800; 456;32; 4;ChromaQPAdj;0
BlockStat;28; 800; 456;32; 4;QP;38
BlockStat;28; 800; 456;32; 4;SplitSeries;2164769
BlockStat;28; 800; 456;32; 4;SkipFlag;1
BlockStat;28; 800; 456;32; 4;MMVDSkipFlag;0
BlockStat;28; 800; 456;32; 4;PredMode;0
BlockStat;28; 800; 456;32; 4;MergeIdx;3
BlockStat;28; 800; 456;32; 4;MergeType;0
BlockStat;28; 800; 456;32; 4;MMVDMergeFlag;1
BlockStat;28; 800; 456;32; 4;MMVDMergeIdx;3
BlockStat;28; 800; 456;32; 4;MVPIdxL0;255
BlockStat;28; 800; 456;32; 4;RefIdxL0;0
BlockStat;28; 800; 456;32; 4;MVDL0;   0;   0
BlockStat;28; 800; 456;32; 4;MVL0; -17;  24
BlockStat;28; 800; 460;32; 4;Depth;5
BlockStat;28; 800; 460;32; 4;QT_Depth;2
BlockStat;28; 800; 460;32; 4;BT_Depth;3
BlockStat;28; 800; 460;32; 4;MT_Depth;3
BlockStat;28; 800; 460;32; 4;ChromaQPAdj;0
BlockStat;28; 800; 460;32; 4;QP;38
BlockStat;28; 800; 460;32; 4;SplitSeries;2164769
BlockStat;28; 800; 460;32; 4;SkipFlag;1
BlockStat;28; 800; 460;32; 4;MMVDSkipFlag;0
BlockStat;28; 800; 460;32; 4;PredMode;0
BlockStat;28; 800; 460;32; 4;MergeIdx;1
BlockStat;28; 800; 460;32; 4;MergeType;0
BlockStat;28; 800; 460;32; 4;MMVDMergeFlag;0
BlockStat;28; 800; 460;32; 4;MVPIdxL0;255
BlockStat;28; 800; 460;32; 4;RefIdxL0;0
BlockStat: POC 28 @( 800, 460) [32x 4] TrianglePartitioning={   0,   4,  32,   0}
BlockStat;28; 800; 464;32; 4;Depth;4
BlockStat;28; 800; 464;32; 4;QT_Depth;2
BlockStat;28; 800; 464;32; 4;BT_Depth;3
BlockStat;28; 800; 464;32; 4;MT_Depth;2
BlockStat;28; 800; 464;32; 4;ChromaQPAdj;0
BlockStat;28; 800; 464;32; 4;QP;38
BlockStat;28; 800; 464;32; 4;SplitSeries;133153
BlockStat;28; 800; 464;32; 4;SkipFlag;1
BlockStat;28; 800; 464;32; 4;MMVDSkipFlag;0
BlockStat;28; 800; 464;32; 4;PredMode;0
BlockStat;28; 800; 464;32; 4;MergeIdx;0
BlockStat;28; 800; 464;32; 4;MergeType;0
BlockStat;28; 800; 464;32; 4;MMVDMergeFlag;0
BlockStat;28; 800; 464;32; 4;MVPIdxL0;255
BlockStat;28; 800; 464;32; 4;RefIdxL0;0
BlockStat;28; 800; 464;32; 4;MVDL0;   0;   0
BlockStat;28; 800; 464;32; 4;MVL0; -17;  25
BlockStat;28; 800; 468;16; 8;Depth;5
BlockStat;28; 800; 468;16; 8;QT_Depth;2
BlockStat;28; 800; 468;16; 8;BT_Depth;3
BlockStat;28; 800; 468;16; 8;MT_Depth;3
BlockStat;28; 800; 468;16; 8;ChromaQPAdj;0
BlockStat;28; 800; 468;16; 8;QP;38
BlockStat;28; 800; 468;16; 8;SplitSeries;3278881
BlockStat;28; 800; 468;16; 8;SkipFlag;0
BlockStat;28; 800; 468;16; 8;PredMode;0
BlockStat;28; 800; 468;16; 8;MergeFlag;1
BlockStat;28; 800; 468;16; 8;MergeIdx;0
BlockStat;28; 800; 468;16; 8;MergeType;0
BlockStat;28; 800; 468;16; 8;MMVDMergeFlag;0
BlockStat;28; 800; 468;16; 8;AffineFlag;0
BlockStat;28; 800; 468;16; 8;MHIntraFlag;1
BlockStat;28; 800; 468;16; 8;Luma_IntraMode;0
BlockStat;28; 800; 468;16; 8;Chroma_IntraMode;70
BlockStat;28; 800; 468;16; 8;MVPIdxL0;255
BlockStat;28; 800; 468;16; 8;RefIdxL0;0
BlockStat;28; 800; 468;16; 8;MVDL0;   0;   0
BlockStat;28; 800; 468;16; 8;MVL0; -18;  25
BlockStat;28; 800; 468;16; 8;Cbf_Y;1
BlockStat;28; 800; 468;16; 8;TransformSkipFlag_Y;1
BlockStat;28; 800; 468;16; 8;Cbf_Cb;0
BlockStat;28; 800; 468;16; 8;Cbf_Cr;0
BlockStat;28; 816; 468;16; 8;Depth;5
BlockStat;28; 816; 468;16; 8;QT_Depth;2
BlockStat;28; 816; 468;16; 8;BT_Depth;3
BlockStat;28; 816; 468;16; 8;MT_Depth;3
BlockStat;28; 816; 468;16; 8;ChromaQPAdj;0
BlockStat;28; 816; 468;16; 8;QP;38
BlockStat;28; 816; 468;16; 8;SplitSeries;3278881
BlockStat;28; 816; 468;16; 8;SkipFlag;0
BlockStat;28; 816; 468;16; 8;PredMode;0
BlockStat;28; 816; 468;16; 8;MergeFlag;1
BlockStat;28; 816; 468;16; 8;MergeIdx;1
BlockStat;28; 816; 468;16; 8;MergeType;0
BlockStat;28; 816; 468;16; 8;MMVDMergeFlag;0
BlockStat;28; 816; 468;16; 8;AffineFlag;0
BlockStat;28; 816; 468;16; 8;MHIntraFlag;1
BlockStat;28; 816; 468;16; 8;Luma_IntraMode;0
BlockStat;28; 816; 468;16; 8;Chroma_IntraMode;70
BlockStat;28; 816; 468;16; 8;MVPIdxL0;255
BlockStat;28; 816; 468;16; 8;RefIdxL0;0
BlockStat;28; 816; 468;16; 8;MVDL0;   0;   0
BlockStat;28; 816; 468;16; 8;MVL0; -17;  25
BlockStat;28; 816; 468;16; 8;Cbf_Y;1
BlockStat;28; 816; 468;16; 8;TransformSkipFlag_Y;0
BlockStat;28; 816; 468;16; 8;Cbf_Cb;0
BlockStat;28; 816; 468;16; 8;Cbf_Cr;0
BlockStat;28; 800; 476;32; 4;Depth;4
BlockStat;28; 800; 476;32; 4;QT_Depth;2
BlockStat;28; 800; 476;32; 4;BT_Depth;3
BlockStat;28; 800; 476;32; 4;MT_Depth;2
BlockStat;28; 800; 476;32; 4;ChromaQPAdj;0
BlockStat;28; 800; 476;32; 4;QP;38
BlockStat;28; 800; 476;32; 4;SplitSeries;133153
BlockStat;28; 800; 476;32; 4;SkipFlag;0
BlockStat;28; 800; 476;32; 4;PredMode;1
BlockStat;28; 800; 476;32; 4;Luma_IntraMode;58
BlockStat;28; 800; 476;32; 4;Chroma_IntraMode;58
BlockStat;28; 800; 476;32; 4;MultiRefIdx;0
BlockStat;28; 800; 476;32; 4;Cbf_Y;1
BlockStat;28; 800; 476;32; 4;TransformSkipFlag_Y;2
BlockStat;28; 800; 476;32; 4;Cbf_Cb;0
BlockStat;28; 800; 476;32; 4;Cbf_Cr;0
# VTMBMS Block Statistics
# Sequence size: [832x 480]
# Block Statistic Type: PredMode; Integer; [0, 4]
# Block Statistic Type: Depth; Integer; [0, 7]
# Block Statistic Type: QT_Depth; Integer; [0, 7]
# Block Statistic Type: BT_Depth; Integer; [0, 7]
# Block Statistic Type: MT_Depth; Integer; [0, 7]
# Block Statistic Type: ChromaQPAdj; Integer; [-10, 10]
# Block Statistic Type: QP; Integer; [0, 51]
# Block Statistic Type: SplitSeries; Integer; [0, 18446744073709551615]
# Block Statistic Type: TransQuantBypassFlag; Flag; 
# Block Statistic Type: TransformSkipFlag_Y; Integer; 
# Block Statistic Type: BDPCM; Flag; 
# Block Statistic Type: TileIdx; Integer; 
# Block Statistic Type: IndependentSliceIdx; Integer; 
# Block Statistic Type: LFNSTIdx; Integer; [0, 3]
# Block Statistic Type: JointCbCr; Flag; 
# Block Statistic Type: CompAlphaCb; Integer; 
# Block Statistic Type: CompAlphaCr; Integer; 
# Block Statistic Type: RDPCM_Y; Integer; [0, 3]
# Block Statistic Type: RDPCM_Cb; Integer; [0, 3]
# Block Statistic Type: RDPCM_Cr; Integer; [0, 3]
# Block Statistic Type: Luma_IntraMode; Integer; [0, 70]
# Block Statistic Type: Chroma_IntraMode; Integer; [0, 70]
# Block Statistic Type: MultiRefIdx; Integer; [0, 1]
# Block Statistic Type: MIPFlag; Flag; 
# Block Statistic Type: ISPMode; Integer; [0, 3]
# Block Statistic Type: SkipFlag; Flag; 
# Block Statistic Type: RootCbf; Flag; 
# Block Statistic Type: SbtIdx; Integer; [0, 5]
# Block Statistic Type: SbtPos; Integer; [0, 2]
# Block Statistic Type: Cbf_Y; Flag; 
# Block Statistic Type: Cbf_Cb; Flag; 
# Block Statistic Type: Cbf_Cr; Flag; 
# Block Statistic Type: IMVMode; Integer; [0, 2]
# Block Statistic Type: InterDir; Integer; [1, 3]
# Block Statistic Type: MergeFlag; Flag; 
# Block Statistic Type: RegularMergeFlag; Flag; 
# Block Statistic Type: MergeIdx; Integer; [0, 7]
# Block Statistic Type: MergeType; Integer; [0, 2]
# Block Statistic Type: MVPIdxL0; Integer; [0, 1]
# Block Statistic Type: MVPIdxL1; Integer; [0, 1]
# Block Statistic Type: MVL0; Vector; Scale: 4
# Block Statistic Type: MVL1; Vector; Scale: 4
# Block Statistic Type: MVDL0; Vector; Scale: 4
# Block Statistic Type: MVDL1; Vector; Scale: 4
# Block Statistic Type: MotionBufL0; Vector; Scale: 16
# Block Statistic Type: MotionBufL1; Vector; Scale: 16
# Block Statistic Type: RefIdxL0; Integer; [0, 4]
# Block Statistic Type: RefIdxL1; Integer; [0, 4]
# Block Statistic Type: AffineFlag; Flag; 
# Block Statistic Type: AffineMVL0; AffineTFVectors; Scale: 4
# Block Statistic Type: AffineMVL1; AffineTFVectors; Scale: 4
# Block Statistic Type: AffineType; Flag; 
# Block Statistic Type: MMVDSkipFlag; Flag; 
# Block Statistic Type: MMVDMergeFlag; Flag; 
# Block Statistic Type: MMVDMergeIdx; Integer; [0, 1]
# Block Statistic Type: MHIntraFlag; Flag; 
# Block Statistic Type: SMVDFlag; Flag; 
# Block Statistic Type: TrianglePartitioning; Line; 
# Block Statistic Type: TriangleMVL0; VectorPolygon; Scale: 4
# Block Statistic Type: TriangleMVL1; VectorPolygon; Scale: 4
# Block Statistic Type: GBIIndex; Integer; [0, 4]
# Block Statistic Type: Depth_Chroma; Integer; [0, 10]
# Block Statistic Type: QT_Depth_Chroma; Integer; [0, 10]
# Block Statistic Type: BT_Depth_Chroma; Integer; [0, 10]
# Block Statistic Type: MT_Depth_Chroma; Integer; [0, 10]
# Block Statistic Type: ChromaQPAdj_Chroma; Integer; [-10, 10]
# Block Statistic Type: QP_Chroma; Integer; [0, 51]
# Block Statistic Type: SplitSeries_Chroma; Integer; [0, 18446744073709551615]
# Block Statistic Type: TransQuantBypassFlag_Chroma; Flag; 
